6,745497057891761	8,521097861149194
7,213298724751272	3,2370424016286137
8,911354255096134	6,078856104153313
4,16880538826239	0,7672204107035744
8,90007601013494	5,767456957328919
7,992999189817035	2,572005004888842
4,654902155454687	-0,7743331586890172
7,94572937295365	6,630788309481742
3,25219193715433	-0,9651537642806178
4,5422403572685255	-0,2815162594872519
8,606336843668528	5,605107203547972
6,886862587814171	6,685354297462126
3,574159243837522	1,3347264703443158
9,110272359125593	4,439025767345218
3,2639281227006185	1,7179528555230397
4,119214166388614	0,24358488884219673
10,070340192741622	6,012300436923112
9,231790668549829	4,658070800623852
8,36942398172534	5,947343917691766
8,762417365722053	4,944103381419843
8,562462832715939	6,531067902698051
8,179234381294018	6,4393105335839955
9,677557880316403	6,750688204612985
3,8958686903640825	0,4931206918964283
8,423473145871625	5,91206491232964
10,228612574753186	5,903771965959023
8,176779210622227	4,8295974652082085
3,9472353129419417	0,3635879067277915
9,206185979354363	6,612072067397268
6,388745272014036	7,541191351378872
8,013095606122631	6,455344447887971
4,155467098556499	0,3805973677327548
9,698742704516725	8,088471524085403
7,231875059988473	5,198903770499181
6,817268144847147	2,791164364263391
4,880324587827069	1,3158756529140825
8,3054736614304	5,452090401773414
8,14851613906214	6,129175267698962
7,477941860600267	8,235791816599361
3,9542066030462593	-0,07569717515095103
4,094579915269646	0,5265299673370015
9,231015754135601	7,942257093148092
7,854115242186755	5,031796168608104
6,888736598947177	5,341451673674404
8,39770771187074	5,262600763067037
9,872267402366141	3,646941227462777
10,21532264471389	3,7664485098964127
11,055986801961863	5,305310142746481
10,246870951913593	3,1612528064619294
10,736756166562985	7,059037335500103
8,692020398464164	6,159548870425588
8,136397308029206	2,967388386024541
9,387677912852197	7,092882961301033
9,174957457631464	6,046830500510165
9,576923960120155	8,240687235950766
8,195307976488515	5,834400537727759
9,702236164515323	5,421219040563173
8,767748969947096	5,23478654924131
8,013315526459719	6,348661954875699
8,34014663701484	5,668604287113057
3,0700296825863282	0,3062010630968706
7,973849567489691	6,96180274285957
9,262115326616572	6,134993522453991
9,110590035251809	5,064430706905072
9,26979505195651	7,185609890122786
5,231279540505806	-0,2682444824194776
9,0973969128735	7,507290483596467
8,9179590825415	7,182165867264041
8,277765059474834	5,991914711802812
10,127630449889361	3,5568156913342763
10,178016328868615	6,177406033345712
7,624141167129355	8,472464343037679
8,50353880050881	6,415714202126084
10,492484333232609	5,777741929231834
9,06523705855853	6,410357691067673
8,357244469962081	5,6609879472971905
6,5893445290788675	6,572556545818951
10,623400862657205	6,820020685222204
5,3531226586956935	6,513879656186915
7,594652356897277	6,2048011870273765
7,433911887925045	6,101449719989748
11,011968443172655	7,051121586686113
9,017940359293096	7,68563395516802
4,750264268784938	-0,5470073775704356
2,7773733217799523	-0,43553650610251315
6,6269128062105125	4,910293042861134
3,585182328897816	1,7839840599340082
6,480157347956289	6,375209049122515
8,493603927321372	7,3084885268371655
3,590374990695023	-0,42677861481777446
8,386213143356253	5,700680503539452
7,981960863360853	4,960887821838032
4,4526085461647735	1,0175644759460678
7,916275837006665	6,111259941532638
7,520190916673059	4,773887411688496
8,371975590910708	5,964307462983997
5,808157063997841	1,2822109058328468
7,705016762697636	9,171899364589969
8,514990046851988	5,53036882330288
8,582399712878603	6,649457662711314
7,628580743884233	6,698039079694411
10,742710397511814	5,55800724468872
8,797419590555961	5,2844258944120055
2,364260283347726	0,5556729547488728
8,86320779299128	6,68521226078416
5,495859043699979	7,29694130794276
4,327713452915413	1,7877307137133822
5,539278866674476	1,4173309615240852
4,933511818202822	-0,8791559710547601
8,275326037572558	4,853782170990531
8,710476822603798	8,864207793350332
8,35148268044936	5,757666698523952
3,424143146190487	0,4999046702487639
10,893492614987844	6,842116835001909
7,447401654973037	5,055921461334673
5,5160308001394895	1,0891890048580564
7,0976342360220155	6,988051006157982
7,622819955913826	8,609183219030434
8,778996960069177	5,5711877487460475
7,028588412068876	4,180700778022814
7,1954819942023205	3,867487841456542
7,699930243813567	5,637818846753843
10,218194616388947	7,631870552945108
6,452524815425262	4,104641068110368
9,86170613165664	5,435766192357232
7,755992405635406	4,831680581116745
7,705822172508421	6,391794581249536
4,235876374259206	0,9278665105971292
7,185129475502954	4,091027278624887
8,415379705356429	6,7485893435170405
6,009446106866676	7,7886492975158985
9,020285128517985	4,745119786706484
9,118604081292386	4,225241337491098
7,935786731718326	5,351869059781726
5,309000014299456	1,3757168728957114
8,819541072768876	7,565051600285099
7,870725446538643	5,575782467504605
7,989084620316412	5,668386506076527
4,118112811999516	-0,4376069255262438
6,493606045573851	3,434484076400825
8,246188198298148	5,417528315125316
9,931138353118893	4,282835525006646
8,685600269330404	5,729817072105088
4,8869950056386555	0,7211225814581141
6,748885316831093	8,55794499642788
7,82683099920389	5,554173592582281
8,316101882611598	6,749471063439962
7,413618643421586	6,069731810913859
8,260337640089164	3,670254810655205
9,121671961300883	6,242281453762491
8,83113462419159	6,510216543523395
7,989668491919867	4,1081510824958825
8,737138206747952	6,251200900923434
10,469556552682722	4,875974563135781
8,001251552344367	7,779361387986697
8,274900623992027	5,706291068336981
8,855983162823502	4,0305298407154435
9,047549227154972	5,234117951258803
9,150800636697202	5,545475485894209
8,56693902164937	5,489043390497057
3,3049089594126957	-0,1463976171087359
8,467787245767653	6,0243582969552305
8,758288770433488	7,317475690268073
9,050387879911407	5,536152098777352
7,318557579581214	3,9743784742162984
9,563946114761219	6,738267229037395
8,912695347942726	3,8175984424086025
8,799963265492934	4,054454300764068
5,517955660283743	7,18197674084466
8,447200515096664	5,58655878857189
6,024115598280778	8,12443103326761
8,135191488856337	4,922892133371
6,037389783628445	-0,2669334613504142
2,5743436851235852	0,06794279078160997
7,805505716816146	5,947206666972141
8,261788634444141	6,176852640189764
3,7443746766976638	-0,03313109947281395
8,2363155044694	5,8784171772731675
7,961357627841361	8,178508603039655
8,336795615210935	5,704382745397701
8,900525529027776	7,084587597747382
4,4322290536691495	0,7012117000869644
9,655614302794197	7,340065388501181
11,354505042285272	5,401774061971297
8,442820376804622	4,613399037904054
9,319819331607185	7,798927883792949
7,013784046366185	6,4402745864000215
3,0030524607660123	0,30770478937751156
9,10775555756912	3,5495400188834245
7,041114347850902	6,031476494543909
7,090325288726779	6,97238881571052
3,7842275840925965	-0,4713646765507993
8,610406503674886	3,5805504409572055
10,601989402628968	4,4479795560280015
4,922419807868742	0,4755311902752438
7,442289163787599	6,7032467344711
7,411209150113127	5,544299047103916
7,335160998602442	8,093385073656947
3,8468815738038606	-0,029085340748001898
4,380831660039444	1,9979648953984588
8,495484548698292	5,615132155264883
9,977366904187866	8,41333831665538
2,782821382108766	-0,0671868795443476
7,738988565015704	3,056261066029496
4,20750415945062	0,5796093347516421
7,701500871963341	4,792517485577044
8,350816661027332	5,318022743890206
10,185095748314167	5,2336288259338755
9,871264199871229	5,523180401934352
9,049458548243077	6,170127998378386
4,274909938313187	0,3769814330309249
8,295684413896394	5,617115315968324
4,076943346658583	0,577227037250579
4,693578046427397	-1,143994994393631
7,565756622386064	4,648682443251062
8,952320238164965	5,057082399953709
6,3838336803275455	6,262931328000008
7,823427526731219	4,580674506684692
8,570780380015524	5,981228300224951
7,717163336115576	6,284746774126034
7,933415795904768	6,56733817347042
7,991859160380715	4,094878618920001
8,631206375384695	5,714752472124381
11,197200624062667	6,4821757372540585
9,464603862982734	3,5209476745674197
8,256680343992203	5,633038506004373
7,85285252707947	4,488253046312547
5,54665672975408	4,555585973114243
8,43311690109729	5,741474374114818
8,16584243671337	5,980530091503168
4,394394683431615	0,2552212013148065
4,731411621657154	0,20621441283390268
8,580768375789567	3,528758292201076
2,9627944316147614	-0,4235813920721684
9,630285610801575	8,550265551693384
8,032429866191192	5,473209361799513
8,64564967633818	6,069459648009626
10,364272299828361	3,9930052217557006
8,842442127854408	7,608882378363943
4,718069455832029	0,8135529730576194
7,911872175618507	7,447012362428447
7,566750324880347	5,513129929936171
5,139140806638831	1,34588026318063
8,83479230028898	6,227592640414541
9,340598175009593	2,324682906660425
3,6472097156176018	-1,205430104835547
8,287311971852086	6,054198692966409
7,052724471644679	4,374671273192303
7,921556563600895	5,61038004484872
11,338083490658995	5,503856617712867
9,145683132995883	7,226521654559205
8,28239342004625	5,7010049627065555
8,206140522173676	5,024754509933424
10,428008730342775	4,6056504917653
3,3495696823701793	1,0110502208471055
8,723231429778469	4,273041772124005
6,368040578644167	4,975627708280383
3,5609654665182844	1,3773995952823008
9,612298632681652	4,632005735636691
9,409100695552823	8,478291467743567
4,500884221261988	0,5142288256987438
4,425292077921743	-0,8837691446787153
8,240810223055956	5,5718823219407145
4,925808367675148	0,6483074798624169
9,849780139293008	8,772748855048315
9,38578003005855	5,845376649746721
8,60262527968579	6,099066167351394
11,01255772310316	5,420694958163329
8,028771931376586	5,892549660696565
6,745159631304371	6,764864147846547
6,572968742583632	4,49814026493901
3,9478875401975233	0,37979806707199193
5,11281072980368	-0,35178894292509866
7,307044020453146	5,4127337897038315
8,187114202555628	9,013492957872728
7,486044563881904	9,00308247194218
8,051214304590877	5,760457962731626
4,101951943872036	0,10015407372503798
11,470958196466764	5,578503559972528
5,230634622446445	1,4335645128115144
8,818530400194952	3,2860908121144683
9,445724894629805	4,016610860480775
9,941609743325824	6,948502982970274
6,99380959410837	7,031965979575933
7,754319917413148	5,4742056164907735
8,97414980072205	5,895224982616875
6,276504324797562	4,952921300980049
8,127537805530947	5,5720091987731974
7,664121667747345	6,7358181675904705
2,847517747314777	1,2335251096992161
5,245607739370434	-0,5156918212051033
4,3422429872792065	0,5568194931385968
9,581666300103953	7,566269073190135
8,480293196126409	5,867015220672038
8,84837763232123	5,742352206889217
4,44618430021772	0,3747883219103
8,023898238045499	5,7897954661640725
10,528685755719824	4,338103552158165
6,863452221017239	7,193837500834983
9,397853332456837	2,7367034109218356
8,430316732761515	5,424044550687249
2,9258224776654904	0,334323380587378
10,088977301879181	6,075970647126135
8,906483088334372	6,434677326416864
9,4405326365206	3,145687086468609
6,797731532968237	4,08484869655725
6,862643476236265	2,792652102879143
8,066762070367883	5,070666582618079
9,251404469563377	7,031617666546505
8,310234721812838	5,723711952946433
6,4858078005567625	6,1537344156412965
9,922370445736918	7,990520618194839
8,07517321184499	6,062362838709556
9,047845817808838	7,333435934765901
6,680796987273724	4,3703907700813565
7,1783631328471715	4,642740092244125
4,624572821588259	1,371376176978346
4,057372902560734	0,9951297452988499
8,225692034219714	5,323880294002265
8,389381453670987	5,623222183862426
8,57925076810875	4,326033208026904
7,563386232277285	5,626423311561373
8,543462088417767	6,376925541101587
4,307385672645542	-0,01642146120675647
7,886195549086217	5,638469628235492
8,038930281058079	6,2618531271349545
7,541672124163641	4,302192089407427
6,182419674392352	5,776369240093263
7,868254095171009	5,131904639833041
3,7513033907087756	1,316348410184992
10,650163529718379	4,362963301050894
9,971954498453801	6,43958110288785
8,045354006232987	7,9606326878483085
9,400450426059592	5,892354412050904
8,860300501281015	5,790009807479156
8,432920179098256	6,216611994773716
6,551082676458995	7,052929005137166
8,71556652017622	5,534911215460895
8,75642379679364	5,87493065430812
7,972145216875373	7,320540803317037
6,669958036394452	3,780636547406599
4,1635523737319895	0,34200755222033424
10,130414053120317	7,872368523909579
3,7665430378073483	0,5667114119811703
7,422022648277443	5,404673250483961
7,916066611397703	8,021455063504657
8,462438507147935	5,498223767273736
3,749673943312853	0,8287302584177774
6,299995826661206	3,9306388363850244
4,359703996325582	1,2355669392388422
8,527178155505846	6,730023611930287
7,117833573162498	6,8790732270424355
4,872772267287158	1,3324984055575149
7,923073192550281	5,002178654724731
8,309376558904106	5,726098071672951
4,6204471842934405	0,2696700967057497
10,07056742216443	3,8802675197935432
8,308449997621187	5,854841830158935
4,4205320602005145	2,0506029361369196
9,35452261599678	6,621879624670407
5,501642211089905	0,9501623602276513
7,316346427782268	7,675206173109861
9,855970743402942	6,823393258056361
7,267943102146227	5,572278749699973
3,048453215188598	0,6883645702344268
3,930283081610048	1,9510605357759598
9,803233635411946	4,9235784225979895
4,111686142306637	0,5141638626221303
8,81959973100991	3,836296330565676
6,641590206560594	5,371688740891453
2,5055952183707726	0,6758312474292996
8,619765745306742	4,731519514455041
9,244754194710842	6,983733883495763
8,23855308684867	3,7759372536321623
4,25691139988805	0,24214824158195974
8,335361135101985	5,419870790896273
8,242324057624566	5,782624358328513
8,311594090705261	2,4768992027466963
8,716780502970359	5,063081504404182
4,271060837733274	0,9206692417247521
3,9507785798091493	0,549731356429314
9,139076443697608	6,992980246380522
7,25937081924094	6,768674990143308
8,093873234844958	5,636160512601489
6,714503250079441	5,952346838793658
3,9573888132803385	-0,2359279898876223
7,893928840333448	5,426926719602525
9,877169950818528	5,517636821748781
8,346510415775086	5,69534671981388
8,764360616599667	6,204788377899673
6,760615468647348	5,722388349403983
8,44607111986201	4,125440516123142
5,442737583748684	5,473797763757225
9,353093157510532	6,054201441805911
8,93723589981985	3,6858225336581194
6,24689358342796	4,013366398364665
8,947288286883449	6,890023639615402
6,983818291851034	6,127961724100165
8,274224696590274	5,446093812869884
4,554947778013176	-0,7056421646041491
9,476850440764295	4,840968018258074
9,482565730429451	4,109511030074254
3,781840749735443	0,6120404618287194
8,660072247466175	4,9987156544372615
4,694306499802783	0,2267523652825604
3,9908786460440724	0,6680309482309827
5,594156477498445	1,2586935664782184
7,804604524170787	7,69871669016843
8,10716519034656	7,356760065512053
5,945292923160319	5,395963786352223
9,007781827910216	7,035098511729626
8,282683476154643	3,9277777876632842
7,153256438145353	3,284972722589347
8,983020455322412	8,960677114356447
8,920925929148417	4,969871619501234
9,512012690285598	6,41322570633611
7,544906246703203	2,3654975519790544
9,064029894046163	7,911047647962835
8,11767275044693	5,391432747653703
6,973683561080064	4,556040764915837
7,642431273348732	5,653986393456477
3,4065812988029234	0,4013884612183724
8,598337830757496	7,736387905890917
6,904047557807951	5,6842008725005995
9,808081273380893	4,2483927432127855
5,426935695145458	5,193968052426694
5,711996618994013	4,578235937177619
7,155601102011687	7,676864919671615
8,398587200773049	5,7870800922231584
4,442651152408199	0,2404072670837063
10,100616098304995	6,789227390415172
8,54476500085711	4,910316900253145
3,4944365305542573	-0,5358373085968903
6,0731442143924514	4,663310513409117
2,7649985098991365	0,9793185453022046
7,396671714950823	6,664411382309127
10,359695532635882	6,845715406195572
4,734784364997812	-0,013151370123117123
8,45611996704114	7,111366944871595
8,774066143717445	3,8870962868072407
3,984399548436925	0,26474323060542476
6,7061763105003775	6,402599018414408
3,284294891031221	1,8654451185414447
7,190339374212386	3,2687582424638233
8,790511865011416	6,406998139594048
4,095553200512457	0,2925411994497902
8,482500070295165	4,286512308425262
4,205006010351433	0,7764913587469251
7,237252174343363	4,553398153852542
7,645982373287286	4,911339364753608
10,521030922567858	4,310175774904698
7,954153803918669	4,621529510637008
8,42639562921302	2,8347368577095144
10,258461548260373	4,821586420102323
3,226140496320361	0,15894817067304406
9,319685707873392	4,525588140417477
5,0463782246965	0,04243941757617525
4,297401469595607	0,054052971022846896
9,273807487228243	9,085323313487876
7,580308328163188	7,192351432102679
7,519189940781226	6,913439030299094
6,789523635013466	5,785967824956346
9,736368055049876	6,251386608241495
4,666737517526534	-0,0219524894677941
8,48446524194415	2,157338962941975
4,636073039124197	-1,1718138989209823
8,49664543153426	5,660693606381918
9,035000085828788	4,328545264179187
7,78577916957043	4,07495527379806
5,473655508913603	5,184213608449694
4,74305595275968	-0,10078676064336345
8,452117378878965	5,371622441796944
4,478919507964159	0,6636016452564195
8,277408390248048	5,273158218626923
9,58971165153762	5,55109087084443
8,576955369303016	5,128875482345241
8,253658583117236	5,865619169235827
8,358267168839484	6,868124077128497
4,494389574266284	-0,08717184379441423
5,920800875846377	6,414787079390019
9,150865475122767	5,618125689116762
8,214484038464805	5,258902033576348
8,849365172411163	4,100888606714925
8,173484729870038	4,9097074221512145
8,366248304728773	5,948558914777446
7,734403308709368	5,6639432141986354
6,64541506810322	5,1636495901511985
8,470025795389596	5,735124383748597
7,864284366955137	4,50041573012493
5,757302281230647	3,976827375392099
8,024719711954997	5,273801260446833
8,325315455055724	5,938892760280268
8,470108170302394	8,40190220542294
9,04462290726182	6,223317597649538
7,921485421166301	6,4071381105821
8,705490970845554	5,67129748364117
9,383259988877032	3,524849919477552
8,367586226489495	4,742607160829075
8,55046737595867	4,589894169570076
8,394729378199667	4,913363535890816
7,9668065430738055	6,632304368535433
3,17100959133691	0,7020653976272715
7,984960431276032	7,070254628907439
3,6836479517712215	0,8766397043413852
6,478236984486911	8,353530220831924
5,123128920534186	0,49037061743155047
8,017348028008962	5,5699958794846225
3,1444015172594857	0,06966020393238642
8,89010716303089	2,3833282390924997
8,818336332829096	2,80696692287091
4,262054619469618	0,732092255901911
9,037097424721255	6,023728970980998
8,424048016673561	5,866069730235612
4,108473576057435	0,3723574883355627
5,117178902401469	1,205845253499365
3,8442834788283107	-0,5786563917445807
8,275172001261259	5,712931068196552
8,215245764372252	3,248974528987148
7,231916438166321	3,2907148011865903
8,312313385544973	5,622484006504578
8,749005682613056	4,669668439098999
8,102729340275442	6,4564687147025674
7,311770445171917	4,201721634105952
8,59254861113655	5,451823044646995
8,924020869142089	5,154125353390101
10,642346121663568	7,288887340831761
7,072969339576634	8,770429022635053
7,730035779545826	7,1056543475764045
10,136351448914729	8,288938325387065
8,465695409810984	5,126180996594194
9,21774235797153	5,403525045529421
3,4732603530473076	0,9668454201598347
6,902660404337495	4,186952519789963
7,7165005602748	5,691760278984863
8,125500298685852	5,591540651993411
3,8712246466056133	0,8758457174109284
8,420812005025248	5,515431256710035
8,34867812552094	5,6323813738513655
7,706241705780024	4,759712274598506
8,237610905079782	8,371174599376413
3,94772006038152	1,634822309033803
5,799674883127425	4,411849743156026
4,139873308367878	0,1418994371695635
10,09456260541305	5,682201044163098
8,644829369343809	3,8582642395442663
4,419114246521558	1,2658276309839196
8,074034457887652	5,53397704001208
9,804046557690988	6,295385403860051
7,559370948421915	5,257132649054026
3,4514980332297682	0,0623331496324564
7,7915670393547085	5,24154606796355
2,6409131878415577	0,633197108596536
5,733922561867183	-0,0387236006645123
4,391667545358893	-0,18195030274370594
3,649077185343658	0,8445285268872222
5,318517109936406	0,4568496078942905
9,154205955332122	3,8806925843730133
8,821854530706846	5,179016216470753
7,787458897342468	6,465757471829115
9,310464820426201	4,09091546478712
7,952787245633637	5,10929709956397
3,4182306474792896	1,7871383203240705
9,23445093719455	4,188397362118993
10,15967091135317	6,120289434935121
7,830072337113921	6,664093315698967
5,9196955255752615	7,787905691267273
9,118461980191059	3,8615605762455614
4,8149508213024035	-0,08999864176684536
9,844241023224207	4,62850598129519
4,09461634865429	0,5274061683247093
5,074870700352095	1,505575580165982
8,328239409924286	5,59669116772646
7,397386780756861	6,765018244758038
9,184178829663292	6,953448754094371
8,052436484204707	5,722712085139796
6,488608526406446	7,57574924385372
4,635436114337555	1,5958098047998854
4,118293650055621	0,677121505661906
4,4204730142407165	0,41311636983350647
6,075526617673003	0,30836245787915306
9,153395988892484	5,077552102444106
8,105001181763768	5,810743115915472
8,383547498873261	5,018042545447915
10,54100968049729	6,019009454305456
11,118341072473411	5,838650111620473
9,857998966112392	5,486025169428743
8,53895085012092	6,290297107847464
8,337027030732237	5,957359135137816
10,698363531406045	8,091853307640989
8,506008746351254	4,319310587524809
8,496148770026869	5,525808289416221
7,99255623653188	5,358783530528854
8,294068765290112	5,7694912400974445
6,97443826950687	3,1062340948160845
4,138651084608244	0,4290553815886404
6,357333557722768	5,024901810645089
5,889036675444894	6,351886717950972
5,287201810835126	0,30708118634120984
5,336811649603675	0,05871749194815673
8,410380696808561	5,4420788067291435
8,197227841848186	6,412225972206447
10,12435569525569	5,305583762954327
10,849298068794127	5,654361709583208
5,004650426765344	-0,8279843449222717
3,0918197934317124	1,4537187991709004
7,299677897103017	7,282390789242123
9,698303935573856	6,272802265585828
8,232491884389836	5,653951219357756
5,031815226039459	1,0451970160612172
3,1827077146018965	1,5611047396310611
4,440247258601568	0,7159534718335269
8,821625854091943	2,900794936986913
4,348351485750238	0,2453324923055437
3,5071464362088545	-0,9804896426732088
8,244510676556287	5,498095108839955
3,7850720549305836	0,5759690179675695
6,735786737291585	6,927361686874274
6,950023655922033	5,470682157885333
7,698111299423287	4,840489549108594
10,638054348182681	4,473794463601511
7,93072839299627	4,831252624622525
5,75863223698434	6,207032483089579
8,838180962810661	2,7099171211368778
4,009816310303812	0,20253987166997434
7,667296101056945	5,293542268104438
4,590762344551335	-0,309049007887115
3,371119064375965	0,6283152877975552
10,33782120697194	6,344024978232919
10,034376997529547	3,0901006393931794
10,408178365671274	7,910874616994953
7,1777453443858015	7,9754713280257175
5,943615555154187	5,552528662323423
10,219658377823082	5,053218746508247
4,1486886952719635	0,3472186955523073
8,151366283808873	6,009757787458187
8,646126306875228	8,38024443921826
9,322243639051425	7,40057561554192
6,26159919009779	6,401292892424524
5,6167691268965765	4,359142334504587
10,446440905737727	4,035392479956028
10,823687318746888	4,9797540660990585
7,6920633500669595	5,584581488811918
4,185044249545924	0,5342117680087033
7,822434696793573	5,2612995685440085
9,542439219609564	6,932457399779887
7,685880552593501	4,988569713011794
3,799209826568665	0,779942256962624
9,651453204756493	6,187253615590547
10,04080761545033	3,1233360897421107
8,756254343565079	5,957752747915727
9,701108452522544	6,810530523988266
9,572010457112025	5,344274261981168
9,192791093484125	6,241880340996735
8,734965177012203	8,051978230753173
3,95561950422195	1,325218408430099
4,662638430280843	-0,43830498923078964
7,284131915013395	6,122463867114382
6,876400837194706	5,680312917878214
6,039695718609435	6,797437327698475
8,284819064905703	5,452809199778355
4,180651079193788	0,11313043688500812
3,8973085741382603	-0,06980277961214743
3,9494258634446116	1,6800507256602433
9,368170757715554	7,460150759417626
8,475805912144097	6,327408162844936
8,760242264563395	3,357452295189719
3,652572364105586	1,9910955400831616
8,570808195289567	4,547709599086146
7,532382703784026	3,16857799628011
10,972319599770454	3,9733225100145537
7,649432133785074	4,626673209638015
4,206522129430067	0,27605757130793285
3,5778047845948846	1,8720574937745253
8,513911654250139	5,9062155683833675
7,029778070982228	3,9069947797212317
6,3888333660253815	7,494119116717167
8,46453580696245	5,5408896652621475
9,324070712241602	5,460452438043162
8,307289808855941	5,936578618972125
6,4874975260795225	7,000697942906125
8,216669966327562	6,025826555734447
8,965563665054127	5,232094703893468
4,385278879896439	0,27540771704564593
7,9108500915068305	6,605990955274969
8,407088608813853	5,9112257358873235
6,6052630635652845	5,905474273453912
9,942326827032362	5,022739808769889
10,689470730542157	7,453711850221441
7,387196186348812	4,49994905606933
6,513076701384654	6,40924973151876
8,396259231875966	3,2877727171000526
5,728552507262455	0,40386272770590365
4,653686594656403	0,40651199396454085
7,607503755362488	5,043285602955349
8,273548476169422	5,72890995568247
2,3774469623759416	0,39614756407087814
8,96867740440717	4,754654104210658
8,496330252615579	5,93061514868617
7,851818699810262	6,867732561291335
7,954004855823145	5,855961649468488
5,3909092208718405	4,854657993753124
10,39647871451374	3,20570969528682
8,665008922030788	4,71469677743575
9,464001149984297	3,5718171730948107
8,302621931341086	5,7058927461063975
8,69283083257517	2,9649172581602556
7,487616976173077	6,512465387701956
10,406457711414408	6,134840331337658
3,800375627505767	1,1431854418824487
7,580926805582669	4,8959934260211035
8,476427914867555	3,174117814905867
7,2208405223901995	4,683614808730075
5,952003922142716	7,1089595775429695
8,522592439334902	5,918607746176324
8,24599093266081	5,449203721414811
7,75102037025656	5,543155024575864
8,294938596104931	5,733625443973335
7,7073206383826545	8,096782079284717
8,514316002580284	6,862795626449659
8,3741350729137	5,696164039432354
4,429288441171639	0,4808989208391379
8,666463306623102	5,671557547549076
8,334919086757187	6,12201180371273
8,302249541811262	5,2402730827337
7,370608366320852	4,147272522019561
8,069541337649094	4,426734195164376
8,999478525579907	3,9249535677455327
9,730834237389402	4,802402213523391
8,683995522643109	5,177418742651707
7,848886503667445	4,3820004140687745
7,668537677286834	7,815090125486054
5,991433030709543	6,776947375409146
9,07511467183428	8,058100923947432
9,986338087188246	6,924134774256183
5,489400171576995	1,2100903866742936
4,343374614456201	0,25661311631068107
8,64721032252331	6,000662164389595
8,831343310501042	8,96004841183998
8,125546416399287	8,166263311102622
7,471865675492033	2,6722929003968394
7,190966297630253	5,4856456556961515
5,239799744225933	-0,02362146059721143
8,383319566527803	4,894487732628287
8,295477147146514	5,627216447846968
11,319713629031563	5,753254185665744
4,6675811264304246	-0,6713842859090253
8,334574655451215	5,808139975000642
10,643382482995444	6,586856875855331
8,512563990551266	5,798778619872425
7,497105821784854	4,539088987290098
7,948427726113438	6,74145756936961
6,275181495988811	6,757927632478761
5,425120975283667	0,20944936346828752
8,03227684373394	5,9204415842307565
8,581503630512737	5,749942109439349
4,331068773996384	0,38830372936929336
9,113375742580084	6,428754454874323
3,1884273294927032	-0,6636325167537096
4,146754274513832	0,1758857564514674
6,866357881739594	4,571132485770351
8,762560778872384	7,784449865604259
3,9522750767844785	0,46430022394613046
7,580807577258143	4,015903007192428
8,489597992355927	5,410392855786282
9,585698918437805	7,160246697573689
8,965343827631374	3,1672976775664825
7,134671609397396	6,174043758057734
7,1352919920873505	4,894276413743909
9,376908285459393	5,330614918755087
6,6401725876118745	5,335214172998665
5,200587864082832	-0,09910295739944563
4,300434263891862	0,5308972227770791
6,775533323780008	8,041575343300774
8,442216237675723	5,3899274809654
3,3534495939094806	-0,15408144559625292
8,305302477910583	5,687000859386644
9,235078548595098	4,588664895303811
9,702977959879018	6,742579879130331
7,773871230362856	6,18514737553474
3,8677523555349644	1,6614849699064793
8,799748660637064	6,241670113464515
11,024476557158575	6,574077282513707
8,267031759692495	2,644593823654116
9,893781760943126	6,998343114019001
2,886783947518344	-0,19875560324703045
3,61485862054428	1,650592506911394
6,912589546696594	2,707374506654959
9,498032126213399	7,284838356126987
8,326573828007144	5,709691482387244
11,176836344424188	7,31205208855677
4,527957683693955	0,3016416507333529
7,72260105548812	6,208548894037129
8,846534360191715	6,112634351019692
7,897479850187928	7,144446098157861
8,828187824159139	5,22822368937062
5,8998552983989505	0,5646393271025529
7,540432160098058	5,26048478604364
5,7316393339087774	5,929618160801669
9,388461879448165	6,44996365687653
8,285444058663014	5,581334163216
8,391160561400017	5,679945801875813
7,865124916082457	3,254664698408121
11,137424997842851	6,84994515202441
9,137325938532022	6,33282651965434
4,9170966766797095	1,7898075318088202
9,494736840487551	6,715661188210426
7,317659135176507	5,697660879001332
7,643656742111049	6,617371220837406
9,221611227807601	8,373962509368974
8,290076368505815	5,753241520631397
10,84186027545155	6,358376375129782
9,173734582869622	4,185510904203448
8,03602610139781	5,780581089949144
6,604768307798153	4,966493539313166
8,638428708632244	5,91940278124369
7,547676401855172	6,796923351874123
6,090004736168524	7,146623689262793
11,067482286395169	4,48377668196874
8,338115552173063	6,228812910520908
10,800402895095504	5,098506007743619
7,118399593763633	5,4316596518963145
5,558447460444165	1,5624853591949892
8,302859884465853	3,802981358628718
4,018708560293988	1,0534543758947663
7,4205258001213235	5,343006342215135
6,512327015223067	6,635014487354773
9,474167683571034	7,873605401740211
7,997519666571874	6,327713297128431
4,434193585922712	0,3707241036700246
4,267264645174287	0,4109703812290512
11,163390665563059	6,265447276341469
5,6960531007974256	-0,3736959793226423
8,976305582405423	5,766376951305484
8,934797470892065	6,518712460058272
6,287491464669328	7,877423425145505
8,081581233303389	6,86212615673215
11,149366975995816	7,078749911971424
9,426687064224344	6,3092490384314095
3,958730322645609	0,8393584492242527
7,240743774150918	3,959391931155265
8,448780254392927	3,5645552857902203
6,846718024323182	4,086216661907541
7,411661384957254	3,3570701600270256
6,237542615495393	7,736122536130261
9,133945393493146	5,519987833238956
4,91549040613368	1,8769783927041424
9,682439014264158	6,065158348057118
6,468793986837617	3,557761786687996
6,770158510725195	6,832059577166965
4,413304019096184	-0,7242060613213137
8,624457042186302	5,936328015454864
2,9163071184802254	0,7305003167111292
7,856169609316627	7,8989017861920345
5,935446554078371	7,359284687616199
4,491614313273717	0,5027250396857132
4,643333934029495	1,4683886098907268
8,767629113167805	5,900601390923874
8,572825421286103	5,559947374112228
8,830788954984941	5,072980604469268
11,030924664416219	5,978041489006276
7,501023561015432	7,561620031795561
4,301875471175585	0,17145817342367714
5,923902978230287	0,6613482406595216
10,088937062735232	5,137001168061499
7,652318836646186	4,156633374201856
4,5458320771295915	-0,28324357151468416
9,332758180173022	5,366232138387899
7,867908516495267	5,9870847089819605
7,781714851038286	8,756758763779551
7,999989708866267	4,6761852519054266
6,388946018484809	4,65874187254546
8,69895841975835	5,084708850637383
5,188384869989101	0,055126278278782526
4,044498918189067	0,518594863481328
5,364432103984553	0,09755272679929305
6,947667148379876	7,350367989522979
10,214124608010387	6,452914323679749
9,816602427052974	7,497436991366424
9,152235405701314	5,118719110117365
9,682408288436607	4,686897636245844
7,5982105472639345	7,606863198291721
8,687952049537081	5,425116244604123
7,071034239280902	8,448561688049454
8,339195743277136	5,710968090575504
8,34086615263544	5,634859427209605
10,546490253820028	4,562444819959891
10,606008335475087	3,1982284822615923
7,266336368246936	4,476126520109826
9,314437840615058	5,890957345179297
3,7937507592762847	-0,48007456213928335
7,972780326702517	3,103969383463018
8,20424342014214	3,9338110457793913
7,211986224856242	3,821052309751588
5,540524389941098	0,342367136593014
8,819772543702568	2,6770672322448976
3,8422013487849274	-0,28302008384186517
7,456766327615401	7,577831189342821
9,000105758384612	6,722205027610471
7,809467986984441	6,398125307455554
11,008810568984925	3,8575005904869917
7,785743081538222	5,9478624963517035
8,98529281912228	5,487877717852703
8,844300226665698	8,273724998702228
5,912850567131583	6,320470380498774
8,14323414486707	4,3952127097588205
8,385039776250602	5,168878321508798
4,470054690884727	0,5354396105003267
10,397246246970568	5,426994756506099
7,93961981320193	8,350619924975371
7,610078690739301	2,8675315995697743
7,688673245888625	6,449469365608967
8,33274090696619	5,702766201917414
5,7972463392360405	0,7224659848772861
10,153172493132743	3,358473471735113
8,676352343664194	3,407079363595483
9,384727974331133	5,256503732211463
3,9354463946702447	1,0559351622446456
7,649506006332643	4,880581990558284
10,164121409193413	7,424484135443634
5,786837287386616	6,051145027457436
3,037511506565558	0,635346099317316
8,235024508030207	7,565727668549885
8,826460401622345	5,701091031171996
2,752085788726202	-0,1965522705858782
6,40468247643971	5,684153575025172
9,911699186171575	4,419622742863305
11,066298046944596	4,0850978232571205
6,994387701216804	5,082882678342582
7,421449860463783	6,619399330627255
8,417937952560925	5,596917180448912
10,525764698836362	5,5734111102957495
2,772525172213249	0,7526563969465205
10,348281956298761	5,647025905511734
9,326969975665076	4,57667527588403
6,88175041242371	7,399905208948901
8,566921646411487	5,792537806012338
8,339030710576566	5,7672727593634345
8,432422758305387	5,780367537782203
9,993951273155773	5,236640567805331
4,41106291888309	0,4129706571009253
8,6054253797318	5,642577472057443
8,858419683392755	2,660585800173411
4,2434531988411335	0,4208588813776131
5,895541285389333	6,79053487470695
6,776156943412194	4,292119028957168
8,909205204711691	4,91794591457956
5,9523124415892275	6,821998181695408
7,9789183067840845	6,26400036097269
9,927158141552171	6,806688154492079
9,069923878288229	7,426359495581377
8,914086346882025	7,31729113598108
7,1789603445539045	4,052382049196066
3,674079039253695	0,38104212155653094
6,943116535185711	4,5340107176078766
7,8286181694251535	5,706747940890548
9,680861659780332	4,526713993722948
8,907220929356724	7,0155155080539275
8,086747030649864	5,3739877267107525
8,552830327008257	7,736942789105474
4,293661075904218	-0,8863855399552036
6,938486460259174	4,127800941782381
9,405880296617738	5,458936313433229
8,225869851675716	3,6159354792195515
6,465097757856101	4,783504496809022
7,186854465075253	4,2570129192014114
7,952262482911223	6,563071462636844
4,398631078124682	0,26747371490343197
4,826145515661796	0,817739344958241
3,211198931078048	1,7725092775277165
7,567281509324952	7,900356796532947
8,32581764931562	5,81579442636296
11,151302022083446	7,021500440971501
9,66588419429976	6,424226019128291
5,008002088016893	-0,5717184075029212
8,119139188154248	7,533222339298542
6,617271902781205	5,5432583598042555
7,888965513402787	4,8341934718525525
6,206075585750252	6,245797549283321
7,062258825653017	4,989864421922758
8,342168796952901	5,701527020834015
8,421039312559772	5,702110226808458
4,715284336783017	-0,6944641093422188
5,974469061592096	-0,15940998301835207
4,216359245185953	0,3551364624480481
7,07072771975955	7,598917722397559
6,7585286726511455	4,582864811768699
4,599514607613633	0,21683736521534308
8,320102088776336	5,163396707455199
9,35924685400175	7,379832198191865
6,750468859475115	6,127321774929195
7,594742330762129	3,8075803285547027
9,203245307110027	5,160776560234731
4,465070737139522	0,811346208219694
7,797951537848914	8,61054887217621
9,145556811807845	6,539737501976584
7,235754611525045	4,011968618623574
7,195344162346995	6,804073883258066
11,484985569953585	5,573126216977273
7,61964354884125	5,608862859242425
3,3049819019153035	0,10004525380343443
