28093
16031
16154
28798
3133
5248
29453
37436
18372
41091
5478
5056
43222
8287
43600
46342
24214
9225
10212
11400
15891
10194
16914
46981
20425
46584
16496
25514
40794
15110
17042
49616
11141
23922
20513
31184
26001
15985
12493
40791
6524
9788
38487
45541
9216
28528
20933
20002
19614
32023
18045
48957
4719
47403
9263
1153
9603
17254
26654
31994
1061
2579
7867
35300
14155
46216
37525
44683
8594
12673
17590
10596
43128
23671
11861
23853
4423
21987
13015
9150
2267
2468
38769
12452
19112
29910
47645
46472
14396
23232
21803
7637
48811
37680
44343
28318
35065
5424
15590
28923
9226
20099
23282
33910
1299
3635
358
9498
34578
47708
30824
25187
42230
30026
19897
44091
47674
43477
16970
47129
43807
34287
26819
47139
41347
16051
13056
22832
31832
41942
35454
36522
21527
42221
18893
27195
19403
35196
6639
37142
10485
33326
41892
34891
46
30223
44676
33784
32873
38192
12191
12394
32131
17212
7856
6999
5597
28615
25886
33971
38587
10213
35991
31755
37537
33297
13047
16731
24251
36111
16084
10475
47600
2314
32230
28844
14262
17438
5710
4078
20228
2873
33750
31303
21103
42310
17804
14669
994
26127
36649
6697
6254
48297
8780
10858
9893
49681
32081
28718
9263
20391
44794
42489
46088
7690
22994
36907
32832
2158
17536
3149
20589
7404
20628
27032
1979
8528
18687
24367
5042
37651
34033
41619
20941
15754
30561
15362
4618
8948
47282
17198
19001
31748
5225
47308
47149
41209
16599
43808
32366
44462
11900
42227
49496
36695
36339
25628
7789
24019
41487
3243
37587
27689
32744
41025
20525
38070
7281
34130
47483
32974
24313
39113
46932
19120
17487
8872
48153
6382
37671
45679
21168
17074
702
6478
2518
15779
37667
38762
25653
24033
1357
40385
2557
2223
47482
31975
29293
31167
12037
9066
13676
40295
19559
4069
13342
36743
2629
23126
33247
9370
46595
47492
24368
32319
33139
27584
27644
16973
29160
34805
36960
32329
23910
1118
6057
12456
47132
34098
16194
930
4166
8315
16525
31767
24269
22605
483
40160
29039
19651
15681
30914
43341
28696
21907
20265
31580
33611
9156
14319
26906
459
20403
48825
8975
4903
44940
481
34971
9176
38613
18582
21916
9718
37343
21223
43792
12122
9552
18852
32527
44990
33892
38083
47372
21797
38041
43795
6626
9621
39421
8011
27201
40536
10662
34412
43906
27301
40953
7208
19309
16609
20533
6100
26721
7178
25531
40825
47938
33246
24788
45798
33537
26237
28841
49007
37993
18046
35560
16136
42197
25627
38151
31181
25862
47825
22633
29543
17066
48017
27874
15184
11933
36748
22888
33294
34976
976
9681
31886
38404
44917
35688
43771
31350
9186
28186
33601
36549
44969
1668
18462
6482
40280
48944
24456
29227
49861
33947
16799
48849
3362
19923
33583
31917
43141
28020
28279
26943
29949
27132
44259
32083
11193
14407
17485
4146
46292
14266
35647
40497
24870
44661
27748
13018
13761
23045
48922
36701
29577
18666
32936
37313
6637
28969
30326
26235
24100
19576
21000
39482
434
30432
30340
30338
21399
1478
42199
33027
8467
8135
18792
49374
8643
28626
21137
6894
29767
39625
37679
35934
49311
11336
27046
49646
40093
30272
24005
45658
23458
27052
34051
40110
41371
15397
16932
20402
10521
27223
20281
23397
35175
28167
48955
17115
19568
19645
42446
21418
21442
6368
17419
40165
48320
25699
30768
4228
8341
16420
33343
6387
17218
23683
5621
29256
30460
41709
39822
25792
26670
38655
1606
564
37267
15286
25181
32075
24546
49574
12744
45766
34797
29769
37037
18137
7945
25285
32418
24663
26321
41040
702
9618
36036
7141
14045
3635
37425
31360
27886
38593
21266
29995
7273
9738
21569
5370
18806
15239
31339
39674
16186
46281
35610
48941
28470
33932
39638
46755
30529
4844
30281
40712
47893
13272
8502
8034
20494
29060
41854
32795
39329
27808
37770
21269
38456
5781
27122
17520
29533
33958
5096
23083
14767
46895
39601
2451
12553
21153
40052
7935
35127
12834
25086
39378
48758
13483
31589
8091
46401
31419
32811
3920
29370
30942
23122
7265
48985
46113
19692
6303
17505
43264
36416
15730
34423
34684
26484
21650
13856
26074
30453
43577
44125
12644
17791
1768
4017
32717
1764
14042
48513
43805
1567
12843
18620
18499
25440
44016
22346
31970
9945
28276
20099
22660
40822
24619
49091
30802
2305
8844
6650
45977
46090
2514
3152
21286
12398
8796
32864
36110
49749
3862
24827
8395
2588
15622
12191
19111
26536
17863
41483
32274
10436
32830
44369
35738
14546
24361
40494
47302
7925
30780
26155
38826
3614
32300
13696
22956
5183
31058
39750
27322
29560
17560
17074
41205
11431
20236
23448
16509
446
23506
5836
43053
38650
26504
17225
13351
22136
17544
30050
48529
36021
30164
6982
26286
25197
35232
3471
49073
13116
26333
1647
28907
35122
11713
32081
30525
34424
16782
34134
9717
37763
35428
36162
3488
13660
45255
33873
9738
36509
3024
17061
48020
41623
32180
28066
22219
28757
5367
14253
25224
13098
3765
11298
39310
19733
25254
23554
26099
4967
19959
36185
7841
28946
12613
47353
43256
25375
3030
2485
27761
12635
40441
28970
36098
30204
6039
34313
36449
39579
13366
39394
26559
37689
2404
24889
1147
45634
48271
20923
23664
25137
4267
39642
43371
22538
27163
17994
36588
18571
2293
45355
48842
29831
43817
3046
22150
4274
12990
16971
5588
25810
6563
45003
18606
6208
43237
15342
37724
46496
45626
73
26283
38105
9175
41641
13261
11270
24389
146
37325
34151
38714
31558
10723
1948
4963
30397
39961
14497
16871
43807
35971
13053
42084
48310
42876
11914
1856
21442
15612
19801
25800
6261
36040
29591
47283
14995
23509
2629
30280
11361
43359
48097
7140
2582
23445
25308
24517
13176
26429
27999
43911
23830
46586
12652
46755
20732
2058
4569
29586
38497
354
6832
11123
21601
18530
5019
22607
47839
37194
25250
16246
48192
47006
11617
4145
46494
27669
30410
28672
26389
48322
3065
22892
4537
42736
29805
49317
32680
39672
45089
11199
29801
44569
35253
33207
31486
13291
8323
24720
33161
9391
36311
10196
16340
2422
17755
18323
39032
34989
40502
6132
27414
29230
27815
31926
36410
24914
1219
14739
47687
44725
26042
47036
29723
36434
37113
14646
16437
30009
28537
41579
29312
23114
35364
