10
1000
1049 1283
1323 1354
941 1343
997 1157
566 789
1269 1429
451 851
684 962
1160 1298
856 1114
611 1244
1322 1426
613 1162
481 1171
656 1199
1075 1317
2 846
866 887
714 935
840 895
558 1014
643 1191
309 380
526 697
604 1244
1411 1428
60 474
575 650
727 1252
934 1346
1312 1395
572 967
917 1034
312 893
1018 1367
1179 1377
1169 1183
547 891
820 865
1330 1338
928 1388
1275 1310
555 1100
1104 1338
88 797
447 847
271 1330
247 403
1434 1436
224 1183
1317 1403
88 1250
682 1144
250 1360
1413 1436
1362 1364
694 722
1196 1425
511 1212
220 402
1254 1326
439 653
1112 1218
1089 1213
656 963
1043 1333
706 727
333 1275
603 737
27 1377
810 1262
1291 1431
71 747
173 653
908 962
469 661
436 1071
423 1071
1104 1242
103 434
783 1083
868 1253
884 1438
1246 1282
522 1342
1176 1189
1108 1366
1062 1376
784 960
1075 1305
994 1278
301 1278
1099 1329
811 1318
802 880
65 641
172 1146
837 1414
714 785
594 927
1366 1399
1058 1088
57 1016
1059 1400
249 810
1359 1437
232 1344
1053 1239
164 1283
1136 1277
592 1280
283 1164
141 1069
340 1173
1297 1427
583 1041
749 958
643 1185
844 988
898 1403
185 965
332 810
771 1261
603 801
386 1344
1383 1419
1164 1400
1101 1291
735 1091
904 967
563 704
1295 1375
168 1261
1022 1362
182 970
755 893
430 1300
1199 1371
54 291
252 649
559 1080
1068 1237
1439 1440
1299 1361
1071 1374
10 550
1377 1434
338 843
727 1418
385 757
45 679
166 1401
400 402
336 800
434 1411
1148 1285
316 439
740 788
1 734
1308 1350
205 260
432 1065
1290 1300
422 1131
694 906
256 275
82 318
340 362
1195 1283
124 972
90 133
832 870
942 1186
648 1084
1304 1430
1017 1268
145 619
1439 1440
533 729
1079 1428
609 958
744 914
1405 1433
896 930
1056 1396
1424 1428
1315 1335
192 593
933 1342
594 1236
704 1221
1068 1287
799 1417
858 1234
1033 1339
601 912
959 1158
1018 1430
1086 1416
912 1308
802 1190
175 896
718 1029
946 1234
123 1162
1338 1430
179 759
572 1069
1221 1430
415 659
187 983
82 889
1119 1348
1320 1436
326 1172
1424 1426
1003 1304
728 1440
981 1061
1343 1414
396 450
1386 1392
426 601
1044 1438
1205 1301
808 1089
1222 1426
102 992
918 1437
407 722
94 1186
1253 1296
324 488
958 1055
940 1019
1121 1331
920 1252
977 1119
470 1063
197 1422
1264 1337
1275 1278
665 1367
1307 1392
511 1350
260 812
367 1214
357 860
1178 1275
1101 1191
1078 1134
578 912
162 778
820 1312
1040 1336
53 806
939 1076
130 537
929 1066
99 130
20 1222
832 1438
729 1198
651 777
110 1261
1142 1359
922 1095
412 1057
863 1267
529 993
583 594
371 565
988 1153
301 1109
804 1328
403 903
194 475
269 403
673 774
1209 1412
577 1298
1094 1213
410 835
1058 1304
1251 1274
678 933
1311 1431
504 702
838 930
74 135
48 1266
542 1168
880 1367
1304 1394
598 718
1042 1283
723 1316
651 844
366 993
564 989
332 723
1255 1421
1359 1419
772 1070
1327 1430
834 1109
541 1099
631 649
405 1278
1367 1436
409 844
654 1002
989 1321
1275 1439
118 660
1411 1413
150 917
345 559
1410 1419
731 915
374 1296
172 854
600 895
572 925
784 1377
321 433
1309 1366
1024 1121
257 764
1257 1329
830 1269
128 939
215 1189
590 1266
458 764
639 659
909 1425
517 1360
267 896
687 905
224 338
660 689
62 1082
761 1435
508 1192
4 1298
867 1066
495 541
172 1408
39 950
541 971
1280 1409
904 940
1077 1201
691 925
207 915
332 1153
589 1369
668 1087
322 788
1342 1343
1132 1243
1355 1386
805 1141
178 287
747 1202
1273 1352
527 679
887 1266
344 1123
1026 1372
761 1208
1196 1271
1111 1439
1421 1422
567 1355
922 1089
1069 1392
757 1309
545 1196
124 997
805 1127
132 258
110 1427
1137 1208
1146 1160
148 755
413 511
838 887
665 1006
108 724
601 855
1175 1228
993 1387
507 1258
295 884
387 764
1289 1361
544 628
308 803
745 1255
1107 1136
131 210
1295 1433
177 1391
1435 1436
1375 1395
1040 1285
198 1398
793 1379
476 885
786 931
804 1288
232 1182
1215 1346
8 961
860 1393
1310 1338
1128 1308
388 965
952 1344
1092 1195
1391 1420
1157 1283
932 1204
382 645
535 976
1 1431
544 706
384 450
313 1380
100 980
725 1320
7 1131
877 1207
955 1363
1024 1249
760 1068
181 895
92 668
1099 1195
104 1310
51 816
37 733
232 958
610 870
1155 1326
425 572
1161 1309
579 1023
1239 1242
1210 1377
1050 1116
324 1329
1292 1390
1176 1413
1316 1344
679 1395
983 1191
726 792
1300 1340
205 609
1434 1435
45 687
215 453
653 845
312 831
364 566
114 1034
840 865
1312 1432
1057 1078
177 379
594 654
784 922
234 1322
1117 1211
1256 1401
1204 1359
1390 1435
1325 1396
880 1228
229 1338
603 645
540 836
950 1134
1182 1351
509 1125
720 1304
243 610
39 1205
483 779
763 982
523 760
456 1404
322 822
343 462
396 731
565 753
1278 1415
1231 1394
1221 1292
400 675
101 1029
1354 1368
128 1190
110 174
718 1404
116 922
297 991
1243 1433
1057 1085
600 1239
364 439
600 1078
586 1425
313 866
1288 1418
952 1195
793 1014
22 1245
848 1017
192 374
200 491
492 573
1098 1179
686 1303
22 1081
108 710
1149 1282
1304 1316
1094 1431
1093 1174
572 965
1381 1413
1103 1201
25 813
462 1281
229 1066
1115 1385
1178 1394
1366 1420
138 1256
126 689
971 1147
1352 1388
1290 1372
736 1165
686 990
825 1008
216 551
1253 1435
1348 1391
191 755
502 707
786 1352
609 1371
728 1305
398 1243
933 1227
416 772
1261 1322
428 1365
331 1187
902 953
142 1088
422 1229
772 808
1285 1427
1320 1395
630 795
1291 1310
641 757
1248 1282
490 959
447 1151
877 1092
729 1034
1002 1370
1058 1160
833 973
967 1390
107 1091
374 933
565 1067
952 1337
1130 1138
1369 1437
1357 1421
322 326
619 1429
328 1255
103 148
1052 1260
677 1169
1369 1387
1426 1437
510 1267
293 1284
952 1234
572 1385
78 792
321 802
725 1053
869 1039
845 956
704 991
479 1350
630 940
886 940
845 921
1342 1351
1369 1435
1283 1377
819 1356
1175 1213
1418 1430
1128 1360
1425 1431
1401 1405
355 863
592 614
538 609
1298 1414
582 1391
701 981
696 914
596 782
437 1263
292 1410
229 1214
299 989
683 887
86 1261
1307 1434
366 1199
929 1301
203 1079
828 1059
1206 1295
1418 1428
1368 1429
778 1059
786 1352
1161 1304
352 845
837 1272
510 711
682 1333
265 577
221 474
474 733
1098 1389
461 1423
405 1401
656 671
90 155
1422 1426
664 705
367 1191
482 1193
672 996
933 1001
361 1319
1156 1383
1004 1238
814 1091
711 957
387 1193
662 1130
1085 1145
1112 1315
1300 1381
860 1116
187 1318
1074 1101
316 431
1239 1358
241 620
634 657
116 1012
983 1272
16 1206
517 924
30 984
1394 1396
1104 1256
204 796
85 621
228 1192
1326 1438
591 1220
955 1392
1170 1229
553 949
672 728
1127 1230
429 796
1177 1308
39 491
1193 1426
584 1207
550 673
136 1293
529 678
51 946
1413 1436
278 288
606 1120
1343 1429
75 1274
177 1311
948 1249
1180 1324
370 1063
783 955
379 940
727 943
452 562
124 1295
639 1194
1314 1326
1413 1421
263 775
1077 1090
188 828
373 965
114 154
29 1026
489 745
482 630
229 645
290 575
666 1311
122 851
958 1389
187 276
1204 1364
645 896
912 1378
1287 1335
1252 1282
724 750
1236 1292
1279 1363
904 979
30 31
1020 1391
633 744
457 1022
1236 1331
1274 1372
1068 1168
220 841
449 724
697 1063
9 236
960 1197
798 1036
514 1199
1109 1256
311 1379
280 307
529 1087
83 627
1270 1364
769 1024
811 1164
755 1278
1030 1317
744 1437
1379 1426
1357 1367
190 1098
59 1371
945 1365
354 1078
740 1312
1308 1408
1339 1412
106 397
127 613
1151 1156
338 683
1364 1388
913 974
522 673
745 1150
947 1157
759 807
1432 1437
1373 1421
835 1217
880 1384
384 825
1158 1397
1386 1406
866 883
1386 1429
1410 1421
357 981
385 1074
1051 1312
433 1197
422 517
576 577
318 515
840 1065
42 702
236 478
610 1027
986 1037
70 1077
132 1350
1145 1399
993 1129
36 375
584 609
165 1192
1051 1135
597 712
630 1287
1193 1378
174 1144
344 435
854 1263
24 1430
605 1148
340 977
91 158
1264 1289
165 359
147 907
399 1338
304 334
896 1305
1181 1357
1010 1043
103 950
111 148
836 1338
1405 1412
153 1220
36 1408
791 808
1035 1055
884 1164
1053 1154
366 968
1175 1318
810 1424
987 1181
888 1224
142 769
427 857
1181 1439
115 704
1361 1368
1414 1415
1229 1438
591 664
467 644
184 1075
1184 1425
265 1005
991 1294
169 474
379 855
1050 1216
375 1228
1050 1431
1201 1357
1201 1377
376 946
818 1329
1044 1164
577 1323
208 1016
1395 1432
1232 1366
94 301
1051 1417
520 1346
880 1411
1193 1351
724 942
472 1348
59 164
551 1237
381 1439
1276 1382
1226 1425
287 420
599 1179
1070 1391
1128 1334
946 1422
844 1331
613 685
1198 1337
1261 1425
203 935
320 344
1226 1389
675 915
588 1052
461 1303
551 1175
1246 1333
617 1312
136 1287
316 712
1255 1415
1378 1425
236 623
427 1332
968 1299
654 1085
382 847
1248 1396
333 894
1000 1273
517 744
90 1135
221 297
581 1036
1437 1438
867 1260
863 1016
865 1202
1119 1313
825 1184
719 920
803 1125
681 692
1029 1131
630 795
421 1346
760 1186
1022 1077
1148 1222
454 469
1067 1096
177 957
538 753
459 645
653 745
246 957
255 1380
1177 1286
381 1386
1169 1343
433 1166
1249 1299
801 1059
471 960
459 788
562 594
300 1291
814 817
887 1390
1433 1435
1202 1407
322 1128
1152 1249
687 821
673 728
854 1177
779 821
402 857
579 1064
714 1196
233 1148
36 618
332 1388
315 1235
981 1282
749 1136
1175 1339
1043 1225
1319 1428
753 904
234 535
573 1382
1119 1185
1301 1398
1140 1220
736 772
1383 1415
980 1046
422 1013
269 974
522 1256
1358 1407
26 627
197 456
117 1120
411 422