10,5318 11,4990
8,7518 12,7804
10,1918 11,2864
11,4921 12,5978
10,4770 8,8706
10,9947 9,4907
10,6590 12,6155
8,6248 10,9553
9,9436 9,6927
8,8155 7,4934
10,1008 12,2386
9,5026 11,1506
9,3859 12,9771
11,9728 11,1843
10,2671 11,3133
10,7912 8,5279
10,0785 10,7993
11,8947 11,6921
11,4031 11,2533
11,4090 12,9336
8,2107 7,8073
11,5795 11,9580
10,2605 11,1775
9,3328 7,9135
11,2616 9,6024
11,0782 8,6317
11,3327 7,2780
12,0053 10,1499
10,7709 11,1664
10,3479 12,4529
11,0457 9,3555
10,4554 10,0603
11,0175 12,2653
11,7144 9,9642
11,7829 7,2059
8,8257 9,6132
11,3552 8,7587
9,6031 12,4282
8,1534 8,2049
11,1246 7,6915
8,8610 12,3785
8,4786 8,5768
11,3439 9,2739
10,4540 9,7165
8,4889 11,7816
8,9323 7,6578
8,4020 9,8136
11,5530 12,5984
9,2861 12,0069
9,2111 11,4929
30,4726 24,1935
27,8999 22,2526
30,1576 24,2581
31,2791 26,3713
31,5883 27,6543
30,3898 23,0885
28,5877 27,1540
28,4263 24,5097
31,3455 27,7020
31,8987 22,3670
32,1642 26,5502
27,9129 22,1866
30,3188 24,9091
29,7156 24,4411
30,5775 24,0071
31,3575 27,5006
31,1050 24,2732
30,6883 26,4676
28,6505 23,2723
31,8238 24,1922
28,7441 22,1125
31,8463 24,8036
31,2275 27,3009
30,4784 27,6499
32,0894 25,8273
30,5242 23,1044
31,1434 23,7275
31,4383 25,1207
32,2427 27,1023
30,6772 23,1953
29,1857 22,2326
31,4861 24,2010
28,8517 27,6266
30,5581 22,1556
29,5119 24,5217
29,2207 23,1787
29,2755 22,5076
31,7802 25,0979
27,8226 27,2168
31,1928 23,0398
29,2970 25,4871
28,5020 25,1501
29,6235 25,9976
28,4066 25,6787
28,5616 27,5407
29,1204 23,4769
30,4062 23,9819
28,5623 26,5605
31,6119 25,1165
31,3868 23,4481
28,4248 25,4804
28,1378 25,5362
29,9761 24,5444
31,6525 23,6518
29,1887 24,1787
29,3489 23,2388
28,4871 22,1167
30,0685 25,1768
32,0371 27,5412
27,9640 22,4462
31,8219 22,3748
30,1861 25,3996
32,1508 26,6757
30,0745 23,6406
29,0196 22,2778
27,9787 27,0115
27,8111 26,0574
27,9813 24,1259
30,6964 27,8225
31,0895 27,5442
