5,631625 7,589243
1,868702 2,203377
2,467311 2,727577
4,949442 6,339623
5,621995 8,362551
3,579048 6,108294
3,773970 6,832873
2,674297 1,770223
4,795038 7,696586
5,835016 6,548611
0,653963 1,808730
1,878422 3,769425
4,031307 7,145948
0,471512 2,918673
4,171769 6,339868
1,079340 2,059435
2,052584 1,542036
4,440341 7,407098
5,084529 6,778813
1,851659 3,010824
3,057431 7,529050
1,923587 2,881345
3,603404 6,734960
3,759544 6,941369
1,541646 2,256402
4,738478 7,309608
4,517601 6,745765
2,844585 1,862312
0,919339 1,690411
4,439858 6,174776
2,058778 1,910961
2,731844 1,860269
1,401302 1,774930
4,259954 7,376495
3,649792 6,225045
0,901273 3,170188
1,949477 1,425976
2,104091 2,469303
4,335092 6,784296
2,511189 3,432270
1,251176 3,533844
1,136873 2,292529
2,058942 1,661706
2,268336 3,105869
3,187679 3,344202
1,824707 1,844109
2,252499 1,966527
4,144000 7,644025
3,700753 8,048230
4,793627 7,016555
4,500416 6,899027
4,572760 8,102587
4,879175 6,873148
2,612946 2,382984
2,543831 2,015898
4,333401 6,958763
5,253138 6,600387
5,779424 5,605635
5,041009 7,766113
2,015281 2,356657
1,166181 1,772713
4,945259 6,252649
2,191809 1,387578
4,198133 6,271031
2,436926 1,203846
1,578055 2,843345
0,849279 3,186433
4,936381 8,305880
1,151604 2,468599
0,864123 2,291335
3,158560 6,513527
4,560063 7,541338
5,522662 7,405482
2,186330 3,671268
3,788388 6,752383
4,670560 6,028661
3,734609 7,368118
5,383463 6,974742
5,192810 7,410071
2,714090 1,577165
1,632383 2,249753
1,791693 2,626760
3,027243 6,182833
2,697153 3,213030
1,574787 2,634761
1,198257 1,956266
1,497131 2,322495
4,920555 6,386936
3,624382 7,345565
1,147744 2,675222
4,644015 7,345183
5,192038 7,736955
1,468250 2,763448
3,781263 5,994747
5,567798 6,095733
1,852709 1,628344
5,376804 7,421280
1,121087 3,514210
1,240387 2,516705
3,362516 5,664722
2,546996 1,969607
2,126080 2,471050
1,785530 2,804041
2,985358 2,361132
0,953632 3,122582
2,176400 2,499404
4,399526 7,034387
4,818550 6,408468
1,995621 2,439022
2,597154 3,280303
3,921543 6,970847
4,706623 7,860045
2,921066 1,029890
4,181626 7,679341
4,071024 7,198890
5,710347 7,032596
3,228555 6,313306
4,570789 6,858334
4,384252 7,482218
1,214799 2,419599
1,262716 1,837730
1,400442 1,908789
3,418918 7,040379
3,955846 6,085434
4,441108 5,926766
1,053221 3,008487
1,267348 1,714291
5,457034 7,468180
1,625007 1,758562
2,201836 2,623082
1,991123 1,075405
2,152220 2,026550
4,454623 6,703009
4,762211 8,087628
2,282523 2,647158
5,414971 6,238708
4,643110 7,285965
5,093561 6,352744
3,808721 7,832779
1,460927 1,706395
5,063530 7,013700
3,970492 6,827598
4,662295 6,447907
3,194737 2,599198
4,635149 6,584363
4,918521 6,470139
1,432847 3,004361
4,300832 6,500008
3,604741 7,762902
4,589608 7,801534
1,961630 3,234605
2,749945 2,723528
4,557804 7,087838
1,518516 2,744986
1,434105 2,874518
4,267613 6,929174
4,531115 6,767605
4,513253 6,984827
4,699152 7,635395
1,528537 1,947086
1,591508 2,571842
2,183739 2,090254
3,534673 7,773221
4,170558 6,393075
5,150284 7,932336
1,837406 2,172181
0,551328 3,475711
4,300549 7,081499
3,566151 6,547879
1,710358 2,600070
4,861333 6,677089
4,609312 6,317726
4,828869 7,323054
3,719191 7,331418
4,658538 7,696753
4,336799 8,171711
1,514029 1,746309
1,681918 2,949224
4,983210 6,793037
4,992096 7,544369
1,230397 1,957977
0,525642 1,963861
5,273255 6,094734
4,627853 6,082155
2,331047 1,606938
4,133196 6,421044
4,216270 7,333717
4,423784 7,234378
1,871404 1,592549
4,656869 7,644117
4,300670 6,073605
4,290320 6,534484
4,263620 6,870457
1,244024 2,750664
1,930908 3,221958
0,918948 2,204307
2,492615 2,770591
4,431329 6,083175
1,024638 2,328167
2,039593 2,490943
2,107209 0,961337
5,677564 8,239495
4,021379 7,415741
5,039881 7,211371
5,142647 6,985372
1,980689 2,197704
3,708265 7,901408
3,197173 1,176435
3,700675 7,011590
2,449474 2,564099
3,554641 7,759511
5,141885 6,950822
4,895105 7,498310
4,067553 6,803695
4,777009 6,755087
1,505476 2,290107
1,947830 1,983824
5,224070 6,940133
1,796505 2,197051
2,388707 1,873803
2,167112 2,201260
5,081296 8,495008
5,311082 6,913410
2,117276 1,447634
1,337398 2,155418
4,359951 7,044924
0,885117 1,882499
4,225522 7,780919
4,112011 7,678837
5,238539 6,521696
3,873747 7,651391
4,866156 6,481072
1,583553 1,952173
3,908417 6,909095
2,271215 2,182433
3,814287 6,626203
1,539329 3,075560
5,044748 6,610396
4,826791 6,580880
4,885059 6,231669
4,763524 7,314563
2,432922 2,696437
5,126869 7,877149
5,715965 5,708619
5,213734 6,197453
1,176283 3,193806
3,403417 7,316637
4,463952 7,407535
0,734921 2,703895
0,828241 2,846222
4,126629 6,637350
1,210276 2,530477
3,716866 6,662037
2,617705 1,890681
4,949602 7,132495
3,642326 7,671764
1,709012 1,462237
2,413384 1,510291
1,437852 2,561925
5,021764 7,370560
1,869248 2,974686
1,432211 1,965969
4,166781 7,598846
5,369541 6,668337
4,995035 6,692147
4,677530 7,286959
2,323671 2,292550
1,757392 1,595131
1,910984 1,473346
1,375661 3,062628
3,331560 6,694749
2,063283 1,853067
1,614811 2,230816
2,502935 1,789866
0,996874 1,061991
2,486827 1,187929
3,781474 6,219205
2,120996 2,057084
1,368207 3,251614
3,684021 7,523937
5,137104 6,058293
2,606579 2,357240
1,978344 1,904858
1,863323 1,674631
4,257905 6,676042
2,051017 1,794510
3,675607 6,897991
1,126132 2,741340
1,198170 1,900347
3,481882 6,623576
1,125754 2,297709
1,666306 1,630745
3,941284 7,804961
2,873767 1,599458
1,940669 1,666324
4,230426 6,469774
1,614366 2,168933
1,777365 2,684074
0,972334 2,068044
1,415821 2,823746
1,402560 3,281348
2,372595 3,160454
2,564158 1,276553
2,156328 2,564848
2,647632 1,828991
1,807446 2,971561
1,424492 1,267813
3,764433 7,498604
2,125697 2,496747
1,864791 3,431045
2,523178 2,581583
4,863746 6,455273
4,275169 6,270288
1,641477 2,265209
2,470512 2,812382
2,132291 1,812083
3,757752 7,451546
2,827947 1,851471
2,164796 1,742254
4,668171 7,397221
4,744698 7,571608
2,363825 1,399208
2,047462 3,258627
4,078694 7,553354
2,407193 2,386466
2,343299 2,968428
2,325223 3,317066
1,056576 2,338176
1,779227 1,767912
1,416324 1,492473
4,141748 7,322324
1,798397 2,779362
1,012849 2,519087
2,212135 2,985898
2,335965 2,746393
4,599293 7,236550
2,235226 2,516498
3,651320 7,920550
5,472492 7,342008
1,787443 2,629607
3,085926 2,567653
1,559274 2,734174
5,617768 6,287930
4,157414 6,199199
4,613955 5,806362
5,339706 6,406142
4,995239 6,818521
4,240641 7,963768
3,475667 6,692948
3,017565 1,770270
1,268700 2,741885
1,859532 2,496732
4,044018 6,798508
4,063662 6,498246
2,605926 2,069786
2,213342 2,647523
1,435440 2,527404
1,301598 2,702692
5,154569 7,122086
2,400220 3,448020
1,039459 1,421871
3,363006 7,062231
5,234650 8,038796
1,392456 1,691538
2,127721 1,827062
4,140822 6,659522
4,328033 7,382810
1,271673 3,490090
5,354104 6,834747
3,289833 7,266424
2,302470 2,620595
4,535451 7,025644
2,571244 1,134242
5,034807 7,830608
0,971119 2,749081
2,077305 2,589320
1,263578 2,789074
4,441440 6,935338
4,099036 7,529460
3,748161 8,173792
2,059303 2,916088
1,743851 2,132391
4,086465 6,561323
4,443550 7,797580
4,968638 6,772435
2,263114 1,953282
1,422000 2,326192
3,920844 6,205769
4,429207 7,263013
4,336692 6,409734
4,297173 7,807272
5,523258 6,115203
4,195758 8,141458
4,121087 6,665825
5,270180 6,896374
4,284078 8,159612
1,892532 2,204969
4,134097 6,161292
0,871877 3,094400
1,100639 2,636198
4,663298 7,529383
5,308146 7,650619
4,330910 7,467961
4,677037 7,806978
0,694948 1,189525
3,495275 6,843658
5,736722 6,050857
4,775086 7,277006
3,422785 6,568821
4,987104 6,536450
3,854783 7,219762
2,076347 1,559590
2,721450 2,757193
0,982213 1,833232
4,378798 5,820701
1,552691 2,829762
0,604348 2,671130
1,906529 2,396667
2,313693 3,009215
5,251769 7,409900
4,019118 7,816431
4,651094 6,851703
4,606348 6,985652
5,242402 7,095242
0,868854 1,170298
2,018259 1,563627
1,688100 1,538059
4,241127 7,281743
4,718374 6,723490
2,878354 1,470162
3,259258 7,395919
3,496511 7,730028
5,053137 6,885446
1,350347 1,756831
3,921775 6,793525
5,026145 6,401836
5,052737 6,897705
5,109862 7,161525
1,678285 2,212671
2,235937 2,618743
2,687903 2,200685
4,017960 6,785127
4,269147 7,434888
3,492805 7,127123
3,118583 1,256587
1,656909 0,973838
4,968475 7,062208
4,752270 5,864775
4,754196 8,159986
3,897448 7,449826
1,059498 3,666529
4,904954 7,143639
4,346841 7,877595
3,284401 7,346644
1,564917 3,373632
4,046405 6,627937
0,814454 2,443990
2,438037 2,370363
4,356124 6,538670
2,377536 3,375698
3,775669 6,113225
1,464006 2,499525
4,202612 5,855508
3,718469 6,751613
4,769122 5,914850
4,150152 7,677036
4,429926 6,345650
5,237169 7,620454
5,708962 7,439896
2,745463 1,338724
3,678000 6,611138
1,942558 2,036905
1,753096 1,806645
4,661627 6,868206
2,803351 1,441425
1,484554 1,895296
1,944534 0,931417
1,721149 1,173693
2,085025 3,288685
3,878097 5,897809
1,031210 3,173148
3,700161 7,210889
1,175263 2,217536
4,409662 6,864707
1,670648 2,258871
5,601418 6,908303
5,840139 7,909882
1,981471 2,338810
2,967073 2,657964
3,865569 6,375037
1,909799 2,671236
0,876538 1,613211
4,956129 6,636751
0,950916 3,402607
2,556534 2,749884
4,874354 7,190824
5,281768 7,742830
4,855925 7,662453
5,185573 7,598899
3,698594 6,525135
1,538642 3,072081
4,816979 7,630275
4,700965 6,349499
1,717701 3,039251
2,747617 3,121916
4,041226 6,709269
1,429757 3,580513
4,102557 7,622039
1,321941 2,813478
1,398779 2,277357
1,754395 2,940447
3,990292 7,841197
4,239491 7,891576
4,039443 7,379364
1,271060 2,528247
2,786308 2,634928
4,156396 6,649473
4,870629 7,744472
5,221540 6,340375
4,968351 7,535037
1,712924 2,858636
3,752197 7,305437
3,099976 1,793935
3,949551 7,414881
0,879592 2,298868
4,097758 5,679215
3,954734 6,931297
1,795903 1,938545
1,511383 1,506352
4,827993 7,628966
4,179294 6,981965
1,867591 2,788472
5,215521 7,697899
1,811007 1,443438
3,491186 7,040591
1,747556 2,320481
4,117659 6,829252
4,399968 7,412393
1,439294 1,424969
2,710707 2,678528
4,473953 7,423102
2,460897 3,539650
4,236860 7,475512
2,162914 3,597052
2,280699 1,540629
2,636399 2,339983
4,262276 6,918715
3,129258 7,803290
4,636656 8,279377
2,897254 2,550465
1,870898 1,448048
2,129381 2,129005
1,981042 2,414596
4,241173 6,530512
1,555156 2,127130
3,301902 8,044304
3,981213 6,779364
5,485736 7,423308
4,281425 7,483312
3,517949 7,233693
4,696874 6,743792
3,776253 6,883562
0,648087 2,277661
2,261759 2,344694
1,792988 3,014595
2,756142 3,432662
1,188294 2,375990
1,632414 1,077400
1,405279 2,249092
1,386683 2,444674
4,269522 7,442080
3,966028 6,354044
4,483724 5,717459
2,110139 2,936283
0,850236 3,680246
1,523920 1,800665
1,005744 2,875684
0,716338 1,545773
2,853164 3,095908
3,164619 2,813268
1,980658 2,317327
3,863465 6,503549
3,292646 6,563568
0,518671 3,029651
3,665944 6,741898
4,334661 7,055288
2,308823 2,247105
3,832084 7,610876
4,294601 7,116464
4,237248 8,359090
4,400964 7,268817
3,355181 6,894052
0,651041 2,720927
2,420670 2,274396
4,555815 7,099398
4,790582 6,827575
5,557887 7,406789
2,399668 1,395724
1,877123 3,630363
5,343696 7,655910
1,979265 2,595294
4,930481 6,601965
0,604524 2,058268
2,504655 2,772539
3,479715 6,327447
5,706464 7,545262
1,589940 2,909900
1,633859 1,746777
3,973594 6,941569
4,058316 6,824489
2,589083 2,031455
1,508840 1,977249
4,320985 7,922764
3,873431 5,721515
4,423334 7,429027
4,325784 7,256595
1,677844 3,529337
1,569812 3,591248
3,693100 7,325371
3,857252 7,872984
1,879737 1,127423
3,490040 7,032108
3,545024 5,774228
5,026475 7,096340
2,732132 1,520315
0,377575 2,392380
4,583303 6,590260
2,177888 2,910327
5,443064 6,334655
3,898207 6,648542
4,819326 7,725825
3,895325 6,670104
1,842570 2,925408
1,299132 1,664582
1,554787 1,968172
1,462906 2,112038
5,173385 7,778867
2,280484 3,299527
2,326736 2,398692
5,445503 7,168464
1,799027 1,424388
3,956619 7,269566
0,352773 2,928176
1,518611 2,757822
1,373100 1,708960
0,800117 2,086369
2,604194 2,425391
1,603889 1,684241
2,805354 2,929952
5,835040 6,811809
2,299430 1,875775
4,428052 7,384829
1,015316 3,004509
4,256827 6,803651
1,572367 2,236358
4,398180 6,148226
2,176154 1,652757
5,594336 7,367378
2,330301 1,905537
2,167703 2,772367
1,937356 2,394412
1,730167 2,545887
1,095032 2,185949
4,792191 6,732629
1,909484 1,486411
4,572751 7,481040
5,232337 5,935893
0,751819 2,566455
1,303512 2,188866
4,485874 7,879218
4,513059 6,810127
2,821653 2,185726
2,614783 1,992540
4,001124 6,398953
4,466458 6,705548
4,106338 7,455362
2,009443 2,201362
0,857416 2,844967
2,464298 1,452244
1,191523 2,347083
2,760719 3,092525
4,975315 7,217182
5,511411 6,097770
5,388668 6,690179
3,833068 5,993275
3,770982 6,555406
3,677126 6,709589
1,427277 1,056150
4,362561 6,812661
2,693496 1,831491
1,525692 2,847656
4,911738 6,358065
4,584240 7,112913
4,437809 7,308393
4,874695 6,480429
2,255142 1,983862
3,932232 7,007341
3,395017 6,412338
3,973315 7,375441
2,122337 3,333837
4,016166 7,003469
1,995027 1,283412
5,210842 6,620353
2,118532 1,886481
4,149005 7,059289
2,266441 2,195994
4,319610 7,887598
4,154402 7,599841
2,179410 1,739524
1,831180 3,031696
3,477257 7,654387
1,671775 3,200991
0,984365 2,976740
5,048858 6,693640
3,663346 6,784503
5,323840 7,125249
5,327607 6,521843
2,427351 1,829161
1,519578 3,295320
1,344830 2,904083
3,220798 1,036692
1,576581 3,166560
2,024699 2,114422
4,515957 7,178238
0,496905 2,992390
2,841929 2,431728
4,748201 7,673247
3,494789 6,743062
2,606423 2,441828
2,613812 1,292549
4,454898 6,930896
1,513567 2,802253
3,787011 7,360035
0,958067 2,975525
4,226525 5,575156
4,724736 6,558051
1,989765 2,777071
4,899181 5,814901
1,297860 2,970738
4,528529 6,535302
3,406071 6,782680
4,655586 5,854831
4,487070 7,209339
3,781663 6,612257
5,652314 5,873785
4,352502 6,459187
0,991872 1,746989
4,434829 7,480004
3,745295 6,579925
4,859146 6,485241
4,970428 6,858685
2,329824 2,543488
4,405959 6,227409
4,083767 7,990144
1,385750 2,402778
4,112311 6,454561
3,518879 6,456353
2,068482 2,812954
3,370531 6,847043
1,878237 1,950284
2,063487 2,490800
2,359333 3,464728
5,463537 6,281730
3,648257 7,402443
4,721147 8,002632
1,584661 2,875927
1,242560 1,243993
4,111905 7,730807
4,495355 6,700044
5,248262 8,116778
2,049566 2,969420
5,560900 6,797694
4,464441 7,048562
3,438123 6,383571
4,412453 6,369013
1,085273 2,315982
1,182122 1,818609
1,751193 2,895435
4,578592 8,036410
1,031561 3,652185
2,519294 2,834011
0,694171 1,329938
3,312829 6,909843
1,142061 1,452807
3,653025 7,107832
4,044636 7,258815
4,079297 6,597620
1,583700 3,640271
5,243798 6,864917
2,370458 2,459064
4,241180 6,842462
4,186639 7,180135
4,959210 6,955484
1,564409 3,072142
4,337064 7,514142
2,101404 1,089762
0,875953 2,017517
2,403954 1,406524
3,617226 7,005739
2,105126 3,234919
5,269402 8,328217
5,660264 8,321103
4,995496 7,675776
2,794272 2,262936
4,431819 7,245076
3,097500 1,619856
3,666868 6,642074
4,998519 6,954116
4,364143 7,224033
4,180688 6,702112
2,760429 3,001839
3,678962 6,103075
4,774575 6,875106
1,510338 2,386790
0,886108 2,717499
1,669940 1,598875
1,620229 2,529396
4,417692 8,063435
1,779218 2,128868
0,376354 3,058636
4,289951 6,169248
5,428125 6,364980
4,553619 6,663192
1,953402 2,752355
1,420559 2,466403
4,176569 6,414295
0,651312 2,699383
3,151928 6,128941
4,987951 7,739215
4,233945 8,113092
4,597533 6,703572
3,981583 7,055673
4,211009 7,587704
1,897248 1,819196
3,407574 7,102114
4,260420 7,080297
4,040370 6,418452
4,352632 6,739691
4,030796 6,973853
5,009630 6,632195
4,436330 8,068491
3,283864 7,520550
1,927527 2,391723
4,959242 7,667261
2,381506 1,644569
5,364925 6,102284
5,297172 7,735017
4,121752 6,869727
2,672723 1,287754
3,526571 6,363912
2,570612 1,574144
5,073175 6,891651
3,994747 7,180512
4,380515 6,504907
2,547778 2,916250
2,391370 1,593002
1,176406 1,623482
4,271189 5,809451
2,187883 2,568567
5,230722 6,757933
1,585324 1,876088
4,341017 6,292350
4,268535 7,059243
2,930863 2,726350
4,840489 7,509717
3,939524 7,078705
4,445807 7,109856
4,244187 6,499827
4,502042 6,079331
1,611290 3,489630
4,972799 5,862330
3,310696 7,812971
4,213875 7,006645
1,282831 1,584332
0,785256 1,844144
1,924491 2,338826
2,158480 2,127229
1,699624 2,370798
4,304415 8,379422
3,055377 3,748978
3,572786 6,624573
4,770073 6,095227
5,753670 6,920635
0,610062 2,099167
3,739701 6,090989
1,944044 1,181870
4,966957 6,673775
0,553198 2,770187
1,733283 1,962766
3,664787 7,363944
0,713274 2,893409
4,259860 6,591746
1,967946 1,389527
0,408900 1,592473
4,913214 8,075785
0,900487 2,188208
4,154806 6,706297
4,551008 6,610890
1,587937 2,218665
4,512390 7,912197
5,432494 7,844697
3,137855 8,146655
1,009757 3,639587
5,196521 7,283146
4,467274 7,857092
4,675925 7,721605
1,957476 2,602657
1,148090 2,030093
4,505461 7,040893
3,369206 7,335324
1,307078 1,332992
4,529499 6,947362
1,742901 2,937911
4,249504 7,758291
3,995042 5,736248
5,334215 7,391317
1,916874 1,737653
0,611872 2,566350
2,145066 2,324560
1,102430 2,067358
5,032125 7,927535
4,992358 6,298534
2,451356 2,427225
4,291811 6,153672
3,912321 6,314769
4,229459 7,005972
1,630754 1,439659
1,821643 2,033642
1,987988 1,902279
4,621445 6,114950
3,641301 6,791691
4,432704 6,237552
3,767434 7,228919
1,993214 2,335922
1,073482 2,154813
1,804857 2,702577
3,116114 1,611499
2,824688 1,078843
4,314064 6,926740
1,862393 1,921630
1,503178 3,494352
2,392724 2,787545
1,973814 3,274264
3,550324 8,182884
2,248477 3,033704
2,099426 3,641190
2,183311 1,596388
3,876785 7,217754
4,608856 6,745431
4,583127 5,633708
4,484072 6,858298
3,505611 7,986730
4,208395 8,038885
1,520528 2,303803
2,004065 1,855397
4,867981 6,906351
3,714742 7,634722
4,915073 6,329515
4,963384 7,106701
2,527706 2,172906
1,802479 2,717957
0,740118 2,363374
0,655400 3,091069
4,925346 7,372006
4,201638 6,292718
2,675872 1,621900
1,781637 2,930791
3,969701 7,116060
5,182379 6,814558
5,088592 5,868596
1,542751 1,793674
2,049666 1,207735
2,667439 2,966656
3,986626 7,046669
1,405291 2,009604
5,168793 7,276591
4,950815 6,327284
4,642420 6,575982
4,133558 7,345765
1,759425 2,643265
4,418242 7,914713
2,282740 1,870196
0,721388 3,091535
