300 65
25
86
41
77
18
37
52
6
73
78
42
27
26
7
28
59
29
80
61
76
88
29
66
97
41
18
80
71
92
13
63
85
8
1
38
53
32
95
92
73
53
26
50
5
68
24
11
28
15
63
35
56
31
3
100
87
54
47
32
85
21
26
60
34
96
82
44
89
82
35
15
78
30
33
24
38
52
70
69
21
49
98
88
27
9
52
33
66
19
94
42
33
27
88
21
71
71
80
50
39
89
64
14
54
23
18
9
63
92
15
94
24
5
27
82
74
47
61
73
97
22
65
89
33
97
12
61
33
56
46
48
76
19
81
26
75
9
96
49
30
89
44
42
53
39
78
4
52
69
56
21
51
48
53
98
84
15
4
73
89
4
68
93
76
1
20
25
24
48
99
95
41
10
16
75
33
52
15
2
37
95
61
93
11
60
96
31
1
46
31
39
32
29
48
22
57
26
91
37
66
56
13
97
11
78
86
77
24
98
49
73
1
75
27
94
94
63
76
78
36
85
71
68
91
85
6
58
96
45
81
73
59
77
39
94
24
48
42
62
89
24
41
73
45
78
73
28
72
36
94
34
99
7
76
39
57
87
77
87
22
22
26
43
36
53
20
63
14
37
93
89
6
34
98
57
58
69
65
22
20
57
57
64
26
58
94
66
22
87
3
98
49
81
66
15
77
98
61
27
93
