300 65
10 35
18 95
24 43
27 87
33 24
43 39
48 55
58 14
62 79
71 82
79 52
83 36
86 28
92 14
102 36
110 63
116 35
123 86
130 62
133 86
139 94
144 33
152 75
155 107
164 43
167 20
171 87
176 72
179 94
184 18
190 73
193 94
201 12
205 6
209 47
215 58
222 37
227 98
234 94
244 76
252 63
258 29
264 52
269 7
278 70
282 26
291 19
296 34
303 18
310 72
319 38
324 61
329 35
335 11
340 108
345 88
353 60
356 48
362 41
365 91
369 27
379 36
386 64
395 37
403 106
407 83
416 51
419 92
425 91
430 44
436 24
441 79
449 31
454 34
457 26
464 39
471 54
480 80
487 73
493 25
501 55
509 107
512 89
520 29
527 12
533 62
542 37
551 76
560 21
567 104
574 48
582 43
591 32
595 90
603 30
608 75
615 72
619 87
622 54
628 46
633 93
640 70
646 24
654 61
657 30
667 26
677 19
686 68
692 98
698 17
706 104
710 30
718 12
721 36
725 88
732 75
737 57
742 64
748 74
758 107
764 32
769 73
778 93
782 35
791 105
797 17
803 66
812 36
817 65
825 48
832 51
835 81
843 28
848 89
858 28
867 78
871 14
879 105
889 50
893 36
900 92
909 53
919 51
925 55
932 41
940 81
947 10
951 58
957 70
961 58
966 22
971 56
975 53
984 56
992 106
999 91
1007 17
1013 6
1022 76
1028 94
1034 11
1044 75
1048 96
1052 78
1057 8
1062 26
1068 26
1077 32
1084 51
1090 104
1095 97
1103 42
1107 17
1114 24
1120 80
1124 38
1132 61
1139 16
1147 7
1151 38
1155 97
1161 67
1169 96
1176 14
1185 63
1192 106
1202 41
1211 4
1215 56
1223 39
1232 46
1237 37
1241 36
1250 57
1256 23
1263 58
1270 30
1276 92
1282 45
1287 70
1291 65
1301 16
1309 98
1314 18
1317 79
1325 96
1331 85
1334 25
1341 104
1347 58
1355 82
1365 6
1370 76
1380 35
1389 95
1396 102
1399 71
1408 85
1415 86
1423 39
1427 88
1432 76
1437 75
1440 97
1449 90
1455 13
1462 66
1466 105
1474 47
1480 91
1488 83
1494 69
1497 86
1504 46
1507 99
1513 34
1521 57
1530 48
1540 65
1549 96
1556 29
1559 50
1562 79
1571 49
1574 83
1582 79
1590 38
1593 79
1599 38
1608 103
1618 40
1624 109
1628 8
1638 77
1647 42
1655 67
1663 90
1669 85
1674 90
1677 27
1686 32
1696 29
1702 46
1710 42
1718 56
1727 27
1732 72
1740 19
1743 41
1748 96
1755 95
1759 9
1762 42
1772 102
1778 65
1785 66
1795 71
1804 66
1808 27
1813 25
1821 66
1829 66
1839 72
1842 35
1850 63
1853 96
1856 68
1865 26
1875 90
1878 12
1882 99
1888 54
1895 90
1900 71
1910 21
1913 80
1920 108
1924 69
1927 31
1932 102
