1000
900 926
896 932
693 727
518 530
902 918
944 974
932 942
742 760
786 818
626 646
745 751
846 872
989 999
644 666
656 660
550 568
670 710
894 922
940 974
707 727
490 528
955 959
696 712
916 932
628 642
605 609
934 958
719 727
533 543
750 788
582 608
604 626
687 695
770 806
900 924
540 562
691 729
515 543
794 824
573 589
918 938
597 603
746 758
625 647
498 530
689 717
732 770
683 717
563 583
588 628
831 865
568 600
669 707
585 615
692 706
969 973
959 967
699 713
630 640
582 608
593 613
609 649
583 605
626 654
687 709
747 759
528 530
541 563
984 1000
639 653
588 602
560 590
995 999
782 816
723 741
933 957
941 961
717 729
754 788
610 642
556 584
520 534
497 531
711 733
651 659
521 529
745 769
758 788
538 546
877 883
669 695
613 625
873 891
556 564
953 985
800 830
547 563
687 727
619 637
777 811
589 623
808 818
942 976
691 709
647 667
805 831
672 686
609 635
866 888
967 983
596 626
638 676
648 680
498 528
651 683
892 914
819 827
985 989
778 812
750 778
976 990
569 587
839 861
891 903
855 857
762 802
605 613
698 704
672 690
951 973
520 528
987 999
712 736
772 784
592 608
560 592
538 548
665 687
823 861
600 606
732 766
911 951
934 966
888 894
594 628
974 1014
939 953
850 866
947 985
844 880
721 733
662 664
622 632
973 991
625 665
835 869
506 522
671 675
527 535
936 938
685 711
763 783
745 767
871 889
778 800
743 779
942 970
553 563
714 742
951 977
908 914
600 626
913 927
869 877
650 680
946 954
762 784
571 607
583 593
756 758
586 592
650 686
565 595
578 592
548 568
594 610
618 652
602 636
836 860
674 692
512 518
714 726
962 988
583 615
570 604
908 948
537 541
572 594
944 946
642 676
657 669
740 764
909 911
714 742
664 696
507 535
514 552
971 987
577 583
545 549
496 532
957 969
550 568
883 913
690 696
758 790
947 987
934 958
829 841
714 728
941 967
899 931
769 791
980 988
709 733
951 983
657 693
758 788
881 919
639 667
795 805
552 576
601 613
700 718
725 737
634 656
865 879
708 720
688 724
997 999
585 597
923 929
900 906
732 754
787 809
883 923
901 923
982 998
670 690
923 961
648 658
589 617
945 957
625 637
638 678
657 697
928 948
750 760
771 779
721 751
803 807
487 521
700 732
898 920
495 529
557 569
770 776
652 688
736 752
782 810
836 874
813 847
823 829
715 747
873 905
715 735
694 700
767 807
871 887
537 571
539 559
607 633
630 666
802 840
746 758
520 540
574 576
941 961
856 876
651 661
708 716
962 978
812 820
995 999
603 633
664 686
869 903
492 532
732 772
679 717
824 826
917 957
961 995
596 614
826 848
866 874
558 560
639 643
996 1002
740 744
887 897
842 864
861 899
968 1008
585 617
905 909
691 697
798 838
878 902
582 610
980 1004
550 586
662 680
642 678
549 553
644 684
549 589
975 999
558 598
763 801
647 655
776 784
697 727
848 862
588 628
575 603
866 870
650 688
511 549
684 714
965 969
829 857
675 707
654 664
809 847
530 534
894 926
520 530
820 846
628 642
565 579
854 886
831 857
702 708
510 544
529 553
671 695
901 941
662 682
883 893
662 664
939 945
573 609
724 730
889 921
778 782
656 660
570 578
978 984
861 867
589 605
552 556
814 844
742 770
599 629
810 814
957 995
608 610
612 618
747 785
818 854
628 648
869 899
618 622
725 729
949 969
847 859
666 676
940 972
533 573
506 540
734 738
690 712
610 638
823 845
813 847
863 903
512 542
901 917
507 537
925 935
730 734
631 667
943 951
996 998
781 807
894 916
925 941
766 804
614 632
541 575
721 747
634 666
892 914
640 676
804 818
975 977
503 541
619 629
937 959
855 857
988 998
774 780
939 971
866 884
516 518
572 598
513 545
717 751
508 538
510 518
872 910
792 810
719 755
965 967
816 846
876 880
781 807
526 566
927 935
543 549
935 945
881 905
533 563
660 666
810 826
585 591
576 598
483 521
726 730
994 996
783 799
713 743
987 1007
848 874
965 983
958 992
687 723
627 663
615 645
641 681
685 725
657 691
717 757
861 891
925 939
740 742
680 702
715 755
646 670
873 905
613 643
816 840
858 890
815 843
528 554
607 625
520 542
519 551
587 601
920 956
732 764
961 971
500 526
700 714
974 978
668 678
892 904
590 614
641 667
776 790
576 604
651 681
738 772
627 659
749 757
650 658
502 530
896 910
509 529
601 623
648 658
728 760
691 693
971 1007
555 559
727 743
931 957
957 967
926 950
759 771
974 1010
727 735
904 914
811 831
833 841
691 699
735 747
674 690
548 562
906 930
572 574
562 580
519 527
514 536
483 523
697 725
514 548
920 944
647 677
726 742
611 617
860 890
596 628
879 883
864 892
782 794
814 832
747 785
987 993
843 859
634 668
653 693
690 728
512 550
705 713
870 874
671 691
843 879
879 913
984 1002
536 538
800 812
702 728
827 857
683 723
840 868
614 648
564 576
802 840
722 760
839 861
833 871
497 525
868 902
604 626
788 800
621 659
774 802
869 905
626 658
772 802
700 710
969 979
792 798
873 897
741 781
966 1006
957 987
790 830
650 684
586 622
586 624
716 738
922 932
907 927
675 693
851 891
695 717
885 905
960 976
968 982
972 998
710 726
554 572
657 687
852 876
871 889
774 808
605 613
947 963
889 911
660 694
555 571
876 888
840 864
518 534
520 526
942 958
546 548
603 635
733 773
682 722
673 705
537 575
907 913
847 849
791 827
660 662
879 909
615 639
591 603
727 767
821 843
879 907
781 797
655 683
944 982
619 657
626 648
827 845
813 837
793 815
865 901
553 575
617 645
678 708
944 978
889 919
789 827
788 802
560 586
512 528
676 698
635 639
947 979
981 1003
643 657
560 598
740 758
862 872
774 800
738 740
591 631
597 633
935 939
921 927
977 999
738 750
652 658
778 808
867 883
627 645
975 979
634 640
804 828
887 889
765 781
951 991
681 697
701 729
924 956
623 649
501 515
926 930
955 989
953 969
854 882
899 933
958 988
649 689
752 756
929 945
690 702
486 526
641 681
962 966
792 806
858 878
827 849
509 525
898 902
660 670
906 942
711 723
570 586
701 719
937 977
533 569
766 800
531 569
871 895
809 835
962 986
908 916
564 602
977 1001
534 572
899 931
793 825
842 868
883 913
527 543
514 532
888 920
592 622
592 604
767 775
762 796
710 748
550 558
719 727
791 819
936 964
918 920
607 611
786 814
981 1019
916 938
854 870
963 995
891 909
757 777
585 605
960 972
753 755
922 952
913 935
630 654
797 809
881 899
926 958
660 694
868 904
685 711
854 874
933 969
709 733
565 573
822 836
846 872
568 608
704 740
958 962
933 963
524 530
510 524
755 769
517 543
859 873
734 764
791 829
861 881
762 778
880 882
913 945
736 760
800 824
639 675
535 567
944 980
910 924
531 569
853 879
852 854
822 848
624 626
780 818
565 583
869 889
616 624
901 909
490 526
790 826
570 586
901 927
965 967
537 539
771 805
877 909
541 543
638 640
633 651
838 854
876 900
794 800
767 787
554 580
848 858
935 967
963 977
783 813
566 594
644 668
768 786
752 782
570 582
596 632
921 933
690 694
839 861
632 652
503 513
912 944
592 626
933 957
865 869
601 635
880 910
790 826
774 796
791 825
985 999
801 813
765 801
800 816
720 722
753 779
729 739
537 559
533 571
573 595
642 656
942 946
768 782
903 929
512 526
765 805
876 892
967 985
587 605
760 762
698 710
939 973
692 706
962 984
782 820
520 552
855 869
780 812
601 637
852 862
637 671
724 726
660 672
788 816
672 700
880 914
812 824
662 672
641 653
656 688
636 654
510 518
899 933
986 994
508 530
936 954
673 675
526 544
665 689
556 580
749 781
765 805
570 604
691 699
673 709
605 621
864 880
492 516
683 697
816 830
970 1010
598 606
768 808
962 998
815 853
828 866
843 857
865 875
504 510
567 581
627 629
652 666
869 881
798 824
724 736
753 759
603 641
778 796
545 547
608 628
793 817
837 841
558 584
916 940
590 618
644 652
496 524
559 567
547 563
700 740
774 798
555 563
940 950
760 766
918 940
867 887
973 1007
776 788
645 669
551 565
954 986
569 575
858 868
679 709
740 772
835 847
607 617
827 865
528 558
540 576
783 797
742 780
554 588
739 743
597 605
820 858
960 976
765 791
764 772
767 789
587 595
542 580
567 589
825 835
803 825
823 847
526 542
887 913
607 619
600 606
748 764
959 993
539 577
957 981
799 805
670 684
662 674
903 913
648 688
536 568
830 868
940 970
660 684
710 724
646 670
621 627
632 640
787 793
622 628
602 642
578 584
785 817
686 688
617 647
812 832
849 867
980 1002
923 937
936 964
772 794
668 692
944 980
977 999
669 695
628 638
942 944
953 981
657 679
874 880
897 911
949 987
584 600
578 610
691 727
950 972
857 873
795 823
916 920
