900 200
553 620
666 732
313 668
727 1375
218 1237
309 1285
871 1136
950 1088
796 1344
803 863
103 1286
642 710
298 831
19 1014
706 765
706 876
251 719
85 999
33 661
696 854
179 823
198 745
543 730
893 1344
764 780
163 1353
220 664
669 1072
381 762
360 636
867 1040
529 1205
397 1099
204 937
98 990
630 1043
-3 686
694 1147
853 931
286 1379
937 1316
446 628
649 878
233 679
839 971
465 1358
631 1345
918 966
837 1003
310 851
653 1255
390 643
649 964
387 1293
675 838
99 1282
631 1361
147 1358
897 1088
660 1143
790 925
933 1377
825 1198
472 702
285 1196
281 1083
108 666
615 730
671 1268
26 797
825 1226
121 1054
674 1222
603 768
384 1117
958 1258
244 1345
620 909
923 1239
717 1134
877 924
677 945
82 996
566 1258
715 761
828 1163
829 1124
191 660
282 1249
260 1370
853 1106
689 983
559 634
319 629
589 727
895 1194
159 1162
220 714
475 1160
797 994
158 654
81 749
371 1348
17 1305
676 936
275 1232
516 1225
429 1100
688 1094
438 652
543 1301
718 787
935 1085
485 677
163 871
84 765
983 1206
15 775
170 1305
239 669
691 844
12 1153
201 1397
751 864
418 601
809 825
155 750
492 685
379 986
133 867
160 773
123 1297
900 1261
481 1358
462 1090
636 707
738 1228
229 1235
495 711
119 1242
650 888
809 1302
31 1239
626 997
154 1001
246 1220
958 1272
65 647
36 794
667 1361
316 1246
173 1107
25 939
545 813
824 1085
381 855
27 742
224 1350
866 1350
625 1381
670 792
356 1221
383 1009
846 1272
336 1182
914 1137
772 1359
206 702
880 1111
257 1361
630 994
300 1134
330 1259
17 677
362 1129
179 877
24 963
311 1037
186 1348
459 1108
353 1335
599 1068
538 1251
393 1317
159 1202
726 1179
143 1296
452 1214
750 946
218 1119
41 632
674 783
45 1128
623 747
942 1111
985 1273
320 1081
507 711
429 1316
598 1008
304 1271
894 917
284 1074
783 924
58 1365
979 1151
374 1099
753 1389
159 1381
807 1335
307 1127
901 1355
152 788
687 1210
718 1349
358 1021
94 986
909 946
447 725
745 981
388 1169
72 864
510 1122
699 842
93 1090
351 925
266 1252
138 698
988 1246
774 800
632 755
439 896
304 654
321 1228
140 1057
116 1366
81 1362
46 1218
468 1350
610 1190
765 1405
452 1002
198 1166
933 964
637 811
423 1377
248 1359
794 1375
1014 1394
140 783
670 1237
303 1062
544 916
362 1158
579 803
562 1345
650 1136
793 1278
421 1298
478 910
279 814
585 1389
380 756
711 756
639 944
717 784
347 1281
97 1028
482 951
131 981
665 846
528 1389
310 734
6 1003
253 1094
124 1240
280 1105
532 1199
346 1106
784 1397
264 851
261 662
187 1310
585 848
631 915
825 1106
721 1187
293 1158
110 1194
257 754
164 696
939 983
588 826
258 1033
636 1163
680 1139
719 1390
446 690
518 621
621 1283
916 1042
555 1128
399 945
607 786
883 1037
188 1206
746 775
670 804
623 875
87 772
748 1309
569 856
859 987
111 1045
804 1100
912 1079
206 1064
517 1371
784 967
478 828
737 810
707 1022
745 1171
460 791
394 1107
693 1316
60 671
259 1228
973 1072
920 1043
170 966
620 780
581 658
790 979
62 696
207 814
897 1314
411 693
570 703
728 969
329 729
768 970
972 1045
804 1245
537 646
126 878
971 1302
356 768
402 1369
991 1164
233 1339
193 982
335 1302
534 1341
783 1268
883 929
27 840
879 1216
517 1170
40 847
658 736
655 1360
386 1130
78 773
615 1336
532 679
869 1388
502 686
436 936
219 1210
825 1353
-5 1252
145 1129
463 981
928 961
519 1254
892 990
123 954
443 740
182 1048
112 857
113 1028
826 1190
913 1168
626 1157
435 1187
607 1387
227 1061
806 938
827 1170
675 871
810 1157
552 623
102 847
734 848
406 645
300 642
106 1012
150 1101
927 1360
397 1324
192 619
244 763
844 871
863 1297
535 1287
402 1350
733 1183
590 1189
593 1020
524 881
150 1196
878 1089
699 769
735 874
809 1061
569 690
313 1150
206 815
877 1254
392 833
599 685
905 956
312 777
348 766
682 1339
896 941
856 877
858 1155
829 1124
824 1263
292 1276
962 1003
819 1127
212 638
395 701
32 1322
653 881
85 957
78 592
648 1038
534 1217
392 1092
366 1064
669 1016
752 1232
277 1274
909 1351
150 833
874 979
201 753
590 991
548 1282
802 1021
121 1201
531 857
550 1283
786 1296
979 1206
670 1283
407 791
786 842
160 781
903 1154
646 941
224 1227
112 1096
480 843
729 917
403 1130
528 868
19 884
48 822
294 996
441 972
454 697
890 1091
360 980
596 932
562 1060
600 1113
330 1010
716 1020
78 1213
852 1140
478 1040
925 1082
765 788
-20 935
127 948
586 1377
402 657
650 1376
694 926
504 974
53 1331
29 1183
773 1008
507 809
611 981
363 882
589 1259
166 1054
20 1031
110 985
796 904
126 1127
419 942
189 669
524 1395
848 1076
473 910
694 808
585 622
66 1114
21 889
645 1111
107 1285
677 1010
931 1284
756 1172
705 1181
928 1178
689 1199
673 1129
677 1254
963 1016
-9 1190
62 678
200 1100
702 739
845 1163
230 1360
236 678
956 1267
396 1293
898 929
156 1067
699 1234
481 1042
247 954
310 1282
689 1004
216 1050
688 818
751 1037
161 1360
896 1233
727 1120
789 838
540 637
796 1351
885 996
989 1130
433 1194
295 1072
905 1043
830 981
79 1001
369 1145
261 1260
672 987
506 805
473 634
282 1197
403 1148
952 1037
414 817
414 771
202 979
459 876
905 1341
299 939
502 1321
655 1175
205 867
182 663
275 1127
219 695
398 1355
501 1193
169 804
729 853
459 1181
802 922
342 924
124 641
489 1221
603 990
194 1192
689 887
846 965
938 973
168 1367
84 1369
789 894
719 1385
309 1166
643 1143
605 897
421 994
978 1312
495 1011
297 1052
329 1357
788 1369
905 1016
515 887
410 1210
237 904
925 1283
702 717
397 988
597 1194
567 916
418 817
615 797
599 1402
78 694
287 775
768 970
614 898
189 1327
580 1355
904 1102
731 1269
903 1040
216 794
472 1287
656 691
44 637
81 1300
342 763
250 695
478 749
546 1210
619 981
409 1156
262 1327
990 1212
771 1184
728 1296
1 1421
517 1397
812 868
497 705
456 810
215 1038
32 1323
423 611
279 1150
944 1098
77 1077
96 1086
423 854
327 1180
606 1256
134 1405
12 940
914 1269
23 1351
148 1268
719 955
35 587
726 806
431 868
547 1195
422 1263
69 980
6 654
657 968
233 855
425 605
498 605
782 957
435 1037
347 1290
661 802
389 878
567 656
336 1138
190 1070
908 1172
760 1379
868 946
662 930
859 894
168 1119
665 1245
498 1158
262 1297
445 991
413 1280
330 847
296 1330
61 1241
60 1076
672 909
682 714
643 1285
509 1249
807 878
242 1199
875 963
505 1219
552 744
79 790
373 1033
708 1162
67 1141
964 1341
583 1090
166 1168
124 1227
842 1290
280 980
983 1332
853 889
224 1149
685 773
74 1286
700 729
252 1071
603 1097
962 1185
176 1386
51 1153
112 659
268 1164
302 1396
888 1186
-2 761
410 1007
988 1132
699 1273
27 1394
481 777
729 770
592 1026
470 969
826 1221
56 1116
734 1382
216 1034
871 1357
260 681
661 1139
252 945
1021 1329
992 1335
999 1365
1009 1177
820 971
814 957
313 723
213 945
308 1160
338 1119
38 1153
276 808
941 1316
64 940
188 710
728 1326
729 1347
62 702
222 716
834 1365
94 1236
144 1204
339 1020
520 863
535 891
918 1301
946 981
457 1126
680 1348
517 1238
454 918
105 1375
231 1290
487 996
658 797
674 1112
873 1367
692 754
698 765
182 810
155 1382
718 1063
69 995
696 1154
782 1151
39 1160
777 1245
342 1330
367 682
869 1136
376 719
796 841
194 956
630 1153
181 1350
314 1087
105 1092
628 875
213 1251
571 1045
807 1028
839 1179
384 746
566 1209
374 1160
167 1332
698 1150
561 1046
828 1384
400 685
170 678
678 812
463 714
691 768
775 833
174 1027
706 960
659 877
611 737
648 1000
15 1009
125 1188
737 1230
447 697
983 1278
135 1312
578 840
285 1203
295 1334
825 1287
771 987
566 1297
930 965
488 1350
439 737
678 887
156 980
356 1190
783 818
333 1336
832 1111
488 1364
772 1347
392 1370
456 1244
602 1323
174 1050
159 1340
661 1287
670 1208
769 1096
387 1165
253 1018
388 661
627 888
553 835
246 1369
814 1380
147 1244
723 818
62 1331
472 621
327 892
582 897
531 829
206 1106
495 1020
622 1087
784 999
510 1241
89 1381
413 1378
564 1060
477 1052
495 1082
885 944
599 1303
128 1086
185 1206
771 1377
15 657
209 871
621 1073
562 828
577 811
436 872
609 760
135 809
964 1134
676 1375
743 1108
376 1118
