1940 300 65
10 101
18 49
24 40
27 34
33 95
43 28
48 78
58 78
62 87
71 57
79 39
83 89
86 64
92 14
102 54
110 23
116 18
123 9
130 63
133 92
139 15
144 94
152 24
155 5
164 27
167 82
171 74
176 47
179 61
184 73
190 97
193 22
201 65
205 89
209 33
215 97
222 12
227 61
234 33
244 56
252 46
258 48
264 76
269 19
278 81
282 26
291 75
296 9
303 96
310 49
319 30
324 89
329 44
335 42
340 53
345 39
353 78
356 4
362 52
365 69
369 56
379 21
386 51
395 48
403 53
407 98
416 84
419 15
425 4
430 73
436 89
441 4
449 68
454 93
457 76
464 1
471 20
480 25
487 24
493 48
501 99
509 95
512 41
520 10
527 16
533 75
542 33
551 52
560 15
567 2
574 37
582 95
591 61
595 93
603 11
608 60
615 96
619 31
622 1
628 46
633 31
640 39
646 32
654 29
657 48
667 22
677 57
686 26
692 91
698 37
706 66
710 56
718 13
721 97
725 11
732 78
737 86
742 77
748 24
758 98
764 49
769 73
778 1
782 75
791 27
797 94
803 94
812 63
817 76
825 78
832 36
835 85
843 71
848 68
858 91
867 85
871 6
879 58
889 96
893 45
900 81
909 73
919 59
925 77
932 39
940 94
947 24
951 48
957 42
961 62
966 89
971 24
975 41
984 73
992 45
999 78
1007 73
1013 28
1022 72
1028 36
1034 94
1044 34
1048 99
1052 7
1057 76
1062 39
1068 57
1077 87
1084 77
1090 87
1095 22
1103 22
1107 26
1114 43
1120 36
1124 53
1132 20
1139 63
1147 14
1151 37
1155 93
1161 89
1169 6
1176 34
1185 98
1192 57
1202 58
1211 69
1215 65
1223 22
1232 20
1237 57
1241 57
1250 64
1256 26
1263 58
1270 94
1276 66
1282 22
1287 87
1291 3
1301 98
1309 49
1314 81
1317 66
1325 15
1331 77
1334 98
1341 61
1347 27
1355 93
1365 25
1370 86
1380 41
1389 77
1396 18
1399 37
1408 52
1415 6
1423 73
1427 78
1432 42
1437 27
1440 26
1449 7
1455 28
1462 59
1466 29
1474 80
1480 61
1488 76
1494 88
1497 29
1504 66
1507 97
1513 41
1521 18
1530 80
1540 71
1549 92
1556 13
1559 63
1562 85
1571 8
1574 1
1582 38
1590 53
1593 32
1599 95
1608 92
1618 73
1624 53
1628 26
1638 50
1647 5
1655 68
1663 24
1669 11
1674 28
1677 15
1686 63
1696 35
1702 56
1710 31
1718 3
1727 100
1732 87
1740 54
1743 47
1748 32
1755 85
1759 21
1762 26
1772 60
1778 34
1785 96
1795 82
1804 44
1808 89
1813 82
1821 35
1829 15
1839 78
1842 30
1850 33
1853 24
1856 38
1865 52
1875 70
1878 69
1882 21
1888 56
1895 105
1900 95
1910 34
1913 16
1920 59
1924 40
1927 73
0 26
