300 65
10 25
18 86
24 41
27 77
33 18
43 37
48 52
58 6
62 73
71 78
79 42
83 27
86 26
92 7
102 28
110 59
116 29
123 80
130 61
133 76
139 88
144 29
152 66
155 97
164 41
167 18
171 80
176 71
179 92
184 13
190 63
193 85
201 8
205 1
209 38
215 53
222 32
227 95
234 92
244 73
252 53
258 26
264 50
269 5
278 68
282 24
291 11
296 28
303 15
310 63
319 35
324 56
329 31
335 3
340 100
345 87
353 54
356 47
362 32
365 85
369 21
379 26
386 60
395 34
403 96
407 82
416 44
419 89
425 82
430 35
436 15
441 78
449 30
454 33
457 24
464 38
471 52
480 70
487 69
493 21
501 49
509 98
512 88
520 27
527 9
533 52
542 33
551 66
560 19
567 94
574 42
582 33
591 27
595 88
603 21
608 71
615 71
619 80
622 50
628 39
633 89
640 64
646 14
654 54
657 23
667 18
677 9
686 63
692 92
698 15
706 94
710 24
718 5
721 27
725 82
732 74
737 47
742 61
748 73
758 97
764 22
769 65
778 89
782 33
791 97
797 12
803 61
812 33
817 56
825 46
832 48
835 76
843 19
848 81
858 26
867 75
871 9
879 96
889 49
893 30
900 89
909 44
919 42
925 53
932 39
940 78
947 4
951 52
957 69
961 56
966 21
971 51
975 48
984 53
992 98
999 84
1007 15
1013 4
1022 73
1028 89
1034 4
1044 68
1048 93
1052 76
1057 1
1062 20
1068 25
1077 24
1084 48
1090 99
1095 95
1103 41
1107 10
1114 16
1120 75
1124 33
1132 52
1139 15
1147 2
1151 37
1155 95
1161 61
1169 93
1176 11
1185 60
1192 96
1202 31
1211 1
1215 46
1223 31
1232 39
1237 32
1241 29
1250 48
1256 22
1263 57
1270 26
1276 91
1282 37
1287 66
1291 56
1301 13
1309 97
1314 11
1317 78
1325 86
1331 77
1334 24
1341 98
1347 49
1355 73
1365 1
1370 75
1380 27
1389 94
1396 94
1399 63
1408 76
1415 78
1423 36
1427 85
1432 71
1437 68
1440 91
1449 85
1455 6
1462 58
1466 96
1474 45
1480 81
1488 73
1494 59
1497 77
1504 39
1507 94
1513 24
1521 48
1530 42
1540 62
1549 89
1556 24
1559 41
1562 73
1571 45
1574 78
1582 73
1590 28
1593 72
1599 36
1608 94
1618 34
1624 99
1628 7
1638 76
1647 39
1655 57
1663 87
1669 77
1674 87
1677 22
1686 22
1696 26
1702 43
1710 36
1718 53
1727 20
1732 63
1740 14
1743 37
1748 93
1755 89
1759 6
1762 34
1772 98
1778 57
1785 58
1795 69
1804 65
1808 22
1813 20
1821 57
1829 57
1839 64
1842 26
1850 58
1853 94
1856 66
1865 22
1875 87
1878 3
1882 98
1888 49
1895 81
1900 66
1910 15
1913 77
1920 98
1924 61
1927 27
1932 93
