200 3740
555 500
473 600
359 500
161 600
954 500
547 300
598 800
111 500
915 800
664 600
344 800
995 800
524 300
800 400
172 800
183 600
972 300
499 600
716 300
596 300
257 300
296 500
580 700
354 300
314 500
317 300
828 700
829 800
285 500
121 400
713 700
187 700
502 400
340 800
323 600
515 800
383 800
944 300
583 300
927 500
450 400
587 300
219 800
903 800
372 600
403 700
749 400
191 400
650 800
348 800
423 400
428 300
857 800
478 600
666 600
878 400
958 400
579 400
173 500
698 500
770 500
838 600
748 400
181 500
416 600
337 800
738 800
741 600
279 700
689 600
730 700
371 600
635 500
154 500
577 500
220 300
726 600
156 800
679 400
370 800
355 800
925 300
441 300
310 800
964 700
889 300
728 300
824 700
720 300
950 400
508 500
881 500
363 500
195 400
922 500
904 300
186 600
280 700
346 400
488 400
771 500
356 800
113 600
303 500
649 600
751 600
601 400
926 700
439 500
742 600
417 800
936 700
327 300
475 300
753 800
281 400
567 400
729 800
519 400
595 400
537 300
544 700
850 800
171 400
786 700
896 700
514 800
201 400
309 600
207 500
559 700
907 800
529 800
322 800
230 800
150 800
232 400
953 300
427 400
871 700
304 800
392 800
249 700
707 600
262 300
819 800
813 300
647 300
170 800
562 600
229 600
277 300
301 500
924 600
615 300
406 700
270 800
683 300
873 700
211 600
203 400
659 800
455 700
812 400
236 800
334 800
360 500
395 500
825 400
791 600
792 300
263 600
717 500
396 500
100 700
157 600
548 800
453 800
460 800
993 600
204 700
397 300
694 600
700 800
123 400
669 400
535 400
505 600
266 300
823 800
468 800
614 700
174 600
523 500
261 800
882 500
658 500
130 700
373 500
326 500
260 274
28 35
296 303
11 37
308 323
146 159
120 138
49 79
263 282
292 313
90 99
134 155
259 271
237 254
179 205
220 240
275 298
352 365
18 35
139 167
254 265
334 355
158 168
57 79
356 364
92 108
142 170
203 228
324 347
1 17
168 197
87 100
221 246
195 208
281 309
139 161
283 290
234 262
251 276
14 44
307 336
59 82
241 268
239 249
100 115
305 335
170 187
1 13
98 112
104 125
179 198
127 140
201 218
172 179
100 109
132 162
327 357
103 113
11 22
348 360
323 338
17 46
38 67
243 250
345 365
176 198
245 266
213 242
2 21
56 74
336 361
340 355
287 306
351 362
266 290
1 15
227 254
132 154
43 59
299 326
29 43
162 183
344 360
210 227
312 341
309 327
98 109
1 8
77 101
278 300
305 331
334 355
311 341
191 215
1 19
325 345
149 168
19 42
18 37
315 341
36 61
294 303
231 252
256 277
223 234
265 283
28 52
181 198
278 300
278 291
48 75
192 214
220 230
321 345
300 316
120 134
1 16
127 156
209 220
172 200
321 349
99 123
291 320
33 62
142 164
78 93
1 15
53 76
305 330
355 364
1 14
122 147
280 301
215 243
247 258
249 259
257 267
274 297
256 267
338 359
187 206
44 64
62 72
28 40
46 63
287 301
267 291
3 31
183 202
119 147
82 98
200 221
168 197
332 360
199 210
144 152
224 234
113 137
326 345
165 176
346 361
83 90
216 225
328 350
247 268
149 176
291 298
258 272
232 242
163 170
330 341
203 227
317 330
88 100
78 102
320 335
21 28
273 300
241 256
313 324
1 16
194 209
103 112
53 79
256 266
54 72
289 311
185 209
144 162
192 220
184 204
132 150
8 21
1 19
84 98
69 78
309 335
153 172
277 307
345 361
63 70
22 44
43 54
105 125
1 12
68 89
319 341
11 37
319 344
1 13
1 12
139 150
46 59
146 156
197 216
256 280
62 77
152 176
180 203
174 189
78 92
356 365
143 156
324 331
67 80
21 36
144 155
56 77
279 296
345 363
155 162
2 10
206 236
253 275
315 345
195 215
73 98
297 310
126 134
207 232
241 269
207 223
61 78
29 39
349 360
26 48
34 55
101 123
161 170
283 303
223 237
317 345
25 46
114 122
54 80
125 139
334 350
124 132
235 247
73 102
98 117
84 110
262 275
278 303
12 26
318 333
52 77
24 43
303 330
95 120
1 10
261 269
223 230
251 262
38 46
339 360
293 313
331 359
185 201
6 26
36 46
75 98
61 82
1 9
1 19
192 206
192 212
157 175
143 163
221 241
142 156
118 141
240 265
198 213
209 232
112 123
16 42
139 161
121 133
239 248
296 310
1 9
165 172
120 136
343 363
32 50
190 216
250 257
210 219
226 243
90 109
346 358
126 140
183 191
260 271
182 201
72 96
259 279
70 87
180 200
221 232
346 360
331 352
52 81
161 174
250 257
140 166
215 235
338 359
249 268
108 128
164 182
242 249
323 353
196 221
357 365
75 103
82 91
58 68
175 195
231 249
313 336
191 202
1 13
140 156
299 321
69 94
178 186
306 327
323 335
319 333
205 226
150 164
235 262
150 178
77 98
87 97
108 119
315 340
331 355
40 48
228 239
3 28
340 356
81 99
175 182
342 356
196 223
5 19
21 31
228 246
253 262
119 146
38 45
192 209
352 365
83 99
49 70
227 237
284 303
89 116
127 141
271 298
1 16
212 238
49 70
57 81
333 359
342 364
254 275
143 151
57 80
101 116
311 326
245 261
90 104
152 161
180 205
98 121
138 161
311 329
230 254
126 141
43 50
34 52
85 97
90 108
81 103
17 31
132 142
241 260
305 326
137 152
328 355
339 360
223 235
325 348
67 90
76 105
299 329
170 189
333 351
303 323
354 365
209 237
345 360
260 277
248 275
268 286
284 294
251 258
267 284
352 363
260 284
331 348
137 165
133 143
42 68
290 316
201 216
296 311
253 267
11 25
320 328
323 351
95 124
54 63
142 156
107 114
228 241
315 332
342 364
195 218
149 176
228 256
221 242
128 151
124 132
226 254
244 273
175 200
134 156
355 365
183 201
163 176
162 178
141 161
291 302
292 319
59 74
10 24
318 328
43 68
221 228
212 242
70 97
228 252
159 167
351 363
63 72
123 133
169 198
178 207
222 233
23 41
10 31
246 267
278 290
168 191
74 98
153 183
121 128
1 15
71 91
336 364
13 22
219 248
190 207
241 249
42 57
288 316
255 275
120 127
10 17
55 80
218 243
254 283
252 261
58 80
47 58
161 191
239 259
281 301
72 99
306 325
155 174
291 307
82 93
136 153
324 344
37 59
106 136
272 302
128 151
301 317
209 234
70 100
268 293
1 8
217 225
327 350
183 193
78 101
13 23
83 113
233 244
219 232
47 56
227 247
100 118
126 138
188 214
151 172
292 314
157 170
200 208
9 21
205 230
164 171
349 360
78 89
339 354
16 39
89 117
19 28
266 273
301 328
240 254
18 36
152 161
286 316
322 338
11 28
69 76
55 77
315 335
205 213
308 338
96 116
236 247
304 311
199 214
156 178
351 365
166 178
338 357
301 322
254 266
283 297
1 14
220 240
343 359
28 38
128 158
230 237
20 30
31 40
109 118
300 314
256 270
216 228
126 146
48 65
202 223
234 241
351 361
117 138
101 124
80 106
182 193
19 29
230 241
237 265
190 220
158 167
254 274
317 345
276 283
39 68
168 176
179 187
59 88
26 55
266 291
270 299
50 59
1 8
114 126
16 38
180 190
69 85
17 27
106 134
268 279
339 362
45 53
193 203
27 53
187 208
150 171
131 142
301 314
274 303
303 331
43 64
296 318
23 45
349 361
242 251
1 22
297 309
66 82
74 101
209 229
122 148
150 178
317 345
148 178
346 357
55 75
334 351
306 334
302 312
266 288
350 361
293 321
298 311
111 136
1 12
291 312
63 79
214 226
81 110
199 212
12 35
292 317
124 132
215 232
148 174
165 179
194 209
35 46
229 249
1 9
295 322
141 158
298 325
16 41
37 47
60 69
118 128
122 146
148 172
244 271
150 158
73 90
81 97
13 26
310 335
357 364
74 83
291 308
58 83
130 137
274 292
37 44
196 222
333 361
172 198
198 206
337 362
166 181
287 300
159 173
278 300
230 249
315 322
129 144
56 63
1 16
177 184
51 73
208 222
336 365
335 364
31 61
183 195
111 124
5 33
58 73
275 292
16 34
294 319
106 113
267 276
28 41
74 101
141 160
247 257
237 265
45 61
24 41
29 58
234 264
115 129
348 362
215 232
7 27
98 118
346 360
150 165
40 66
79 86
153 170
70 92
312 324
146 170
345 365
188 214
155 168
75 103
67 83
224 234
1 10
1 21
78 105
241 267
328 350
9 32
26 56
78 99
89 111
134 158
261 290
297 313
353 362
235 255
263 281
330 344
148 166
155 180
356 365
217 240
198 214
321 333
266 286
306 325
35 63
185 197
312 327
277 289
122 139
192 211
294 303
58 85
191 206
331 357
79 87
145 174
51 79
329 341
314 329
296 318
136 149
148 175
38 58
307 332
343 358
55 74
103 130
334 350
42 61
259 288
104 114
139 149
145 166
147 164
41 55
265 290
159 181
8 22
237 265
216 223
221 249
181 191
1 24
136 162
85 112
357 365
195 205
66 96
247 258
7 17
34 42
349 361
210 219
186 213
76 99
187 212
121 144
1 16
289 304
95 107
42 62
325 347
141 153
254 279
57 85
249 272
303 318
233 253
110 140
146 153
263 288
127 139
14 28
1 29
209 221
1 11
44 54
75 97
125 152
216 238
235 245
229 243
208 217
317 344
80 91
174 189
173 184
137 163
173 187
75 87
107 117
113 133
291 298
15 42
32 41
69 83
11 25
173 181
329 355
336 364
42 52
259 273
29 51
9 34
237 247
300 309
157 187
2 26
301 330
142 166
48 68
273 294
187 211
289 307
14 27
278 308
171 192
156 173
255 278
336 361
255 282
262 290
141 170
115 135
299 321
95 120
32 59
191 218
279 309
227 241
258 274
287 299
131 140
164 176
110 127
110 123
206 226
211 229
332 360
167 184
35 63
315 326
233 245
320 331
164 173
47 73
165 191
51 63
163 193
138 159
91 105
233 250
73 102
52 77
63 75
56 85
223 232
114 141
142 151
193 208
197 223
211 220
124 143
293 311
231 246
16 40
313 339
7 23
291 307
157 172
312 325
251 279
325 339
56 79
345 360
210 235
76 102
157 180
235 250
135 156
76 86
204 234
352 365
147 170
203 215
279 296
160 183
184 196
51 66
101 129
212 223
25 50
97 124
214 242
123 146
31 49
1 15
315 329
96 115
249 258
15 29
198 218
270 299
142 157
79 86
176 199
1 12
112 136
125 155
44 71
16 27
155 169
96 109
25 55
155 179
315 322
83 113
266 288
282 306
336 356
109 137
233 244
340 365
140 148
1 20
25 43
216 234
242 262
299 315
327 351
106 113
69 91
114 142
308 315
261 269
1 15
345 364
139 155
142 164
5 12
1 16
118 148
190 215
209 230
319 329
101 125
236 255
133 154
327 344
275 295
238 262
342 360
311 335
262 277
257 277
14 23
312 333
357 365
152 174
103 110
42 66
340 364
164 192
342 361
1 11
73 92
175 198
320 338
158 188
120 137
270 283
1 9
322 339
106 113
288 318
26 41
86 95
220 229
120 144
222 229
1 10
205 229
179 200
244 258
237 265
218 225
175 203
11 35
305 333
1 16
88 101
229 250
26 41
182 205
226 252
141 158
101 120
340 356
307 323
267 296
1 12
66 87
109 129
186 196
60 71
215 231
190 216
129 142
337 358
114 127
213 232
85 106
249 273
203 230
297 315
90 115
200 227
319 341
264 293
241 270
341 362
99 123
333 354
353 363
61 81
218 245
303 331
180 208
170 191
59 86
115 140
238 268
307 326
287 307
323 350
302 314
284 308
125 137
249 273
88 106
153 160
146 158
269 280
48 74
66 86
151 161
180 190
241 271
175 199
335 358
155 171
78 88
298 310
93 122
111 135
69 96
75 84
51 77
234 250
38 56
260 289
192 221
351 365
98 126
147 162
102 127
54 83
187 206
69 96
356 365
96 107
118 142
221 228
160 168
305 328
86 106
48 75
210 225
292 313
22 35
130 150
31 60
4 17
25 45
270 290
313 322
32 58
258 288
20 33
181 201
118 145
29 43
335 353
190 209
223 251
159 169
340 357
288 318
12 20
334 361
74 99
168 175
318 347
184 214
121 140
102 128
8 21
72 88
7 30
21 39
234 251
285 304
176 206
315 334
336 358
209 234
89 105
223 249
159 171
252 260
117 142
76 88
289 298
173 195
74 92
85 105
284 291
25 33
288 297
270 282
301 314
131 153
280 295
62 72
141 165
183 213
190 218
89 104
51 69
17 28
298 319
157 179
250 259
281 288
209 232
153 170
49 72
243 271
111 121
154 172
194 208
143 155
241 254
108 115
342 357
159 173
150 159
70 100
37 57
97 117
48 77
32 51
178 195
90 108
198 212
61 84
100 118
2 16
109 117
149 172
4 33
291 300
1 16
247 254
35 48
288 313
195 222
86 101
87 116
1 11
245 269
206 227
340 356
6 31
82 100
181 205
294 304
8 26
319 328
164 188
174 189
213 240
1 8
114 127
334 364
270 290
105 121
83 103
91 121
192 199
18 43
214 226
39 67
115 137
170 196
216 224
57 70
157 172
233 253
156 170
143 150
90 102
208 237
81 96
237 260
3 27
321 329
6 16
215 243
176 184
336 362
108 123
259 272
340 363
215 231
350 365
1 8
307 324
242 262
163 176
123 140
232 242
282 295
260 288
104 121
45 61
246 254
98 110
35 47
57 80
289 318
262 280
257 285
86 114
169 192
22 49
65 85
237 266
136 163
156 181
287 296
332 342
179 186
270 300
1 19
262 291
55 69
32 42
3 23
198 215
212 220
274 298
227 254
356 364
134 159
285 310
303 310
224 254
316 344
227 249
240 249
132 156
211 219
211 235
129 146
291 308
44 64
70 89
182 197
173 198
32 52
303 310
6 27
1 10
166 186
257 280
258 278
95 105
343 357
6 34
272 285
196 215
105 114
47 77
222 239
85 110
104 126
196 218
10 38
267 283
155 162
61 90
71 100
48 62
310 319
82 105
245 274
333 360
301 330
321 338
125 139
198 208
261 271
216 224
20 36
253 265
195 212
97 126
250 279
256 273
36 54
299 306
110 124
56 64
1 14
248 271
261 273
174 194
222 240
16 35
90 115
199 213
58 86
123 147
120 134
326 342
45 58
52 73
257 286
229 254
205 230
118 126
29 43
207 220
267 283
99 117
123 147
342 358
96 111
53 81
310 325
33 53
71 88
2 13
12 25
350 365
132 143
128 144
180 203
10 36
151 163
1 16
41 60
213 242
279 303
111 118
236 245
326 333
278 306
306 321
46 62
1 20
113 129
9 25
8 29
88 96
354 363
260 282
288 311
275 299
296 326
250 257
170 188
65 78
235 247
214 226
21 43
154 175
100 114
42 60
208 228
345 362
227 244
258 287
308 317
294 313
105 134
177 192
210 240
237 252
247 256
304 324
84 105
121 142
328 344
334 356
243 253
36 48
248 275
90 111
207 233
72 89
45 58
256 271
357 365
37 57
62 78
69 97
12 28
134 145
69 95
172 185
235 254
143 152
250 259
229 240
149 163
328 354
160 182
335 359
1 22
252 263
88 118
247 265
258 266
220 227
31 51
64 92
24 35
44 56
279 291
65 81
216 228
223 245
92 99
111 124
16 41
182 200
313 338
138 151
68 82
43 57
248 277
70 82
227 248
343 356
145 165
1 11
81 93
285 300
94 112
249 265
133 157
104 126
113 131
1 27
37 50
342 358
243 260
235 262
125 150
70 84
69 93
32 45
75 101
98 105
243 254
260 285
93 111
260 285
64 85
298 318
28 55
163 174
97 109
199 209
172 181
305 313
292 299
152 163
144 168
236 251
19 43
268 295
336 365
97 113
234 261
85 106
304 321
322 349
212 228
38 47
121 137
113 120
70 84
225 250
337 359
1 30
297 322
152 165
142 166
275 300
142 149
133 155
75 84
267 288
110 127
78 90
27 34
274 291
306 326
1 14
103 110
274 292
120 138
291 311
265 272
269 285
305 329
190 211
11 41
17 33
150 157
326 339
136 158
319 344
18 40
343 360
94 120
326 344
205 219
247 270
345 365
96 122
5 13
264 292
89 119
288 299
227 252
214 238
241 248
16 31
290 313
181 210
236 252
225 234
307 329
1 15
63 88
312 327
339 363
255 283
295 320
207 218
193 200
304 313
306 335
71 81
274 303
339 363
159 188
169 196
274 294
170 182
106 121
274 296
313 320
108 119
134 147
25 52
221 236
238 267
1 17
82 91
321 341
223 233
132 154
66 85
208 238
176 197
26 53
167 190
289 302
83 99
276 288
126 145
27 39
271 278
181 194
148 166
58 73
175 197
26 34
225 246
25 37
346 358
133 157
290 316
16 35
131 144
101 113
225 240
1 13
197 220
235 245
66 95
225 238
10 40
142 167
159 179
304 332
1 11
291 319
228 237
43 64
291 316
250 257
1 18
42 66
309 316
249 269
270 298
113 129
165 180
332 357
151 164
25 51
132 159
15 34
47 73
327 342
127 154
196 215
281 309
151 174
225 255
117 134
231 258
158 177
289 319
164 190
1 11
321 351
62 70
108 138
248 268
252 278
288 312
164 183
173 187
297 323
14 22
169 191
313 338
37 47
133 160
302 324
284 299
216 240
6 13
96 122
122 138
61 79
165 174
199 217
239 247
117 142
168 186
89 119
39 63
227 237
174 196
1 10
134 146
140 162
258 284
99 120
32 43
299 315
310 319
162 178
213 225
199 223
143 152
311 335
3 19
111 123
72 99
302 318
100 114
245 268
300 320
280 304
260 290
342 365
1 13
325 336
102 117
29 57
146 167
355 364
132 142
97 114
100 130
316 334
120 135
16 36
203 217
79 89
222 248
245 270
316 329
164 182
223 246
43 63
5 27
213 226
207 223
288 298
309 328
235 264
230 247
271 298
201 220
38 64
326 351
203 232
106 135
134 156
88 117
206 236
29 50
2 20
190 204
176 203
139 168
221 228
230 249
269 284
75 90
239 250
53 78
183 195
82 111
346 364
90 108
180 205
321 346
205 214
277 297
192 217
331 346
174 192
232 258
135 157
78 93
228 245
126 148
173 196
231 258
74 86
264 272
348 361
334 356
219 229
106 125
301 310
121 134
259 273
8 24
122 135
319 330
132 158
166 180
357 364
328 346
293 300
336 358
89 107
13 42
7 26
41 69
103 132
143 151
75 101
39 51
1 16
256 264
265 282
124 145
266 285
14 32
313 342
204 220
272 292
289 300
88 107
143 151
183 197
136 143
279 298
193 220
342 359
263 282
288 296
331 353
67 86
35 50
277 300
194 217
313 338
1 14
5 25
77 102
233 254
28 43
262 277
206 234
180 207
251 273
215 226
51 76
238 254
270 280
211 235
153 173
181 200
220 228
202 224
192 211
347 359
281 306
126 133
249 273
157 182
206 226
41 49
120 147
121 149
1 10
297 325
31 42
22 31
278 298
139 168
265 294
22 39
255 280
140 153
99 111
142 160
130 142
256 284
77 106
315 326
321 340
75 94
277 288
325 348
340 355
212 237
189 197
99 123
320 327
203 217
90 119
210 231
211 222
157 186
286 312
52 59
111 135
198 225
258 268
263 270
163 192
296 322
185 192
124 146
175 195
336 358
268 277
11 40
158 187
124 133
331 356
312 337
341 357
200 212
101 120
72 96
64 93
115 136
128 143
352 362
273 300
276 305
184 206
28 48
183 208
335 354
10 34
136 154
250 265
1 9
78 107
161 171
164 179
279 305
49 79
245 273
160 168
147 163
348 360
13 22
113 136
344 362
174 191
213 221
84 111
102 114
207 231
275 292
103 116
17 47
1 14
294 312
143 152
224 248
1 30
102 117
65 91
240 255
91 99
49 77
1 13
97 119
250 259
197 207
299 308
284 311
273 283
147 176
185 192
205 232
24 45
263 289
330 356
331 348
231 259
242 260
351 363
7 27
289 304
291 301
41 58
328 349
313 329
298 309
20 50
200 228
312 335
264 277
125 148
239 248
50 78
125 136
155 175
28 48
76 87
248 260
184 196
343 357
199 208
305 320
252 271
175 189
219 234
330 359
1 11
109 139
195 207
324 347
19 40
173 188
1 13
147 171
312 321
314 328
200 227
50 73
36 47
330 338
255 267
320 330
59 86
60 80
49 69
302 313
282 297
122 149
325 342
331 352
334 360
301 326
353 364
220 231
54 74
71 96
208 226
333 359
64 77
72 81
224 233
277 299
133 143
249 265
339 363
12 33
68 98
117 134
110 118
32 51
36 44
145 152
316 325
248 256
277 291
357 365
126 153
244 266
42 58
21 36
273 288
61 70
191 201
165 191
179 201
101 116
336 343
93 101
153 180
256 264
166 174
7 36
187 201
312 334
146 173
72 93
226 241
27 36
202 222
220 249
98 124
61 68
245 254
149 156
36 43
181 205
173 200
8 25
115 140
138 157
103 130
55 68
39 59
1 12
256 273
228 238
171 192
78 88
132 139
339 361
308 336
160 186
235 248
274 295
157 185
124 132
185 197
170 195
28 47
112 125
255 265
299 329
175 189
115 126
192 203
279 289
80 87
299 317
352 362
61 83
123 136
41 71
36 61
142 156
246 275
13 42
214 232
136 151
112 124
118 138
280 293
105 123
4 29
269 277
162 175
197 224
105 116
349 362
156 179
176 204
332 356
189 219
339 359
204 222
162 186
349 365
224 244
191 200
326 354
11 26
144 170
281 309
14 24
70 95
105 123
164 190
334 358
215 244
328 341
55 67
60 90
293 310
258 267
218 240
52 61
88 114
50 75
308 325
38 63
336 352
248 255
81 105
280 303
116 124
203 214
45 58
218 226
225 251
229 256
120 136
32 41
287 301
263 278
276 305
219 226
287 303
323 334
203 213
79 86
336 351
17 47
113 126
286 300
201 215
119 127
125 136
295 317
357 365
243 269
298 321
5 24
285 297
135 149
295 322
72 82
132 146
283 301
209 235
149 158
77 96
173 200
151 164
286 300
120 142
174 198
290 316
297 320
284 308
245 270
157 184
213 238
121 150
177 201
18 46
83 96
207 218
275 305
143 162
88 113
100 116
272 281
96 106
164 189
317 326
102 126
29 41
306 323
224 240
142 149
321 330
102 128
158 165
33 58
152 167
237 245
173 196
1 20
256 281
97 124
136 162
311 339
330 342
115 134
243 265
62 69
209 218
56 72
20 48
295 307
173 187
20 44
273 297
46 59
66 91
279 295
1 28
244 264
108 136
180 208
348 365
245 267
50 71
82 97
124 138
356 365
45 66
101 125
23 45
252 262
124 134
168 191
30 53
341 360
190 207
202 226
78 89
282 307
144 159
147 169
241 263
62 74
144 154
124 143
174 195
118 133
191 199
154 164
317 327
283 297
172 183
332 356
99 116
305 312
77 100
202 219
197 224
300 316
1 10
173 201
265 274
104 117
65 85
189 215
177 194
122 143
1 27
119 141
335 363
1 11
65 75
14 28
188 198
38 58
286 303
14 25
123 132
123 132
326 348
268 287
126 133
322 352
122 132
30 51
108 120
132 162
34 41
351 363
73 92
48 68
248 260
13 24
205 228
167 188
86 103
150 160
133 141
43 57
26 38
356 364
37 55
99 127
238 259
333 355
157 174
310 331
1 10
59 80
321 344
47 54
24 48
66 83
329 356
96 112
45 58
1 20
23 48
14 21
93 104
112 133
293 312
22 35
334 346
162 192
1 18
296 310
131 158
4 16
159 169
231 240
159 173
173 194
89 112
329 336
147 167
290 297
27 56
130 157
17 36
112 135
267 275
144 155
343 356
238 266
225 235
254 264
35 60
41 66
345 361
142 162
336 350
297 311
98 111
70 80
291 298
227 245
226 237
166 180
8 31
357 365
231 251
303 319
332 362
164 178
23 36
306 335
8 16
2 23
304 327
228 250
1 22
282 309
357 364
112 119
35 44
305 320
101 130
143 167
33 45
286 299
307 322
190 200
219 239
223 237
139 162
155 171
135 147
59 86
185 212
168 179
217 246
83 98
298 328
111 129
281 311
182 211
175 184
171 183
283 290
245 256
157 187
80 107
227 237
118 131
273 289
31 44
195 206
268 288
95 110
7 15
152 166
290 306
73 80
288 305
42 51
51 74
217 233
119 143
7 36
143 165
275 297
45 70
96 108
57 87
239 257
351 364
184 209
142 157
328 351
292 309
271 290
346 358
114 132
171 187
59 85
157 183
67 93
305 332
80 100
260 267
12 26
177 194
262 285
96 125
311 331
286 302
282 293
355 365
203 215
224 249
14 31
79 89
211 236
254 272
167 197
1 8
162 170
175 201
68 79
281 308
207 229
207 217
198 221
310 333
151 170
28 38
256 286
274 283
23 47
1 22
67 93
176 183
159 171
316 325
298 306
316 339
23 38
25 41
204 221
335 345
106 115
227 249
350 365
253 261
138 162
217 230
1 12
138 152
309 320
17 44
288 302
217 228
127 137
286 313
243 257
303 332
46 71
125 142
72 89
194 205
3 31
83 108
62 84
122 145
102 112
211 223
161 175
40 58
175 205
125 150
34 57
197 204
1 26
162 175
280 287
178 194
206 219
146 161
36 63
268 279
106 122
293 305
21 28
129 150
71 96
351 361
269 296
326 336
127 139
16 35
162 180
288 309
218 225
121 145
331 341
79 86
22 38
76 102
101 118
14 26
157 176
357 365
78 99
60 67
49 77
31 48
6 33
221 241
128 147
147 156
77 102
41 66
126 144
289 301
298 316
166 183
175 204
68 80
183 190
332 360
302 309
49 72
115 140
63 77
174 193
122 132
90 115
324 336
222 231
133 146
77 88
232 239
309 333
154 161
124 133
188 210
299 306
47 61
273 284
295 306
200 228
358 365
250 273
174 192
1 13
1 19
251 262
29 37
262 281
154 169
83 111
291 310
177 195
35 62
57 67
152 171
79 86
339 362
338 365
13 31
260 283
41 63
267 274
15 33
137 159
42 71
312 324
1 14
254 282
1 16
76 97
52 82
34 54
230 246
165 174
119 128
276 300
1 10
305 335
172 184
124 132
155 165
14 43
87 114
250 259
3 17
111 123
338 359
238 251
172 196
349 364
35 43
227 253
128 150
329 355
355 364
236 255
309 330
349 363
250 274
90 114
8 15
226 234
113 133
6 13
327 335
87 104
344 361
45 68
47 57
238 251
25 48
318 325
324 333
182 210
187 201
274 296
315 341
68 76
97 122
336 359
189 219
176 190
140 158
81 102
276 302
260 289
8 32
293 307
263 284
31 53
93 107
111 138
132 145
103 112
244 260
167 190
90 103
1 12
3 13
68 82
6 25
232 242
3 10
48 56
102 126
336 353
174 188
113 125
144 157
305 322
336 365
198 227
70 89
256 280
245 268
122 142
283 297
182 190
30 43
357 364
189 197
223 247
1 15
32 46
247 268
337 357
329 349
254 261
111 121
227 239
250 257
304 316
323 340
28 40
282 307
166 187
265 283
335 352
49 75
85 110
331 340
317 340
242 264
118 130
46 74
2 17
275 289
303 323
1 9
230 241
308 320
1 20
289 303
85 97
68 96
346 363
274 299
1 16
150 179
156 176
101 129
332 348
95 102
150 169
145 156
202 229
191 213
197 215
158 185
334 343
182 196
7 22
1 20
58 83
80 97
120 149
232 247
35 58
114 131
25 48
1 9
170 198
337 363
182 201
48 57
144 173
296 309
159 167
26 53
215 227
14 42
231 260
250 280
131 154
310 320
268 292
23 42
311 335
155 181
183 196
90 101
1 15
256 276
325 332
41 54
163 178
156 186
262 272
115 135
97 121
74 84
1 9
22 49
232 239
326 337
190 207
42 69
119 146
107 124
193 223
113 127
278 298
158 174
34 58
266 275
302 309
101 122
235 248
216 230
301 312
275 291
61 70
347 358
12 27
63 72
27 36
242 269
322 341
257 276
251 258
258 274
253 263
1 12
345 361
60 82
297 327
18 28
187 200
237 250
66 87
114 127
184 191
292 311
10 38
77 104
61 77
132 155
223 231
196 221
257 286
40 55
214 226
312 331
51 58
156 178
178 203
195 213
261 269
218 234
330 337
124 154
182 190
174 192
114 135
250 277
177 199
119 131
167 179
77 96
241 254
229 247
232 256
279 288
243 258
56 66
85 115
250 278
134 145
293 300
356 365
108 131
195 216
269 294
97 116
280 296
329 342
277 300
148 178
4 20
181 211
314 339
172 193
337 357
106 123
273 302
11 29
55 71
332 354
30 38
121 136
271 296
205 216
134 154
141 161
308 323
297 313
142 155
101 109
336 358
2 32
266 286
194 210
309 320
132 151
270 277
184 201
27 41
126 133
246 255
278 285
169 184
31 52
111 138
234 244
180 206
190 198
91 120
251 280
162 172
245 261
255 281
83 110
189 218
197 214
31 40
9 23
357 365
90 109
69 82
248 270
210 240
1 19
29 41
1 19
135 165
353 365
232 262
263 273
27 42
273 288
1 9
315 334
300 308
11 23
45 53
44 69
1 17
51 72
89 115
1 11
210 237
231 248
202 224
268 293
306 326
208 218
97 123
35 64
170 197
315 324
169 182
320 328
195 208
177 195
160 178
58 67
152 174
258 277
256 263
55 73
201 216
59 88
165 190
304 322
306 316
120 140
60 75
184 210
40 58
318 335
17 34
189 213
226 251
19 29
163 178
84 112
15 30
193 221
312 319
84 98
170 183
274 297
169 197
322 335
191 207
260 275
96 112
306 330
222 245
134 141
322 346
27 56
161 177
112 131
138 148
196 215
271 292
36 48
26 51
194 214
17 31
268 284
258 275
311 332
357 364
324 337
181 196
57 73
53 71
309 316
179 196
242 267
317 338
167 193
259 280
180 206
288 302
268 295
309 318
8 29
295 320
139 151
50 80
133 149
265 273
229 256
45 52
41 63
187 201
108 123
74 104
149 170
25 40
8 19
234 259
358 365
109 133
334 341
314 327
292 301
84 110
102 125
291 320
264 283
115 125
217 239
129 148
323 331
336 359
226 236
142 160
276 304
129 138
216 231
322 334
85 105
298 306
204 227
342 363
305 312
1 14
204 221
238 263
357 364
173 201
1 31
201 226
314 338
1 15
128 145
44 57
205 213
178 191
320 343
238 258
241 253
1 11
1 25
84 95
18 25
199 215
169 183
309 318
59 87
20 47
334 341
141 153
204 225
6 33
130 146
205 215
13 28
233 253
39 66
162 170
274 282
196 204
191 221
222 250
255 262
214 233
256 272
84 99
26 53
281 301
192 218
47 67
216 243
174 193
124 133
329 348
1 24
101 131
315 322
64 77
41 56
57 85
342 360
330 357
268 285
163 178
83 91
12 29
244 251
1 10
324 348
191 207
170 182
269 287
321 348
27 42
266 288
90 105
323 350
291 311
225 236
204 227
44 56
61 69
149 158
17 34
307 323
319 342
267 286
113 123
144 172
46 70
226 235
273 290
312 319
274 300
115 139
77 102
326 335
325 333
40 68
264 292
207 234
182 203
228 249
59 78
78 87
68 79
135 146
34 48
7 35
211 231
56 75
8 18
149 176
45 69
209 236
201 218
166 196
262 275
248 278
56 69
77 107
320 350
255 278
103 111
102 128
107 122
133 156
238 260
196 221
27 38
188 196
326 339
82 95
287 312
196 212
346 364
304 314
168 193
226 253
184 204
48 68
1 22
200 220
68 84
354 364
307 327
271 283
109 125
58 72
200 209
254 262
122 131
49 67
3 27
194 202
321 341
26 50
161 172
21 39
247 273
59 68
327 356
247 257
117 129
153 173
266 286
352 364
29 46
215 243
113 142
237 249
20 37
345 360
117 138
120 142
267 274
301 313
42 57
63 80
206 231
35 61
267 297
31 49
1 26
127 151
40 63
105 116
39 54
58 77
92 120
107 129
131 146
155 182
267 283
15 34
1 14
305 312
35 59
164 184
203 211
93 118
197 209
31 56
200 210
67 86
231 260
298 307
347 360
229 253
32 57
309 326
341 361
125 144
235 261
15 25
200 218
22 29
105 112
157 167
117 142
272 293
261 269
334 347
353 363
211 233
65 76
141 167
278 301
42 55
11 21
90 103
217 238
356 365
99 116
288 295
339 363
222 229
330 344
6 26
333 361
135 144
88 100
298 319
146 159
158 178
148 163
242 258
13 23
283 291
302 316
272 280
264 279
304 323
41 71
12 34
269 278
165 178
221 239
311 319
174 202
262 285
323 350
42 52
90 111
131 161
57 75
205 227
138 154
85 101
52 82
101 112
341 365
352 362
1 11
254 261
1 24
162 182
18 47
150 167
99 120
134 146
117 137
151 162
212 234
337 363
215 235
38 62
340 362
50 78
89 97
250 257
222 230
342 361
222 229
241 261
142 163
132 149
310 339
53 76
339 360
116 145
169 180
96 112
98 117
88 109
251 270
247 261
191 211
330 344
116 141
127 147
129 157
44 66
7 35
316 338
94 105
340 360
148 178
40 60
278 285
28 56
355 365
354 365
154 163
245 274
285 294
75 88
83 104
162 191
318 326
87 107
212 235
223 246
200 219
107 122
260 277
138 160
347 363
111 130
228 257
32 50
237 254
144 154
237 253
207 216
252 261
14 23
133 156
330 358
298 313
67 92
73 100
237 260
71 94
288 308
176 195
135 151
128 156
322 332
156 177
204 225
342 360
202 231
52 73
284 313
275 303
89 97
190 218
82 93
172 185
316 324
307 317
258 272
149 163
311 335
269 293
278 305
318 345
321 333
230 239
111 141
27 47
306 315
58 69
82 109
51 77
279 303
232 241
1 14
351 363
18 29
304 332
202 226
91 118
337 360
199 213
180 193
90 114
180 193
197 210
30 60
73 83
347 365
285 292
41 59
8 18
15 27
3 30
291 298
213 238
239 249
261 269
57 84
1 20
9 38
227 243
213 226
161 173
81 110
61 75
192 209
91 98
20 31
76 105
114 126
142 153
46 61
272 281
24 50
317 329
184 191
219 239
31 44
107 130
341 361
48 76
261 281
192 201
245 259
190 205
249 265
174 182
216 236
238 251
230 249
8 35
84 104
230 242
23 32
47 64
127 155
59 69
92 121
27 44
50 64
159 168
216 223
60 79
182 203
148 158
117 132
234 264
136 154
78 100
1 13
313 333
190 197
248 277
55 83
349 364
195 212
48 75
3 33
332 339
332 345
162 169
319 334
20 28
247 258
253 273
2 32
156 174
233 257
36 49
113 125
342 363
105 119
12 30
13 25
144 161
329 337
255 285
153 162
1 17
281 295
318 336
64 76
208 219
134 161
33 46
92 114
164 175
299 307
142 163
281 290
310 340
122 131
169 178
154 161
136 166
240 248
221 245
332 348
145 153
64 76
67 85
260 290
216 242
97 121
215 241
180 210
1 13
195 218
96 123
123 143
276 295
160 181
319 339
306 314
247 277
117 131
230 247
255 274
292 312
197 218
175 185
151 164
84 110
1 11
197 204
92 103
320 332
17 26
225 243
105 130
196 212
109 126
40 50
158 174
153 176
49 60
71 92
310 335
157 185
271 286
148 175
1 15
194 213
224 249
15 35
224 252
154 179
43 66
45 70
177 195
349 365
306 335
