9999
1 256
2 803
3 311
4 881
5 993
6 670
7 245
8 940
9 517
10 420
11 210
12 369
13 492
14 385
15 660
16 449
17 153
18 858
19 954
20 83
21 296
22 88
23 796
24 427
25 600
26 602
27 256
28 422
29 971
30 399
31 96
32 404
33 230
34 776
35 954
36 312
37 632
38 424
39 983
40 15
41 165
42 689
43 483
44 238
45 529
46 32
47 476
48 123
49 464
50 597
51 330
52 610
53 470
54 986
55 176
56 445
57 574
58 386
59 795
60 554
61 984
62 508
63 980
64 912
65 993
66 872
67 161
68 476
69 646
70 711
71 883
72 132
73 254
74 582
75 575
76 673
77 694
78 875
79 62
80 690
81 968
82 755
83 102
84 911
85 67
86 236
87 79
88 671
89 161
90 497
91 43
92 979
93 685
94 849
95 71
96 983
97 840
98 91
99 570
100 964
101 172
102 886
103 534
104 960
105 481
106 131
107 791
108 571
109 570
110 301
111 339
112 530
113 31
114 53
115 740
116 716
117 420
118 871
119 964
120 378
121 558
122 962
123 599
124 130
125 931
126 985
127 906
128 968
129 561
130 366
131 198
132 121
133 533
134 825
135 718
136 847
137 700
138 130
139 550
140 927
141 517
142 382
143 207
144 121
145 367
146 279
147 851
148 712
149 793
150 41
151 83
152 719
153 491
154 251
155 67
156 811
157 166
158 267
159 586
160 903
161 589
162 103
163 596
164 446
165 941
166 753
167 999
168 63
169 518
170 687
171 818
172 65
173 833
174 640
175 327
176 798
177 378
178 149
179 785
180 117
181 271
182 198
183 339
184 700
185 844
186 552
187 936
188 830
189 168
190 952
191 908
192 207
193 336
194 832
195 958
196 388
197 746
198 729
199 21
200 439
201 38
202 638
203 829
204 477
205 956
206 214
207 360
208 941
209 782
210 57
211 965
212 946
213 807
214 176
215 924
216 253
217 623
218 196
219 207
220 302
221 446
222 564
223 479
224 659
225 69
226 669
227 629
228 389
229 322
230 541
231 327
232 252
233 1000
234 871
235 624
236 635
237 962
238 862
239 963
240 772
241 275
242 322
243 392
244 145
245 641
246 174
247 868
248 730
249 138
250 864
251 460
252 990
253 865
254 796
255 532
256 640
257 220
258 89
259 587
260 886
261 350
262 121
263 148
264 161
265 834
266 515
267 687
268 299
269 888
270 29
271 716
272 258
273 81
274 925
275 83
276 75
277 354
278 744
279 702
280 620
281 553
282 180
283 417
284 718
285 669
286 307
287 199
288 282
289 744
290 171
291 336
292 748
293 960
294 359
295 54
296 933
297 739
298 148
299 506
300 509
301 194
302 966
303 159
304 110
305 907
306 859
307 184
308 819
309 772
310 404
311 173
312 809
313 680
314 30
315 203
316 921
317 573
318 974
319 221
320 686
321 144
322 26
323 479
324 664
325 613
326 312
327 849
328 927
329 148
330 427
331 182
332 803
333 659
334 679
335 217
336 963
337 994
338 311
339 669
340 517
341 812
342 860
343 506
344 350
345 378
346 148
347 116
348 398
349 986
350 684
351 692
352 704
353 977
354 611
355 686
356 333
357 614
358 615
359 945
360 533
361 985
362 164
363 495
364 191
365 445
366 271
367 133
368 829
369 301
370 509
371 15
372 309
373 47
374 938
375 288
376 780
377 738
378 220
379 654
380 831
381 243
382 119
383 16
384 464
385 369
386 865
387 53
388 451
389 411
390 742
391 47
392 540
393 761
394 968
395 993
396 704
397 28
398 376
399 663
400 358
401 338
402 871
403 542
404 892
405 616
406 624
407 821
408 813
409 94
410 70
411 863
412 3
413 103
414 947
415 867
416 718
417 995
418 652
419 596
420 669
421 539
422 503
423 731
424 667
425 823
426 150
427 648
428 360
429 66
430 824
431 945
432 879
433 739
434 627
435 119
436 890
437 344
438 260
439 169
440 804
441 505
442 973
443 752
444 71
445 88
446 39
447 318
448 463
449 454
450 110
451 332
452 898
453 382
454 496
455 821
456 691
457 854
458 575
459 76
460 409
461 616
462 372
463 234
464 441
465 401
466 921
467 477
468 673
469 20
470 750
471 767
472 102
473 580
474 230
475 357
476 214
477 978
478 273
479 834
480 651
481 664
482 587
483 423
484 949
485 257
486 53
487 387
488 595
489 717
490 712
491 174
492 74
493 5
494 363
495 687
496 27
497 55
498 923
499 959
500 339
501 660
502 644
503 199
504 99
505 822
506 897
507 939
508 702
509 465
510 754
511 937
512 521
513 321
514 587
515 577
516 728
517 661
518 896
519 751
520 981
521 866
522 689
523 489
524 836
525 373
526 977
527 534
528 297
529 90
530 460
531 837
532 146
533 8
534 195
535 917
536 867
537 293
538 488
539 288
540 709
541 725
542 620
543 210
544 752
545 261
546 924
547 592
548 588
549 140
550 573
551 973
552 379
553 310
554 803
555 764
556 729
557 749
558 343
559 504
560 775
561 521
562 548
563 484
564 489
565 590
566 648
567 938
568 646
569 774
570 791
571 118
572 933
573 152
574 86
575 350
576 35
577 175
578 742
579 525
580 141
581 532
582 708
583 775
584 728
585 500
586 995
587 482
588 911
589 482
590 900
591 769
592 809
593 827
594 472
595 933
596 41
597 279
598 918
599 468
600 171
601 578
602 428
603 219
604 693
605 299
606 934
607 55
608 825
609 355
610 396
611 532
612 979
613 731
614 400
615 776
616 494
617 988
618 526
619 748
620 585
621 974
622 753
623 726
624 102
625 1000
626 560
627 269
628 918
629 667
630 495
631 897
632 202
633 7
634 579
635 886
636 14
637 627
638 89
639 212
640 5
641 125
642 144
643 453
644 245
645 753
646 754
647 653
648 925
649 135
650 747
651 768
652 550
653 698
654 234
655 834
656 953
657 673
658 641
659 589
660 910
661 108
662 299
663 335
664 615
665 853
666 209
667 380
668 218
669 29
670 130
671 892
672 920
673 420
674 693
675 362
676 742
677 675
678 567
679 763
680 96
681 579
682 881
683 522
684 682
685 895
686 384
687 665
688 670
689 998
690 673
691 548
692 714
693 455
694 411
695 803
696 117
697 57
698 387
699 609
700 902
701 585
702 425
703 1
704 334
705 336
706 624
707 638
708 549
709 31
710 917
711 30
712 259
713 493
714 285
715 897
716 722
717 462
718 615
719 187
720 408
721 658
722 174
723 578
724 257
725 930
726 500
727 959
728 866
729 565
730 375
731 140
732 478
733 817
734 40
735 732
736 509
737 442
738 496
739 1000
740 73
741 686
742 684
743 831
744 463
745 46
746 855
747 221
748 539
749 972
750 694
751 256
752 545
753 907
754 472
755 695
756 878
757 13
758 48
759 272
760 686
761 956
762 871
763 66
764 742
765 528
766 351
767 401
768 926
769 527
770 339
771 481
772 829
773 241
774 114
775 444
776 916
777 912
778 632
779 864
780 767
781 290
782 55
783 674
784 592
785 308
786 655
787 582
788 247
789 678
790 676
791 861
792 317
793 759
794 115
795 465
796 806
797 94
798 481
799 193
800 707
801 300
802 846
803 445
804 517
805 522
806 313
807 722
808 847
809 255
810 619
811 905
812 811
813 867
814 687
815 549
816 966
817 684
818 164
819 331
820 823
821 507
822 249
823 591
824 475
825 412
826 563
827 947
828 570
829 492
830 809
831 465
832 655
833 82
834 391
835 731
836 818
837 477
838 30
839 805
840 934
841 397
842 497
843 242
844 513
845 907
846 230
847 259
848 417
849 652
850 301
851 568
852 2
853 794
854 616
855 280
856 495
857 407
858 508
859 352
860 62
861 915
862 383
863 604
864 119
865 521
866 35
867 82
868 274
869 838
870 603
871 359
872 766
873 637
874 753
875 61
876 256
877 111
878 954
879 726
880 329
881 893
882 704
883 679
884 640
885 760
886 454
887 993
888 536
889 294
890 108
891 466
892 131
893 553
894 788
895 115
896 499
897 876
898 40
899 775
900 295
901 512
902 495
903 372
904 522
905 662
906 420
907 865
908 305
909 159
910 672
911 683
912 914
913 448
914 850
915 866
916 746
917 961
918 279
919 728
920 200
921 576
922 92
923 45
924 904
925 968
926 52
927 349
928 959
929 543
930 317
931 304
932 660
933 74
934 678
935 813
936 726
937 284
938 535
939 744
940 22
941 157
942 611
943 731
944 758
945 507
946 810
947 718
948 847
949 772
950 533
951 356
952 711
953 672
954 698
955 911
956 665
957 816
958 467
959 395
960 648
961 63
962 7
963 818
964 421
965 622
966 521
967 455
968 87
969 450
970 461
971 964
972 294
973 960
974 887
975 240
976 996
977 237
978 472
979 846
980 397
981 781
982 637
983 426
984 60
985 813
986 734
987 218
988 677
989 662
990 256
991 704
992 859
993 730
994 465
995 921
996 223
997 86
998 268
999 958
1000 21
1001 635
1002 651
1003 110
1004 713
1005 247
1006 708
1007 338
1008 899
1009 773
1010 963
1011 895
1012 580
1013 219
1014 609
1015 387
1016 273
1017 856
1018 446
1019 85
1020 393
1021 279
1022 220
1023 362
1024 135
1025 930
1026 294
1027 130
1028 249
1029 141
1030 500
1031 683
1032 20
1033 258
1034 307
1035 518
1036 843
1037 601
1038 192
1039 854
1040 277
1041 344
1042 227
1043 722
1044 165
1045 7
1046 949
1047 223
1048 544
1049 917
1050 61
1051 119
1052 739
1053 87
1054 382
1055 16
1056 965
1057 774
1058 404
1059 837
1060 848
1061 484
1062 751
1063 804
1064 684
1065 252
1066 825
1067 356
1068 276
1069 649
1070 732
1071 820
1072 55
1073 828
1074 513
1075 991
1076 207
1077 907
1078 359
1079 705
1080 153
1081 570
1082 152
1083 480
1084 344
1085 826
1086 167
1087 673
1088 296
1089 603
1090 928
1091 44
1092 907
1093 443
1094 40
1095 469
1096 716
1097 311
1098 405
1099 347
1100 592
1101 482
1102 938
1103 153
1104 516
1105 215
1106 682
1107 177
1108 334
1109 462
1110 342
1111 618
1112 846
1113 623
1114 113
1115 847
1116 638
1117 447
1118 669
1119 348
1120 555
1121 330
1122 559
1123 640
1124 37
1125 117
1126 533
1127 154
1128 820
1129 634
1130 384
1131 30
1132 711
1133 158
1134 617
1135 555
1136 218
1137 514
1138 567
1139 535
1140 890
1141 892
1142 976
1143 717
1144 74
1145 836
1146 696
1147 733
1148 640
1149 515
1150 820
1151 242
1152 831
1153 89
1154 335
1155 719
1156 149
1157 774
1158 88
1159 375
1160 954
1161 370
1162 419
1163 620
1164 446
1165 243
1166 483
1167 399
1168 450
1169 13
1170 934
1171 542
1172 612
1173 834
1174 727
1175 838
1176 312
1177 441
1178 188
1179 324
1180 933
1181 241
1182 481
1183 528
1184 504
1185 562
1186 914
1187 926
1188 373
1189 515
1190 579
1191 119
1192 343
1193 923
1194 469
1195 88
1196 430
1197 156
1198 882
1199 406
1200 577
1201 364
1202 746
1203 613
1204 627
1205 668
1206 7
1207 353
1208 311
1209 906
1210 656
1211 612
1212 109
1213 695
1214 212
1215 855
1216 261
1217 924
1218 576
1219 140
1220 14
1221 948
1222 886
1223 756
1224 51
1225 614
1226 580
1227 819
1228 172
1229 687
1230 125
1231 826
1232 619
1233 23
1234 555
1235 949
1236 255
1237 838
1238 495
1239 767
1240 590
1241 1000
1242 360
1243 165
1244 467
1245 499
1246 259
1247 58
1248 159
1249 900
1250 444
1251 237
1252 963
1253 487
1254 892
1255 834
1256 367
1257 963
1258 555
1259 750
1260 447
1261 487
1262 116
1263 226
1264 732
1265 847
1266 186
1267 265
1268 743
1269 493
1270 217
1271 797
1272 373
1273 50
1274 284
1275 614
1276 938
1277 795
1278 570
1279 166
1280 282
1281 37
1282 169
1283 63
1284 811
1285 40
1286 990
1287 648
1288 907
1289 558
1290 4
1291 641
1292 360
1293 115
1294 11
1295 345
1296 404
1297 453
1298 886
1299 279
1300 806
1301 791
1302 719
1303 27
1304 963
1305 671
1306 715
1307 877
1308 333
1309 963
1310 87
1311 83
1312 207
1313 191
1314 836
1315 882
1316 463
1317 139
1318 16
1319 826
1320 995
1321 998
1322 293
1323 616
1324 152
1325 952
1326 145
1327 311
1328 624
1329 428
1330 465
1331 342
1332 30
1333 75
1334 784
1335 654
1336 869
1337 536
1338 815
1339 863
1340 622
1341 744
1342 301
1343 125
1344 950
1345 804
1346 976
1347 937
1348 739
1349 349
1350 704
1351 625
1352 34
1353 429
1354 959
1355 311
1356 588
1357 736
1358 987
1359 346
1360 527
1361 13
1362 200
1363 58
1364 971
1365 598
1366 26
1367 465
1368 627
1369 966
1370 664
1371 336
1372 579
1373 630
1374 694
1375 951
1376 596
1377 673
1378 284
1379 184
1380 713
1381 73
1382 932
1383 255
1384 841
1385 944
1386 590
1387 160
1388 698
1389 514
1390 259
1391 60
1392 335
1393 180
1394 260
1395 120
1396 932
1397 571
1398 139
1399 126
1400 75
1401 206
1402 456
1403 254
1404 305
1405 134
1406 424
1407 819
1408 330
1409 999
1410 413
1411 541
1412 247
1413 811
1414 388
1415 163
1416 734
1417 731
1418 889
1419 989
1420 489
1421 306
1422 268
1423 283
1424 111
1425 836
1426 766
1427 83
1428 725
1429 642
1430 459
1431 457
1432 60
1433 209
1434 295
1435 305
1436 375
1437 353
1438 216
1439 345
1440 933
1441 503
1442 119
1443 507
1444 159
1445 753
1446 980
1447 450
1448 704
1449 127
1450 884
1451 41
1452 898
1453 499
1454 43
1455 296
1456 269
1457 593
1458 759
1459 261
1460 824
1461 888
1462 632
1463 404
1464 217
1465 894
1466 585
1467 422
1468 614
1469 937
1470 585
1471 34
1472 511
1473 133
1474 454
1475 799
1476 485
1477 287
1478 942
1479 392
1480 237
1481 749
1482 788
1483 891
1484 412
1485 623
1486 394
1487 383
1488 398
1489 14
1490 681
1491 393
1492 922
1493 426
1494 243
1495 357
1496 380
1497 624
1498 845
1499 648
1500 179
1501 851
1502 547
1503 57
1504 231
1505 260
1506 98
1507 873
1508 37
1509 329
1510 330
1511 611
1512 833
1513 832
1514 273
1515 170
1516 601
1517 996
1518 834
1519 929
1520 241
1521 658
1522 113
1523 386
1524 680
1525 840
1526 544
1527 28
1528 481
1529 654
1530 464
1531 258
1532 58
1533 663
1534 796
1535 12
1536 319
1537 26
1538 45
1539 529
1540 782
1541 76
1542 194
1543 854
1544 162
1545 510
1546 540
1547 158
1548 342
1549 273
1550 824
1551 842
1552 666
1553 787
1554 622
1555 807
1556 521
1557 776
1558 928
1559 949
1560 896
1561 167
1562 684
1563 235
1564 640
1565 716
1566 446
1567 43
1568 955
1569 532
1570 471
1571 362
1572 274
1573 337
1574 416
1575 705
1576 440
1577 221
1578 339
1579 625
1580 358
1581 640
1582 985
1583 85
1584 77
1585 903
1586 209
1587 904
1588 783
1589 643
1590 791
1591 50
1592 84
1593 995
1594 292
1595 951
1596 472
1597 159
1598 847
1599 854
1600 634
1601 716
1602 735
1603 4
1604 900
1605 574
1606 527
1607 377
1608 822
1609 875
1610 780
1611 276
1612 767
1613 814
1614 945
1615 893
1616 890
1617 428
1618 770
1619 240
1620 287
1621 520
1622 693
1623 843
1624 70
1625 940
1626 539
1627 817
1628 152
1629 53
1630 523
1631 478
1632 406
1633 857
1634 774
1635 308
1636 677
1637 824
1638 107
1639 246
1640 284
1641 212
1642 461
1643 99
1644 1
1645 39
1646 75
1647 693
1648 586
1649 353
1650 433
1651 140
1652 818
1653 113
1654 779
1655 394
1656 396
1657 606
1658 810
1659 716
1660 353
1661 596
1662 640
1663 979
1664 982
1665 46
1666 853
1667 25
1668 855
1669 115
1670 888
1671 257
1672 664
1673 427
1674 543
1675 649
1676 97
1677 671
1678 911
1679 674
1680 223
1681 84
1682 171
1683 957
1684 255
1685 236
1686 693
1687 230
1688 777
1689 245
1690 915
1691 299
1692 171
1693 721
1694 399
1695 720
1696 486
1697 834
1698 113
1699 594
1700 762
1701 865
1702 730
1703 877
1704 271
1705 402
1706 364
1707 615
1708 71
1709 368
1710 905
1711 635
1712 191
1713 85
1714 168
1715 704
1716 847
1717 545
1718 771
1719 835
1720 659
1721 8
1722 935
1723 496
1724 631
1725 151
1726 994
1727 112
1728 838
1729 708
1730 100
1731 853
1732 915
1733 521
1734 800
1735 349
1736 175
1737 400
1738 20
1739 434
1740 778
1741 67
1742 258
1743 1000
1744 806
1745 789
1746 757
1747 712
1748 434
1749 616
1750 364
1751 200
1752 22
1753 567
1754 664
1755 315
1756 631
1757 36
1758 670
1759 255
1760 129
1761 433
1762 186
1763 813
1764 452
1765 515
1766 560
1767 513
1768 693
1769 354
1770 103
1771 781
1772 278
1773 335
1774 937
1775 407
1776 311
1777 215
1778 298
1779 394
1780 541
1781 738
1782 459
1783 278
1784 286
1785 545
1786 548
1787 242
1788 579
1789 652
1790 509
1791 343
1792 583
1793 526
1794 5
1795 838
1796 790
1797 804
1798 466
1799 754
1800 630
1801 563
1802 926
1803 9
1804 882
1805 709
1806 764
1807 424
1808 71
1809 488
1810 593
1811 165
1812 70
1813 71
1814 918
1815 142
1816 348
1817 381
1818 607
1819 738
1820 611
1821 419
1822 521
1823 343
1824 941
1825 15
1826 889
1827 124
1828 838
1829 792
1830 327
1831 690
1832 109
1833 228
1834 180
1835 487
1836 365
1837 868
1838 128
1839 895
1840 659
1841 809
1842 308
1843 775
1844 668
1845 161
1846 495
1847 143
1848 230
1849 941
1850 433
1851 783
1852 745
1853 743
1854 841
1855 373
1856 430
1857 749
1858 589
1859 372
1860 133
1861 4
1862 31
1863 696
1864 49
1865 78
1866 953
1867 253
1868 76
1869 208
1870 261
1871 611
1872 548
1873 751
1874 904
1875 883
1876 497
1877 805
1878 143
1879 394
1880 228
1881 612
1882 564
1883 629
1884 737
1885 445
1886 412
1887 413
1888 777
1889 553
1890 191
1891 563
1892 871
1893 629
1894 372
1895 947
1896 30
1897 664
1898 147
1899 201
1900 287
1901 851
1902 758
1903 502
1904 311
1905 402
1906 298
1907 621
1908 882
1909 705
1910 496
1911 96
1912 186
1913 107
1914 697
1915 55
1916 597
1917 725
1918 688
1919 827
1920 104
1921 653
1922 826
1923 909
1924 286
1925 827
1926 663
1927 905
1928 182
1929 559
1930 273
1931 621
1932 488
1933 794
1934 563
1935 817
1936 731
1937 345
1938 235
1939 919
1940 703
1941 140
1942 783
1943 757
1944 760
1945 930
1946 244
1947 106
1948 950
1949 363
1950 188
1951 904
1952 759
1953 659
1954 551
1955 776
1956 178
1957 372
1958 968
1959 51
1960 597
1961 919
1962 369
1963 771
1964 850
1965 394
1966 962
1967 109
1968 999
1969 839
1970 875
1971 231
1972 717
1973 191
1974 877
1975 927
1976 687
1977 631
1978 467
1979 245
1980 797
1981 433
1982 121
1983 582
1984 62
1985 257
1986 837
1987 846
1988 450
1989 604
1990 521
1991 240
1992 620
1993 772
1994 341
1995 30
1996 662
1997 88
1998 632
1999 1000
2000 896
2001 858
2002 801
2003 291
2004 809
2005 951
2006 242
2007 339
2008 803
2009 611
2010 488
2011 764
2012 840
2013 704
2014 66
2015 997
2016 793
2017 705
2018 418
2019 134
2020 981
2021 720
2022 866
2023 903
2024 824
2025 605
2026 930
2027 650
2028 973
2029 952
2030 105
2031 292
2032 819
2033 421
2034 648
2035 754
2036 357
2037 997
2038 90
2039 299
2040 502
2041 770
2042 303
2043 147
2044 258
2045 693
2046 107
2047 170
2048 152
2049 7
2050 840
2051 785
2052 92
2053 438
2054 205
2055 493
2056 723
2057 973
2058 123
2059 528
2060 116
2061 723
2062 754
2063 101
2064 771
2065 222
2066 407
2067 99
2068 844
2069 669
2070 859
2071 275
2072 545
2073 499
2074 617
2075 68
2076 841
2077 197
2078 475
2079 636
2080 205
2081 161
2082 222
2083 462
2084 198
2085 331
2086 890
2087 620
2088 727
2089 341
2090 242
2091 767
2092 985
2093 237
2094 811
2095 792
2096 289
2097 893
2098 974
2099 515
2100 761
2101 660
2102 703
2103 624
2104 12
2105 45
2106 628
2107 29
2108 248
2109 536
2110 469
2111 949
2112 65
2113 146
2114 990
2115 278
2116 409
2117 94
2118 875
2119 849
2120 179
2121 34
2122 878
2123 357
2124 198
2125 567
2126 617
2127 222
2128 907
2129 940
2130 331
2131 341
2132 122
2133 165
2134 961
2135 736
2136 67
2137 329
2138 852
2139 485
2140 601
2141 304
2142 498
2143 441
2144 657
2145 979
2146 642
2147 510
2148 8
2149 226
2150 60
2151 390
2152 271
2153 87
2154 47
2155 736
2156 227
2157 238
2158 655
2159 171
2160 227
2161 180
2162 310
2163 512
2164 734
2165 929
2166 602
2167 124
2168 108
2169 220
2170 574
2171 288
2172 491
2173 131
2174 533
2175 981
2176 920
2177 948
2178 347
2179 369
2180 916
2181 526
2182 859
2183 752
2184 398
2185 414
2186 553
2187 986
2188 587
2189 786
2190 38
2191 448
2192 991
2193 31
2194 902
2195 970
2196 363
2197 894
2198 593
2199 617
2200 634
2201 711
2202 19
2203 915
2204 525
2205 391
2206 766
2207 628
2208 513
2209 979
2210 201
2211 623
2212 886
2213 834
2214 475
2215 511
2216 486
2217 490
2218 218
2219 434
2220 773
2221 347
2222 962
2223 675
2224 3
2225 12
2226 65
2227 948
2228 396
2229 677
2230 405
2231 726
2232 59
2233 182
2234 881
2235 925
2236 84
2237 223
2238 58
2239 818
2240 975
2241 485
2242 241
2243 31
2244 575
2245 807
2246 789
2247 516
2248 717
2249 713
2250 333
2251 499
2252 700
2253 628
2254 342
2255 587
2256 236
2257 883
2258 880
2259 680
2260 256
2261 546
2262 113
2263 791
2264 485
2265 66
2266 190
2267 228
2268 877
2269 934
2270 326
2271 30
2272 299
2273 166
2274 694
2275 246
2276 277
2277 649
2278 662
2279 532
2280 890
2281 973
2282 645
2283 755
2284 205
2285 148
2286 582
2287 689
2288 804
2289 695
2290 704
2291 542
2292 673
2293 858
2294 64
2295 291
2296 155
2297 789
2298 912
2299 815
2300 730
2301 744
2302 344
2303 849
2304 539
2305 541
2306 811
2307 676
2308 984
2309 613
2310 811
2311 929
2312 793
2313 411
2314 373
2315 245
2316 686
2317 952
2318 488
2319 372
2320 509
2321 353
2322 775
2323 797
2324 959
2325 172
2326 125
2327 174
2328 561
2329 645
2330 680
2331 298
2332 368
2333 502
2334 809
2335 263
2336 89
2337 162
2338 867
2339 850
2340 418
2341 842
2342 953
2343 44
2344 845
2345 662
2346 170
2347 620
2348 287
2349 242
2350 916
2351 67
2352 804
2353 390
2354 911
2355 814
2356 431
2357 551
2358 427
2359 143
2360 71
2361 628
2362 412
2363 117
2364 897
2365 463
2366 60
2367 405
2368 686
2369 514
2370 800
2371 151
2372 618
2373 62
2374 623
2375 265
2376 506
2377 270
2378 559
2379 731
2380 75
2381 999
2382 690
2383 737
2384 213
2385 497
2386 262
2387 965
2388 706
2389 635
2390 31
2391 888
2392 125
2393 754
2394 454
2395 63
2396 249
2397 366
2398 374
2399 841
2400 157
2401 820
2402 266
2403 80
2404 215
2405 583
2406 414
2407 447
2408 550
2409 707
2410 357
2411 459
2412 213
2413 351
2414 66
2415 359
2416 976
2417 818
2418 189
2419 204
2420 698
2421 687
2422 482
2423 591
2424 678
2425 984
2426 555
2427 393
2428 500
2429 85
2430 766
2431 641
2432 174
2433 13
2434 344
2435 963
2436 169
2437 666
2438 136
2439 292
2440 835
2441 187
2442 421
2443 211
2444 310
2445 105
2446 518
2447 978
2448 515
2449 910
2450 76
2451 102
2452 598
2453 828
2454 232
2455 366
2456 967
2457 829
2458 412
2459 995
2460 523
2461 634
2462 895
2463 160
2464 715
2465 399
2466 489
2467 101
2468 256
2469 810
2470 577
2471 419
2472 664
2473 229
2474 901
2475 300
2476 745
2477 168
2478 428
2479 169
2480 244
2481 401
2482 194
2483 103
2484 187
2485 374
2486 433
2487 784
2488 287
2489 726
2490 637
2491 137
2492 604
2493 450
2494 571
2495 789
2496 882
2497 342
2498 837
2499 964
2500 109
2501 67
2502 973
2503 183
2504 343
2505 555
2506 83
2507 466
2508 711
2509 823
2510 868
2511 365
2512 440
2513 507
2514 242
2515 524
2516 167
2517 924
2518 557
2519 612
2520 172
2521 47
2522 338
2523 300
2524 732
2525 780
2526 482
2527 74
2528 205
2529 368
2530 619
2531 516
2532 331
2533 875
2534 407
2535 630
2536 113
2537 567
2538 524
2539 293
2540 946
2541 112
2542 287
2543 552
2544 958
2545 791
2546 510
2547 585
2548 363
2549 463
2550 871
2551 952
2552 912
2553 183
2554 321
2555 434
2556 956
2557 917
2558 680
2559 789
2560 313
2561 231
2562 841
2563 729
2564 715
2565 262
2566 995
2567 24
2568 727
2569 671
2570 87
2571 805
2572 962
2573 72
2574 173
2575 224
2576 287
2577 590
2578 863
2579 934
2580 232
2581 461
2582 957
2583 959
2584 49
2585 435
2586 815
2587 180
2588 68
2589 380
2590 297
2591 691
2592 421
2593 431
2594 171
2595 917
2596 100
2597 879
2598 845
2599 873
2600 477
2601 528
2602 398
2603 802
2604 648
2605 465
2606 753
2607 672
2608 869
2609 239
2610 746
2611 423
2612 181
2613 886
2614 999
2615 389
2616 364
2617 864
2618 788
2619 742
2620 966
2621 638
2622 214
2623 41
2624 652
2625 824
2626 696
2627 827
2628 410
2629 117
2630 324
2631 796
2632 504
2633 542
2634 583
2635 587
2636 190
2637 595
2638 672
2639 335
2640 758
2641 413
2642 605
2643 753
2644 964
2645 997
2646 414
2647 323
2648 875
2649 255
2650 704
2651 559
2652 708
2653 682
2654 180
2655 548
2656 827
2657 744
2658 167
2659 984
2660 690
2661 377
2662 139
2663 718
2664 769
2665 692
2666 140
2667 838
2668 865
2669 258
2670 33
2671 479
2672 102
2673 323
2674 890
2675 291
2676 317
2677 945
2678 819
2679 756
2680 893
2681 418
2682 491
2683 628
2684 249
2685 431
2686 64
2687 457
2688 435
2689 746
2690 764
2691 928
2692 127
2693 216
2694 699
2695 12
2696 348
2697 628
2698 641
2699 766
2700 233
2701 791
2702 176
2703 741
2704 967
2705 244
2706 750
2707 45
2708 460
2709 692
2710 407
2711 489
2712 477
2713 8
2714 134
2715 343
2716 496
2717 724
2718 274
2719 39
2720 22
2721 576
2722 411
2723 653
2724 135
2725 181
2726 512
2727 980
2728 808
2729 63
2730 588
2731 200
2732 387
2733 129
2734 228
2735 598
2736 682
2737 670
2738 697
2739 676
2740 688
2741 961
2742 993
2743 46
2744 437
2745 681
2746 722
2747 993
2748 183
2749 847
2750 514
2751 878
2752 280
2753 182
2754 123
2755 95
2756 515
2757 929
2758 455
2759 635
2760 326
2761 384
2762 798
2763 519
2764 889
2765 883
2766 283
2767 855
2768 278
2769 734
2770 64
2771 125
2772 281
2773 334
2774 1000
2775 595
2776 893
2777 242
2778 441
2779 232
2780 394
2781 417
2782 107
2783 744
2784 928
2785 579
2786 468
2787 610
2788 990
2789 737
2790 118
2791 103
2792 70
2793 412
2794 600
2795 618
2796 506
2797 329
2798 495
2799 800
2800 645
2801 996
2802 956
2803 582
2804 684
2805 977
2806 223
2807 813
2808 222
2809 74
2810 211
2811 78
2812 410
2813 592
2814 768
2815 801
2816 114
2817 198
2818 754
2819 682
2820 972
2821 407
2822 23
2823 157
2824 565
2825 604
2826 255
2827 58
2828 444
2829 475
2830 787
2831 52
2832 962
2833 419
2834 766
2835 643
2836 860
2837 636
2838 10
2839 384
2840 704
2841 481
2842 228
2843 98
2844 50
2845 110
2846 726
2847 608
2848 826
2849 870
2850 589
2851 784
2852 692
2853 843
2854 117
2855 843
2856 42
2857 291
2858 242
2859 318
2860 877
2861 160
2862 788
2863 276
2864 910
2865 121
2866 42
2867 145
2868 541
2869 385
2870 159
2871 22
2872 218
2873 778
2874 136
2875 538
2876 448
2877 68
2878 812
2879 191
2880 892
2881 200
2882 798
2883 274
2884 580
2885 262
2886 446
2887 374
2888 995
2889 130
2890 543
2891 977
2892 983
2893 548
2894 823
2895 535
2896 654
2897 898
2898 335
2899 636
2900 171
2901 462
2902 658
2903 888
2904 21
2905 146
2906 512
2907 849
2908 879
2909 729
2910 137
2911 586
2912 999
2913 674
2914 430
2915 721
2916 778
2917 591
2918 830
2919 49
2920 980
2921 557
2922 810
2923 442
2924 671
2925 223
2926 794
2927 758
2928 41
2929 171
2930 314
2931 763
2932 606
2933 936
2934 671
2935 464
2936 255
2937 444
2938 958
2939 958
2940 307
2941 915
2942 337
2943 725
2944 592
2945 653
2946 578
2947 933
2948 605
2949 777
2950 926
2951 623
2952 526
2953 960
2954 57
2955 536
2956 276
2957 764
2958 255
2959 681
2960 538
2961 835
2962 307
2963 777
2964 387
2965 25
2966 462
2967 282
2968 319
2969 441
2970 111
2971 517
2972 348
2973 638
2974 322
2975 173
2976 744
2977 586
2978 398
2979 393
2980 804
2981 456
2982 230
2983 529
2984 199
2985 701
2986 156
2987 677
2988 275
2989 309
2990 151
2991 507
2992 521
2993 726
2994 808
2995 339
2996 436
2997 386
2998 974
2999 549
3000 866
3001 285
3002 310
3003 517
3004 297
3005 802
3006 518
3007 892
3008 496
3009 443
3010 604
3011 590
3012 349
3013 75
3014 65
3015 645
3016 398
3017 378
3018 260
3019 876
3020 219
3021 789
3022 736
3023 524
3024 756
3025 417
3026 578
3027 597
3028 251
3029 388
3030 290
3031 95
3032 614
3033 328
3034 305
3035 525
3036 877
3037 951
3038 289
3039 62
3040 340
3041 950
3042 931
3043 595
3044 814
3045 83
3046 488
3047 198
3048 360
3049 360
3050 5
3051 11
3052 234
3053 350
3054 814
3055 4
3056 273
3057 509
3058 370
3059 993
3060 434
3061 366
3062 807
3063 285
3064 423
3065 239
3066 7
3067 823
3068 540
3069 351
3070 657
3071 2
3072 649
3073 415
3074 934
3075 917
3076 736
3077 914
3078 351
3079 516
3080 26
3081 520
3082 457
3083 906
3084 637
3085 244
3086 910
3087 621
3088 680
3089 787
3090 636
3091 482
3092 487
3093 725
3094 290
3095 918
3096 209
3097 897
3098 612
3099 531
3100 63
3101 89
3102 905
3103 411
3104 673
3105 995
3106 777
3107 341
3108 496
3109 387
3110 395
3111 823
3112 790
3113 445
3114 145
3115 368
3116 717
3117 355
3118 113
3119 47
3120 497
3121 989
3122 226
3123 563
3124 529
3125 261
3126 148
3127 775
3128 13
3129 908
3130 409
3131 764
3132 385
3133 887
3134 325
3135 232
3136 280
3137 578
3138 771
3139 182
3140 599
3141 147
3142 619
3143 189
3144 628
3145 103
3146 997
3147 18
3148 340
3149 575
3150 151
3151 749
3152 670
3153 184
3154 326
3155 411
3156 416
3157 75
3158 632
3159 870
3160 693
3161 208
3162 340
3163 15
3164 554
3165 716
3166 172
3167 171
3168 841
3169 778
3170 723
3171 678
3172 586
3173 14
3174 268
3175 529
3176 497
3177 236
3178 717
3179 977
3180 261
3181 145
3182 68
3183 172
3184 276
3185 205
3186 90
3187 795
3188 139
3189 46
3190 316
3191 377
3192 985
3193 6
3194 433
3195 59
3196 358
3197 714
3198 799
3199 235
3200 795
3201 191
3202 257
3203 294
3204 310
3205 30
3206 737
3207 171
3208 288
3209 309
3210 561
3211 738
3212 236
3213 333
3214 411
3215 66
3216 136
3217 967
3218 98
3219 876
3220 658
3221 64
3222 27
3223 861
3224 193
3225 281
3226 477
3227 833
3228 990
3229 388
3230 491
3231 76
3232 18
3233 503
3234 636
3235 390
3236 445
3237 541
3238 516
3239 394
3240 678
3241 386
3242 639
3243 204
3244 527
3245 316
3246 659
3247 659
3248 530
3249 125
3250 452
3251 821
3252 673
3253 870
3254 925
3255 859
3256 704
3257 738
3258 794
3259 345
3260 368
3261 723
3262 661
3263 794
3264 808
3265 528
3266 426
3267 659
3268 881
3269 331
3270 344
3271 489
3272 783
3273 761
3274 829
3275 271
3276 125
3277 511
3278 82
3279 43
3280 997
3281 564
3282 644
3283 384
3284 903
3285 251
3286 993
3287 140
3288 370
3289 408
3290 193
3291 20
3292 166
3293 277
3294 297
3295 195
3296 527
3297 119
3298 266
3299 224
3300 398
3301 824
3302 189
3303 664
3304 794
3305 819
3306 659
3307 234
3308 591
3309 489
3310 702
3311 29
3312 690
3313 325
3314 417
3315 699
3316 971
3317 572
3318 480
3319 253
3320 820
3321 34
3322 896
3323 834
3324 767
3325 527
3326 228
3327 833
3328 519
3329 733
3330 31
3331 191
3332 642
3333 195
3334 322
3335 527
3336 65
3337 671
3338 144
3339 482
3340 43
3341 846
3342 377
3343 991
3344 463
3345 733
3346 77
3347 726
3348 455
3349 133
3350 265
3351 719
3352 68
3353 277
3354 659
3355 22
3356 15
3357 963
3358 226
3359 289
3360 818
3361 220
3362 293
3363 776
3364 755
3365 206
3366 83
3367 851
3368 13
3369 11
3370 95
3371 605
3372 120
3373 543
3374 975
3375 582
3376 432
3377 503
3378 810
3379 407
3380 759
3381 271
3382 42
3383 243
3384 687
3385 978
3386 500
3387 13
3388 815
3389 264
3390 575
3391 789
3392 785
3393 644
3394 879
3395 675
3396 64
3397 385
3398 781
3399 75
3400 887
3401 856
3402 668
3403 913
3404 179
3405 477
3406 177
3407 966
3408 210
3409 486
3410 939
3411 260
3412 129
3413 395
3414 543
3415 336
3416 577
3417 913
3418 88
3419 266
3420 678
3421 998
3422 978
3423 610
3424 246
3425 405
3426 290
3427 235
3428 159
3429 794
3430 410
3431 94
3432 351
3433 509
3434 730
3435 91
3436 528
3437 399
3438 92
3439 814
3440 909
3441 850
3442 173
3443 268
3444 722
3445 733
3446 106
3447 161
3448 844
3449 282
3450 407
3451 74
3452 503
3453 160
3454 504
3455 132
3456 899
3457 318
3458 714
3459 941
3460 511
3461 453
3462 282
3463 558
3464 684
3465 843
3466 916
3467 590
3468 447
3469 243
3470 488
3471 16
3472 657
3473 467
3474 554
3475 349
3476 838
3477 670
3478 290
3479 550
3480 568
3481 425
3482 651
3483 71
3484 368
3485 331
3486 717
3487 127
3488 290
3489 566
3490 999
3491 727
3492 104
3493 629
3494 49
3495 3
3496 69
3497 438
3498 214
3499 78
3500 822
3501 541
3502 746
3503 591
3504 275
3505 741
3506 64
3507 309
3508 185
3509 431
3510 98
3511 747
3512 258
3513 292
3514 916
3515 867
3516 599
3517 656
3518 28
3519 681
3520 875
3521 958
3522 37
3523 535
3524 273
3525 821
3526 598
3527 504
3528 756
3529 769
3530 624
3531 367
3532 669
3533 278
3534 329
3535 655
3536 554
3537 472
3538 833
3539 504
3540 686
3541 760
3542 853
3543 253
3544 239
3545 468
3546 3
3547 948
3548 760
3549 654
3550 838
3551 411
3552 751
3553 932
3554 718
3555 783
3556 167
3557 46
3558 841
3559 868
3560 261
3561 897
3562 508
3563 509
3564 326
3565 501
3566 742
3567 943
3568 316
3569 529
3570 419
3571 832
3572 900
3573 843
3574 193
3575 636
3576 651
3577 736
3578 868
3579 57
3580 519
3581 772
3582 245
3583 159
3584 701
3585 707
3586 295
3587 922
3588 499
3589 458
3590 197
3591 615
3592 769
3593 588
3594 213
3595 52
3596 677
3597 318
3598 928
3599 328
3600 503
3601 350
3602 422
3603 118
3604 915
3605 976
3606 859
3607 418
3608 329
3609 20
3610 391
3611 4
3612 489
3613 760
3614 144
3615 44
3616 454
3617 6
3618 718
3619 201
3620 752
3621 229
3622 292
3623 616
3624 583
3625 208
3626 137
3627 553
3628 331
3629 672
3630 130
3631 738
3632 506
3633 483
3634 876
3635 886
3636 54
3637 559
3638 918
3639 527
3640 387
3641 5
3642 873
3643 832
3644 406
3645 182
3646 853
3647 19
3648 903
3649 412
3650 56
3651 650
3652 578
3653 760
3654 912
3655 421
3656 292
3657 848
3658 577
3659 855
3660 457
3661 694
3662 337
3663 345
3664 528
3665 485
3666 833
3667 625
3668 935
3669 739
3670 367
3671 53
3672 546
3673 93
3674 490
3675 566
3676 117
3677 420
3678 926
3679 466
3680 694
3681 93
3682 175
3683 345
3684 550
3685 176
3686 678
3687 459
3688 888
3689 479
3690 348
3691 24
3692 24
3693 522
3694 270
3695 164
3696 210
3697 121
3698 598
3699 202
3700 553
3701 807
3702 438
3703 687
3704 455
3705 56
3706 295
3707 766
3708 822
3709 848
3710 203
3711 548
3712 220
3713 95
3714 42
3715 729
3716 15
3717 251
3718 187
3719 305
3720 939
3721 123
3722 511
3723 929
3724 907
3725 625
3726 171
3727 418
3728 785
3729 307
3730 322
3731 963
3732 116
3733 114
3734 931
3735 128
3736 336
3737 637
3738 987
3739 830
3740 808
3741 81
3742 516
3743 253
3744 300
3745 80
3746 675
3747 557
3748 166
3749 666
3750 936
3751 898
3752 362
3753 27
3754 226
3755 470
3756 29
3757 408
3758 93
3759 384
3760 821
3761 20
3762 350
3763 459
3764 730
3765 982
3766 831
3767 321
3768 258
3769 362
3770 988
3771 122
3772 112
3773 92
3774 704
3775 888
3776 662
3777 731
3778 597
3779 916
3780 721
3781 852
3782 856
3783 214
3784 468
3785 191
3786 297
3787 820
3788 867
3789 660
3790 379
3791 189
3792 833
3793 296
3794 740
3795 461
3796 115
3797 496
3798 305
3799 913
3800 480
3801 722
3802 64
3803 216
3804 620
3805 372
3806 186
3807 921
3808 72
3809 250
3810 236
3811 754
3812 789
3813 204
3814 610
3815 742
3816 124
3817 208
3818 805
3819 876
3820 162
3821 922
3822 292
3823 11
3824 239
3825 124
3826 959
3827 842
3828 191
3829 336
3830 138
3831 386
3832 780
3833 285
3834 394
3835 595
3836 566
3837 607
3838 146
3839 79
3840 314
3841 531
3842 527
3843 489
3844 654
3845 118
3846 915
3847 50
3848 755
3849 447
3850 223
3851 902
3852 884
3853 798
3854 669
3855 424
3856 375
3857 435
3858 951
3859 42
3860 926
3861 746
3862 342
3863 95
3864 928
3865 184
3866 927
3867 787
3868 995
3869 344
3870 832
3871 845
3872 373
3873 540
3874 590
3875 433
3876 709
3877 313
3878 290
3879 266
3880 811
3881 980
3882 376
3883 812
3884 935
3885 409
3886 705
3887 919
3888 287
3889 762
3890 614
3891 60
3892 984
3893 774
3894 561
3895 328
3896 656
3897 830
3898 822
3899 876
3900 827
3901 716
3902 181
3903 510
3904 862
3905 908
3906 633
3907 988
3908 989
3909 162
3910 290
3911 48
3912 480
3913 697
3914 367
3915 31
3916 131
3917 68
3918 206
3919 505
3920 678
3921 271
3922 368
3923 296
3924 280
3925 338
3926 264
3927 203
3928 455
3929 263
3930 458
3931 181
3932 729
3933 835
3934 613
3935 957
3936 975
3937 824
3938 601
3939 932
3940 469
3941 205
3942 154
3943 623
3944 854
3945 139
3946 304
3947 660
3948 729
3949 236
3950 528
3951 867
3952 438
3953 791
3954 850
3955 31
3956 843
3957 56
3958 276
3959 1000
3960 992
3961 194
3962 4
3963 542
3964 927
3965 896
3966 960
3967 569
3968 686
3969 208
3970 511
3971 52
3972 980
3973 205
3974 680
3975 220
3976 946
3977 326
3978 580
3979 191
3980 53
3981 809
3982 588
3983 616
3984 129
3985 266
3986 836
3987 371
3988 489
3989 589
3990 890
3991 304
3992 721
3993 593
3994 912
3995 706
3996 763
3997 205
3998 424
3999 444
4000 617
4001 838
4002 938
4003 768
4004 881
4005 994
4006 730
4007 233
4008 811
4009 940
4010 406
4011 481
4012 235
4013 295
4014 993
4015 50
4016 919
4017 215
4018 659
4019 801
4020 354
4021 939
4022 353
4023 166
4024 398
4025 6
4026 630
4027 20
4028 270
4029 176
4030 868
4031 859
4032 970
4033 678
4034 924
4035 263
4036 245
4037 583
4038 205
4039 259
4040 743
4041 157
4042 568
4043 353
4044 564
4045 751
4046 929
4047 533
4048 117
4049 237
4050 38
4051 981
4052 982
4053 307
4054 205
4055 463
4056 135
4057 76
4058 593
4059 829
4060 532
4061 492
4062 957
4063 913
4064 14
4065 282
4066 197
4067 185
4068 295
4069 959
4070 255
4071 525
4072 890
4073 725
4074 80
4075 706
4076 306
4077 280
4078 734
4079 324
4080 835
4081 533
4082 829
4083 360
4084 750
4085 630
4086 421
4087 123
4088 674
4089 388
4090 522
4091 65
4092 59
4093 755
4094 823
4095 832
4096 953
4097 289
4098 118
4099 575
4100 134
4101 881
4102 330
4103 293
4104 920
4105 387
4106 204
4107 38
4108 335
4109 780
4110 661
4111 458
4112 590
4113 886
4114 660
4115 165
4116 241
4117 85
4118 77
4119 291
4120 750
4121 404
4122 313
4123 587
4124 436
4125 839
4126 869
4127 107
4128 9
4129 989
4130 483
4131 331
4132 243
4133 968
4134 960
4135 736
4136 379
4137 983
4138 416
4139 708
4140 959
4141 916
4142 511
4143 782
4144 693
4145 511
4146 536
4147 540
4148 554
4149 63
4150 164
4151 319
4152 588
4153 563
4154 272
4155 166
4156 568
4157 683
4158 923
4159 607
4160 378
4161 493
4162 920
4163 821
4164 634
4165 882
4166 37
4167 127
4168 811
4169 483
4170 287
4171 841
4172 973
4173 187
4174 135
4175 950
4176 225
4177 588
4178 962
4179 828
4180 188
4181 810
4182 989
4183 111
4184 831
4185 89
4186 469
4187 510
4188 897
4189 507
4190 800
4191 841
4192 805
4193 897
4194 815
4195 811
4196 738
4197 758
4198 523
4199 926
4200 184
4201 842
4202 776
4203 760
4204 852
4205 419
4206 985
4207 486
4208 909
4209 114
4210 533
4211 342
4212 986
4213 244
4214 443
4215 415
4216 751
4217 980
4218 212
4219 705
4220 837
4221 763
4222 568
4223 519
4224 472
4225 329
4226 769
4227 629
4228 45
4229 410
4230 25
4231 416
4232 340
4233 1000
4234 113
4235 900
4236 322
4237 617
4238 735
4239 686
4240 186
4241 932
4242 889
4243 844
4244 267
4245 578
4246 431
4247 759
4248 259
4249 565
4250 102
4251 668
4252 75
4253 430
4254 753
4255 360
4256 464
4257 555
4258 210
4259 422
4260 476
4261 726
4262 507
4263 724
4264 591
4265 369
4266 949
4267 204
4268 280
4269 577
4270 988
4271 138
4272 437
4273 904
4274 993
4275 448
4276 740
4277 208
4278 159
4279 281
4280 911
4281 407
4282 654
4283 57
4284 297
4285 197
4286 36
4287 340
4288 399
4289 810
4290 491
4291 193
4292 662
4293 532
4294 264
4295 900
4296 658
4297 752
4298 606
4299 178
4300 47
4301 879
4302 436
4303 67
4304 527
4305 393
4306 281
4307 107
4308 629
4309 718
4310 672
4311 475
4312 177
4313 724
4314 248
4315 677
4316 498
4317 422
4318 347
4319 104
4320 866
4321 500
4322 654
4323 438
4324 132
4325 795
4326 750
4327 741
4328 376
4329 759
4330 49
4331 531
4332 451
4333 455
4334 151
4335 235
4336 140
4337 659
4338 128
4339 636
4340 732
4341 144
4342 137
4343 628
4344 784
4345 314
4346 733
4347 988
4348 85
4349 185
4350 757
4351 873
4352 122
4353 215
4354 601
4355 379
4356 378
4357 823
4358 826
4359 810
4360 891
4361 288
4362 772
4363 601
4364 320
4365 64
4366 461
4367 323
4368 178
4369 986
4370 99
4371 242
4372 110
4373 952
4374 148
4375 379
4376 354
4377 302
4378 435
4379 25
4380 598
4381 299
4382 414
4383 737
4384 690
4385 821
4386 380
4387 787
4388 550
4389 626
4390 767
4391 237
4392 63
4393 897
4394 719
4395 515
4396 567
4397 442
4398 825
4399 167
4400 924
4401 319
4402 914
4403 140
4404 17
4405 42
4406 284
4407 286
4408 378
4409 994
4410 756
4411 764
4412 692
4413 702
4414 827
4415 517
4416 725
4417 255
4418 269
4419 841
4420 616
4421 175
4422 305
4423 811
4424 412
4425 886
4426 775
4427 575
4428 642
4429 414
4430 667
4431 537
4432 484
4433 979
4434 238
4435 610
4436 276
4437 263
4438 127
4439 832
4440 448
4441 369
4442 101
4443 403
4444 848
4445 525
4446 450
4447 444
4448 362
4449 935
4450 187
4451 75
4452 506
4453 727
4454 215
4455 872
4456 890
4457 566
4458 578
4459 156
4460 621
4461 550
4462 685
4463 222
4464 792
4465 333
4466 354
4467 748
4468 836
4469 928
4470 246
4471 404
4472 747
4473 301
4474 843
4475 156
4476 791
4477 411
4478 832
4479 206
4480 411
4481 796
4482 846
4483 768
4484 981
4485 246
4486 173
4487 849
4488 32
4489 953
4490 27
4491 425
4492 705
4493 483
4494 688
4495 382
4496 130
4497 126
4498 427
4499 919
4500 843
4501 373
4502 177
4503 848
4504 684
4505 844
4506 302
4507 55
4508 207
4509 811
4510 185
4511 264
4512 608
4513 670
4514 518
4515 978
4516 368
4517 983
4518 812
4519 720
4520 157
4521 843
4522 878
4523 473
4524 608
4525 765
4526 619
4527 85
4528 738
4529 613
4530 699
4531 168
4532 65
4533 645
4534 654
4535 786
4536 960
4537 834
4538 741
4539 760
4540 372
4541 603
4542 682
4543 47
4544 929
4545 420
4546 641
4547 319
4548 340
4549 81
4550 515
4551 437
4552 236
4553 274
4554 602
4555 947
4556 332
4557 533
4558 367
4559 671
4560 558
4561 424
4562 463
4563 831
4564 32
4565 869
4566 477
4567 418
4568 674
4569 184
4570 772
4571 778
4572 757
4573 258
4574 171
4575 386
4576 20
4577 845
4578 248
4579 646
4580 7
4581 638
4582 121
4583 157
4584 994
4585 710
4586 617
4587 939
4588 994
4589 805
4590 486
4591 847
4592 452
4593 319
4594 140
4595 811
4596 691
4597 427
4598 308
4599 967
4600 399
4601 15
4602 91
4603 711
4604 452
4605 489
4606 109
4607 368
4608 794
4609 518
4610 771
4611 823
4612 961
4613 345
4614 195
4615 30
4616 619
4617 668
4618 504
4619 621
4620 261
4621 690
4622 650
4623 780
4624 774
4625 709
4626 593
4627 159
4628 413
4629 994
4630 233
4631 807
4632 359
4633 489
4634 77
4635 801
4636 6
4637 648
4638 483
4639 142
4640 852
4641 16
4642 460
4643 192
4644 824
4645 99
4646 681
4647 426
4648 440
4649 434
4650 424
4651 534
4652 143
4653 870
4654 672
4655 461
4656 126
4657 316
4658 35
4659 887
4660 470
4661 209
4662 797
4663 770
4664 565
4665 517
4666 941
4667 739
4668 1
4669 75
4670 316
4671 576
4672 121
4673 421
4674 567
4675 668
4676 654
4677 445
4678 433
4679 603
4680 273
4681 869
4682 923
4683 990
4684 80
4685 673
4686 564
4687 728
4688 997
4689 335
4690 37
4691 18
4692 978
4693 797
4694 798
4695 438
4696 971
4697 570
4698 827
4699 940
4700 339
4701 206
4702 634
4703 72
4704 771
4705 66
4706 698
4707 803
4708 132
4709 600
4710 770
4711 967
4712 567
4713 270
4714 213
4715 571
4716 908
4717 814
4718 296
4719 678
4720 25
4721 870
4722 293
4723 967
4724 101
4725 558
4726 16
4727 24
4728 302
4729 298
4730 976
4731 451
4732 957
4733 458
4734 73
4735 139
4736 581
4737 997
4738 841
4739 730
4740 112
4741 515
4742 59
4743 798
4744 2
4745 323
4746 683
4747 863
4748 394
4749 402
4750 860
4751 573
4752 698
4753 356
4754 67
4755 970
4756 909
4757 112
4758 181
4759 899
4760 947
4761 209
4762 786
4763 217
4764 985
4765 754
4766 249
4767 462
4768 446
4769 92
4770 777
4771 378
4772 244
4773 810
4774 472
4775 157
4776 997
4777 613
4778 842
4779 976
4780 933
4781 175
4782 268
4783 692
4784 762
4785 448
4786 877
4787 948
4788 541
4789 446
4790 869
4791 176
4792 624
4793 651
4794 240
4795 411
4796 394
4797 424
4798 894
4799 975
4800 401
4801 570
4802 319
4803 266
4804 416
4805 192
4806 823
4807 690
4808 404
4809 386
4810 758
4811 574
4812 674
4813 6
4814 567
4815 630
4816 929
4817 484
4818 437
4819 180
4820 393
4821 129
4822 75
4823 726
4824 63
4825 792
4826 963
4827 23
4828 740
4829 82
4830 320
4831 134
4832 383
4833 168
4834 186
4835 875
4836 825
4837 431
4838 162
4839 673
4840 325
4841 509
4842 456
4843 776
4844 933
4845 332
4846 663
4847 170
4848 727
4849 122
4850 369
4851 954
4852 467
4853 296
4854 718
4855 957
4856 955
4857 841
4858 699
4859 981
4860 966
4861 235
4862 407
4863 72
4864 836
4865 264
4866 239
4867 75
4868 12
4869 184
4870 113
4871 758
4872 920
4873 453
4874 735
4875 895
4876 588
4877 357
4878 717
4879 120
4880 233
4881 983
4882 631
4883 298
4884 588
4885 726
4886 208
4887 287
4888 375
4889 302
4890 177
4891 75
4892 319
4893 216
4894 381
4895 665
4896 90
4897 46
4898 531
4899 15
4900 874
4901 549
4902 439
4903 119
4904 633
4905 899
4906 780
4907 927
4908 703
4909 428
4910 8
4911 322
4912 394
4913 33
4914 738
4915 576
4916 871
4917 204
4918 728
4919 9
4920 264
4921 235
4922 231
4923 839
4924 705
4925 938
4926 96
4927 441
4928 215
4929 643
4930 219
4931 928
4932 28
4933 736
4934 78
4935 229
4936 603
4937 15
4938 875
4939 447
4940 57
4941 981
4942 805
4943 685
4944 385
4945 559
4946 218
4947 404
4948 864
4949 972
4950 746
4951 247
4952 901
4953 907
4954 472
4955 5
4956 364
4957 675
4958 385
4959 418
4960 743
4961 526
4962 443
4963 781
4964 396
4965 54
4966 305
4967 646
4968 996
4969 319
4970 739
4971 312
4972 410
4973 694
4974 349
4975 256
4976 131
4977 962
4978 720
4979 402
4980 518
4981 865
4982 955
4983 384
4984 550
4985 825
4986 19
4987 347
4988 391
4989 753
4990 975
4991 481
4992 79
4993 948
4994 583
4995 400
4996 733
4997 876
4998 674
4999 631
5000 697
5001 155
5002 36
5003 779
5004 795
5005 719
5006 607
5007 609
5008 596
5009 867
5010 799
5011 524
5012 925
5013 132
5014 288
5015 964
5016 744
5017 384
5018 17
5019 752
5020 735
5021 755
5022 713
5023 223
5024 960
5025 9
5026 439
5027 68
5028 391
5029 26
5030 388
5031 598
5032 667
5033 802
5034 521
5035 702
5036 637
5037 617
5038 700
5039 117
5040 349
5041 312
5042 554
5043 281
5044 503
5045 476
5046 560
5047 462
5048 217
5049 568
5050 727
5051 589
5052 362
5053 940
5054 990
5055 35
5056 114
5057 786
5058 41
5059 517
5060 504
5061 524
5062 373
5063 44
5064 333
5065 820
5066 912
5067 393
5068 635
5069 208
5070 848
5071 412
5072 194
5073 652
5074 860
5075 290
5076 925
5077 408
5078 297
5079 50
5080 873
5081 342
5082 150
5083 397
5084 85
5085 349
5086 873
5087 709
5088 438
5089 594
5090 222
5091 160
5092 583
5093 106
5094 204
5095 588
5096 159
5097 988
5098 480
5099 574
5100 153
5101 803
5102 890
5103 148
5104 128
5105 155
5106 187
5107 285
5108 46
5109 662
5110 912
5111 893
5112 88
5113 840
5114 826
5115 845
5116 861
5117 397
5118 528
5119 725
5120 677
5121 814
5122 928
5123 710
5124 175
5125 491
5126 458
5127 264
5128 133
5129 920
5130 361
5131 197
5132 760
5133 172
5134 107
5135 992
5136 724
5137 663
5138 90
5139 264
5140 55
5141 513
5142 895
5143 566
5144 642
5145 8
5146 3
5147 309
5148 540
5149 299
5150 803
5151 351
5152 507
5153 24
5154 560
5155 984
5156 576
5157 972
5158 717
5159 180
5160 832
5161 737
5162 658
5163 874
5164 269
5165 357
5166 814
5167 295
5168 545
5169 68
5170 345
5171 124
5172 851
5173 199
5174 218
5175 178
5176 625
5177 588
5178 943
5179 696
5180 492
5181 803
5182 468
5183 288
5184 442
5185 856
5186 107
5187 66
5188 258
5189 449
5190 262
5191 285
5192 551
5193 194
5194 909
5195 429
5196 59
5197 537
5198 34
5199 459
5200 1000
5201 287
5202 755
5203 304
5204 157
5205 923
5206 246
5207 328
5208 265
5209 633
5210 268
5211 857
5212 332
5213 534
5214 55
5215 669
5216 77
5217 647
5218 535
5219 518
5220 853
5221 601
5222 40
5223 292
5224 936
5225 191
5226 484
5227 721
5228 853
5229 392
5230 486
5231 714
5232 411
5233 532
5234 175
5235 890
5236 310
5237 546
5238 947
5239 389
5240 929
5241 598
5242 970
5243 825
5244 35
5245 87
5246 437
5247 894
5248 283
5249 51
5250 481
5251 901
5252 938
5253 237
5254 943
5255 618
5256 726
5257 740
5258 216
5259 890
5260 61
5261 377
5262 90
5263 941
5264 302
5265 55
5266 966
5267 575
5268 380
5269 677
5270 708
5271 657
5272 98
5273 707
5274 568
5275 13
5276 183
5277 506
5278 684
5279 970
5280 133
5281 874
5282 429
5283 394
5284 78
5285 704
5286 915
5287 739
5288 29
5289 223
5290 601
5291 557
5292 281
5293 672
5294 236
5295 903
5296 620
5297 938
5298 446
5299 581
5300 760
5301 995
5302 902
5303 407
5304 250
5305 1
5306 781
5307 571
5308 289
5309 646
5310 276
5311 378
5312 971
5313 287
5314 490
5315 878
5316 660
5317 873
5318 823
5319 662
5320 223
5321 654
5322 241
5323 437
5324 914
5325 629
5326 455
5327 968
5328 102
5329 16
5330 729
5331 440
5332 732
5333 910
5334 513
5335 788
5336 546
5337 931
5338 396
5339 800
5340 662
5341 175
5342 46
5343 95
5344 438
5345 494
5346 954
5347 387
5348 880
5349 785
5350 794
5351 372
5352 942
5353 695
5354 518
5355 400
5356 382
5357 241
5358 776
5359 398
5360 409
5361 723
5362 506
5363 993
5364 873
5365 302
5366 15
5367 145
5368 597
5369 825
5370 483
5371 496
5372 539
5373 814
5374 791
5375 247
5376 303
5377 78
5378 612
5379 719
5380 436
5381 428
5382 889
5383 265
5384 198
5385 175
5386 513
5387 470
5388 126
5389 509
5390 67
5391 362
5392 523
5393 528
5394 131
5395 493
5396 67
5397 116
5398 318
5399 410
5400 234
5401 807
5402 630
5403 330
5404 701
5405 882
5406 55
5407 410
5408 696
5409 636
5410 211
5411 941
5412 945
5413 640
5414 447
5415 610
5416 436
5417 544
5418 781
5419 14
5420 528
5421 680
5422 657
5423 805
5424 541
5425 90
5426 454
5427 605
5428 46
5429 956
5430 468
5431 197
5432 435
5433 632
5434 325
5435 620
5436 40
5437 973
5438 682
5439 566
5440 683
5441 578
5442 972
5443 911
5444 410
5445 959
5446 541
5447 697
5448 443
5449 281
5450 140
5451 792
5452 894
5453 797
5454 767
5455 643
5456 980
5457 835
5458 443
5459 71
5460 868
5461 801
5462 72
5463 646
5464 351
5465 884
5466 989
5467 838
5468 254
5469 7
5470 842
5471 196
5472 814
5473 744
5474 437
5475 552
5476 315
5477 821
5478 137
5479 194
5480 642
5481 383
5482 446
5483 640
5484 272
5485 738
5486 984
5487 763
5488 360
5489 340
5490 722
5491 375
5492 466
5493 948
5494 650
5495 326
5496 84
5497 486
5498 671
5499 42
5500 417
5501 545
5502 164
5503 520
5504 19
5505 587
5506 472
5507 792
5508 409
5509 440
5510 286
5511 412
5512 397
5513 38
5514 601
5515 372
5516 118
5517 998
5518 165
5519 1000
5520 874
5521 831
5522 265
5523 690
5524 785
5525 324
5526 945
5527 145
5528 915
5529 35
5530 458
5531 73
5532 779
5533 592
5534 87
5535 234
5536 309
5537 400
5538 806
5539 798
5540 432
5541 388
5542 967
5543 878
5544 617
5545 400
5546 943
5547 429
5548 302
5549 169
5550 277
5551 928
5552 869
5553 551
5554 646
5555 783
5556 693
5557 688
5558 980
5559 19
5560 12
5561 525
5562 426
5563 357
5564 470
5565 155
5566 363
5567 497
5568 786
5569 473
5570 359
5571 458
5572 830
5573 997
5574 73
5575 589
5576 715
5577 843
5578 39
5579 76
5580 995
5581 708
5582 242
5583 961
5584 73
5585 411
5586 167
5587 714
5588 320
5589 70
5590 295
5591 255
5592 727
5593 557
5594 645
5595 505
5596 715
5597 433
5598 354
5599 516
5600 834
5601 488
5602 957
5603 788
5604 124
5605 137
5606 723
5607 995
5608 685
5609 58
5610 485
5611 244
5612 933
5613 727
5614 125
5615 456
5616 399
5617 146
5618 568
5619 940
5620 914
5621 147
5622 716
5623 855
5624 843
5625 158
5626 908
5627 577
5628 101
5629 835
5630 703
5631 630
5632 858
5633 858
5634 840
5635 483
5636 280
5637 466
5638 132
5639 910
5640 364
5641 368
5642 691
5643 564
5644 739
5645 693
5646 986
5647 123
5648 230
5649 765
5650 553
5651 935
5652 906
5653 902
5654 881
5655 773
5656 985
5657 580
5658 109
5659 888
5660 864
5661 559
5662 206
5663 332
5664 906
5665 884
5666 907
5667 9
5668 943
5669 682
5670 426
5671 649
5672 622
5673 392
5674 912
5675 878
5676 783
5677 122
5678 625
5679 325
5680 477
5681 982
5682 248
5683 224
5684 502
5685 363
5686 814
5687 647
5688 529
5689 959
5690 312
5691 82
5692 542
5693 638
5694 255
5695 65
5696 277
5697 862
5698 21
5699 364
5700 894
5701 261
5702 198
5703 724
5704 504
5705 761
5706 472
5707 137
5708 385
5709 821
5710 942
5711 403
5712 801
5713 215
5714 838
5715 331
5716 63
5717 472
5718 25
5719 982
5720 848
5721 238
5722 54
5723 332
5724 104
5725 234
5726 768
5727 813
5728 169
5729 470
5730 661
5731 871
5732 223
5733 320
5734 941
5735 266
5736 774
5737 154
5738 73
5739 738
5740 955
5741 786
5742 816
5743 794
5744 926
5745 390
5746 113
5747 168
5748 995
5749 133
5750 368
5751 372
5752 250
5753 391
5754 767
5755 606
5756 516
5757 744
5758 125
5759 165
5760 14
5761 740
5762 939
5763 928
5764 815
5765 765
5766 601
5767 93
5768 547
5769 665
5770 321
5771 182
5772 382
5773 687
5774 964
5775 985
5776 651
5777 701
5778 242
5779 153
5780 659
5781 181
5782 646
5783 872
5784 651
5785 701
5786 313
5787 897
5788 349
5789 338
5790 3
5791 897
5792 422
5793 608
5794 730
5795 931
5796 748
5797 444
5798 534
5799 428
5800 292
5801 586
5802 623
5803 687
5804 218
5805 254
5806 14
5807 223
5808 598
5809 975
5810 766
5811 396
5812 532
5813 294
5814 187
5815 835
5816 833
5817 194
5818 751
5819 95
5820 452
5821 515
5822 876
5823 435
5824 25
5825 63
5826 941
5827 939
5828 55
5829 760
5830 461
5831 562
5832 155
5833 668
5834 782
5835 32
5836 686
5837 535
5838 581
5839 332
5840 16
5841 759
5842 941
5843 193
5844 259
5845 808
5846 876
5847 504
5848 39
5849 909
5850 875
5851 434
5852 395
5853 441
5854 654
5855 529
5856 529
5857 340
5858 556
5859 385
5860 523
5861 635
5862 225
5863 810
5864 122
5865 573
5866 756
5867 163
5868 942
5869 807
5870 488
5871 689
5872 824
5873 864
5874 891
5875 132
5876 152
5877 198
5878 604
5879 992
5880 925
5881 437
5882 737
5883 600
5884 730
5885 700
5886 896
5887 684
5888 32
5889 130
5890 692
5891 406
5892 13
5893 960
5894 400
5895 883
5896 930
5897 703
5898 597
5899 548
5900 854
5901 204
5902 688
5903 739
5904 200
5905 191
5906 55
5907 180
5908 562
5909 533
5910 969
5911 556
5912 955
5913 820
5914 792
5915 937
5916 444
5917 546
5918 609
5919 762
5920 194
5921 65
5922 206
5923 381
5924 467
5925 956
5926 106
5927 582
5928 599
5929 163
5930 851
5931 693
5932 529
5933 887
5934 896
5935 350
5936 176
5937 722
5938 829
5939 310
5940 908
5941 829
5942 877
5943 262
5944 692
5945 519
5946 931
5947 826
5948 590
5949 381
5950 127
5951 398
5952 418
5953 9
5954 178
5955 187
5956 108
5957 449
5958 448
5959 413
5960 113
5961 445
5962 410
5963 339
5964 862
5965 616
5966 499
5967 555
5968 779
5969 315
5970 918
5971 141
5972 651
5973 479
5974 506
5975 466
5976 802
5977 425
5978 244
5979 471
5980 496
5981 199
5982 534
5983 430
5984 902
5985 282
5986 4
5987 116
5988 848
5989 682
5990 309
5991 599
5992 995
5993 92
5994 726
5995 762
5996 296
5997 993
5998 382
5999 337
6000 501
6001 415
6002 497
6003 909
6004 623
6005 292
6006 896
6007 948
6008 350
6009 546
6010 838
6011 423
6012 307
6013 711
6014 405
6015 939
6016 974
6017 612
6018 490
6019 434
6020 992
6021 365
6022 363
6023 497
6024 845
6025 534
6026 212
6027 482
6028 958
6029 829
6030 870
6031 994
6032 115
6033 591
6034 300
6035 303
6036 751
6037 7
6038 62
6039 998
6040 980
6041 590
6042 473
6043 202
6044 170
6045 506
6046 552
6047 716
6048 674
6049 70
6050 125
6051 41
6052 49
6053 381
6054 334
6055 736
6056 115
6057 74
6058 71
6059 982
6060 907
6061 813
6062 623
6063 726
6064 599
6065 504
6066 670
6067 797
6068 650
6069 670
6070 56
6071 554
6072 981
6073 332
6074 875
6075 529
6076 739
6077 551
6078 845
6079 578
6080 925
6081 225
6082 349
6083 263
6084 699
6085 571
6086 863
6087 18
6088 316
6089 615
6090 842
6091 669
6092 347
6093 440
6094 955
6095 313
6096 323
6097 856
6098 785
6099 430
6100 505
6101 888
6102 991
6103 812
6104 94
6105 620
6106 624
6107 198
6108 515
6109 609
6110 937
6111 978
6112 823
6113 902
6114 40
6115 178
6116 177
6117 70
6118 294
6119 372
6120 267
6121 563
6122 60
6123 399
6124 410
6125 592
6126 715
6127 603
6128 596
6129 23
6130 454
6131 462
6132 494
6133 898
6134 454
6135 919
6136 361
6137 571
6138 290
6139 926
6140 14
6141 239
6142 186
6143 380
6144 849
6145 686
6146 120
6147 939
6148 403
6149 22
6150 954
6151 619
6152 735
6153 419
6154 547
6155 596
6156 306
6157 754
6158 123
6159 965
6160 233
6161 667
6162 550
6163 121
6164 640
6165 581
6166 407
6167 126
6168 754
6169 765
6170 596
6171 901
6172 360
6173 519
6174 811
6175 198
6176 436
6177 384
6178 159
6179 827
6180 499
6181 759
6182 96
6183 554
6184 662
6185 32
6186 355
6187 862
6188 52
6189 646
6190 173
6191 62
6192 154
6193 787
6194 312
6195 381
6196 171
6197 816
6198 799
6199 758
6200 934
6201 430
6202 79
6203 820
6204 859
6205 170
6206 321
6207 111
6208 21
6209 309
6210 270
6211 158
6212 885
6213 724
6214 268
6215 615
6216 996
6217 145
6218 90
6219 272
6220 289
6221 735
6222 420
6223 767
6224 969
6225 127
6226 65
6227 616
6228 296
6229 293
6230 949
6231 690
6232 762
6233 40
6234 79
6235 957
6236 984
6237 706
6238 130
6239 860
6240 376
6241 232
6242 709
6243 256
6244 960
6245 368
6246 952
6247 941
6248 611
6249 594
6250 96
6251 764
6252 229
6253 122
6254 398
6255 853
6256 66
6257 864
6258 774
6259 438
6260 453
6261 274
6262 660
6263 36
6264 102
6265 720
6266 774
6267 22
6268 403
6269 188
6270 731
6271 692
6272 644
6273 947
6274 99
6275 960
6276 29
6277 893
6278 538
6279 91
6280 350
6281 429
6282 77
6283 326
6284 582
6285 422
6286 314
6287 972
6288 267
6289 872
6290 639
6291 647
6292 236
6293 476
6294 471
6295 600
6296 508
6297 811
6298 55
6299 838
6300 892
6301 412
6302 472
6303 796
6304 361
6305 534
6306 335
6307 985
6308 515
6309 791
6310 186
6311 369
6312 123
6313 348
6314 225
6315 743
6316 907
6317 913
6318 520
6319 948
6320 404
6321 775
6322 142
6323 480
6324 394
6325 657
6326 271
6327 277
6328 108
6329 686
6330 666
6331 902
6332 214
6333 908
6334 879
6335 887
6336 292
6337 151
6338 3
6339 601
6340 408
6341 230
6342 637
6343 80
6344 102
6345 139
6346 391
6347 895
6348 582
6349 657
6350 674
6351 798
6352 267
6353 982
6354 520
6355 720
6356 79
6357 789
6358 132
6359 443
6360 76
6361 950
6362 795
6363 79
6364 826
6365 411
6366 649
6367 182
6368 137
6369 807
6370 972
6371 271
6372 493
6373 25
6374 968
6375 751
6376 985
6377 489
6378 295
6379 926
6380 957
6381 83
6382 145
6383 24
6384 23
6385 430
6386 458
6387 844
6388 104
6389 661
6390 343
6391 934
6392 606
6393 771
6394 329
6395 525
6396 232
6397 994
6398 284
6399 71
6400 670
6401 899
6402 303
6403 547
6404 914
6405 972
6406 191
6407 682
6408 482
6409 694
6410 205
6411 121
6412 892
6413 65
6414 355
6415 296
6416 596
6417 583
6418 708
6419 811
6420 528
6421 255
6422 124
6423 597
6424 137
6425 182
6426 799
6427 207
6428 765
6429 420
6430 125
6431 919
6432 906
6433 853
6434 162
6435 81
6436 887
6437 360
6438 830
6439 40
6440 751
6441 493
6442 705
6443 523
6444 497
6445 582
6446 874
6447 92
6448 454
6449 921
6450 503
6451 418
6452 136
6453 800
6454 233
6455 850
6456 6
6457 656
6458 823
6459 93
6460 667
6461 722
6462 857
6463 688
6464 873
6465 479
6466 671
6467 321
6468 620
6469 275
6470 309
6471 657
6472 841
6473 714
6474 21
6475 592
6476 496
6477 583
6478 864
6479 680
6480 205
6481 574
6482 383
6483 254
6484 844
6485 728
6486 974
6487 890
6488 456
6489 590
6490 64
6491 736
6492 602
6493 698
6494 157
6495 74
6496 754
6497 633
6498 67
6499 933
6500 338
6501 851
6502 2
6503 467
6504 829
6505 457
6506 733
6507 674
6508 802
6509 964
6510 314
6511 540
6512 921
6513 160
6514 250
6515 805
6516 760
6517 586
6518 336
6519 162
6520 522
6521 221
6522 901
6523 53
6524 828
6525 795
6526 197
6527 445
6528 88
6529 834
6530 681
6531 627
6532 230
6533 361
6534 279
6535 576
6536 592
6537 489
6538 67
6539 179
6540 236
6541 163
6542 95
6543 598
6544 516
6545 3
6546 701
6547 723
6548 494
6549 894
6550 580
6551 245
6552 227
6553 386
6554 507
6555 380
6556 317
6557 249
6558 676
6559 720
6560 231
6561 588
6562 206
6563 528
6564 47
6565 48
6566 507
6567 3
6568 260
6569 97
6570 310
6571 573
6572 468
6573 3
6574 360
6575 868
6576 655
6577 500
6578 281
6579 230
6580 235
6581 137
6582 105
6583 695
6584 677
6585 561
6586 714
6587 794
6588 389
6589 747
6590 300
6591 777
6592 831
6593 375
6594 712
6595 424
6596 617
6597 989
6598 65
6599 323
6600 670
6601 228
6602 698
6603 950
6604 341
6605 346
6606 958
6607 453
6608 93
6609 596
6610 246
6611 768
6612 617
6613 873
6614 484
6615 817
6616 897
6617 955
6618 840
6619 882
6620 674
6621 757
6622 869
6623 856
6624 610
6625 7
6626 991
6627 126
6628 854
6629 856
6630 463
6631 310
6632 450
6633 959
6634 564
6635 589
6636 257
6637 761
6638 536
6639 930
6640 803
6641 348
6642 376
6643 607
6644 51
6645 663
6646 920
6647 557
6648 170
6649 991
6650 802
6651 808
6652 809
6653 347
6654 133
6655 152
6656 180
6657 449
6658 129
6659 609
6660 446
6661 249
6662 998
6663 730
6664 662
6665 699
6666 103
6667 496
6668 874
6669 803
6670 493
6671 635
6672 79
6673 831
6674 599
6675 10
6676 939
6677 728
6678 479
6679 45
6680 118
6681 267
6682 266
6683 607
6684 440
6685 22
6686 496
6687 695
6688 198
6689 444
6690 199
6691 45
6692 691
6693 134
6694 41
6695 595
6696 668
6697 72
6698 116
6699 512
6700 287
6701 38
6702 737
6703 39
6704 429
6705 649
6706 675
6707 539
6708 390
6709 955
6710 652
6711 774
6712 958
6713 629
6714 674
6715 37
6716 448
6717 922
6718 172
6719 125
6720 697
6721 666
6722 10
6723 422
6724 928
6725 940
6726 165
6727 420
6728 151
6729 137
6730 474
6731 477
6732 592
6733 297
6734 419
6735 838
6736 608
6737 391
6738 446
6739 381
6740 480
6741 387
6742 477
6743 85
6744 385
6745 735
6746 887
6747 792
6748 867
6749 57
6750 664
6751 665
6752 759
6753 681
6754 616
6755 972
6756 804
6757 492
6758 852
6759 533
6760 24
6761 97
6762 820
6763 763
6764 648
6765 578
6766 71
6767 757
6768 585
6769 377
6770 907
6771 389
6772 963
6773 158
6774 74
6775 338
6776 669
6777 856
6778 595
6779 727
6780 506
6781 831
6782 469
6783 313
6784 146
6785 838
6786 143
6787 150
6788 450
6789 995
6790 479
6791 631
6792 259
6793 779
6794 336
6795 543
6796 535
6797 62
6798 100
6799 287
6800 252
6801 890
6802 158
6803 230
6804 130
6805 707
6806 73
6807 881
6808 617
6809 760
6810 424
6811 468
6812 435
6813 472
6814 319
6815 984
6816 355
6817 700
6818 656
6819 249
6820 727
6821 268
6822 266
6823 992
6824 999
6825 74
6826 211
6827 375
6828 472
6829 486
6830 468
6831 956
6832 402
6833 309
6834 230
6835 973
6836 721
6837 416
6838 37
6839 183
6840 11
6841 355
6842 676
6843 671
6844 382
6845 778
6846 868
6847 532
6848 738
6849 149
6850 755
6851 856
6852 880
6853 76
6854 347
6855 775
6856 393
6857 728
6858 145
6859 147
6860 686
6861 764
6862 243
6863 355
6864 692
6865 387
6866 414
6867 704
6868 809
6869 85
6870 165
6871 442
6872 92
6873 695
6874 21
6875 30
6876 828
6877 864
6878 974
6879 639
6880 537
6881 498
6882 300
6883 925
6884 162
6885 882
6886 543
6887 747
6888 241
6889 642
6890 201
6891 864
6892 583
6893 895
6894 634
6895 218
6896 886
6897 318
6898 242
6899 469
6900 402
6901 537
6902 839
6903 786
6904 936
6905 612
6906 716
6907 447
6908 552
6909 248
6910 677
6911 421
6912 795
6913 797
6914 721
6915 137
6916 496
6917 61
6918 499
6919 720
6920 793
6921 421
6922 740
6923 576
6924 982
6925 359
6926 477
6927 719
6928 553
6929 678
6930 813
6931 210
6932 329
6933 51
6934 749
6935 134
6936 417
6937 953
6938 763
6939 959
6940 500
6941 463
6942 653
6943 592
6944 446
6945 590
6946 961
6947 827
6948 466
6949 323
6950 513
6951 140
6952 651
6953 659
6954 977
6955 373
6956 394
6957 58
6958 686
6959 701
6960 645
6961 222
6962 658
6963 917
6964 408
6965 572
6966 551
6967 410
6968 741
6969 926
6970 602
6971 464
6972 924
6973 24
6974 59
6975 204
6976 432
6977 230
6978 947
6979 407
6980 448
6981 806
6982 911
6983 22
6984 71
6985 471
6986 450
6987 444
6988 472
6989 130
6990 460
6991 728
6992 878
6993 946
6994 890
6995 279
6996 546
6997 410
6998 91
6999 676
7000 423
7001 801
7002 258
7003 878
7004 609
7005 370
7006 207
7007 611
7008 330
7009 825
7010 367
7011 877
7012 140
7013 593
7014 793
7015 683
7016 598
7017 360
7018 525
7019 338
7020 37
7021 186
7022 417
7023 541
7024 148
7025 857
7026 773
7027 239
7028 566
7029 4
7030 11
7031 173
7032 788
7033 355
7034 130
7035 249
7036 833
7037 48
7038 141
7039 395
7040 304
7041 322
7042 335
7043 993
7044 414
7045 992
7046 737
7047 664
7048 141
7049 655
7050 703
7051 433
7052 832
7053 140
7054 749
7055 320
7056 593
7057 659
7058 474
7059 393
7060 732
7061 615
7062 610
7063 496
7064 582
7065 929
7066 276
7067 182
7068 255
7069 10
7070 639
7071 995
7072 174
7073 977
7074 162
7075 618
7076 460
7077 439
7078 187
7079 545
7080 195
7081 595
7082 767
7083 148
7084 62
7085 426
7086 496
7087 106
7088 934
7089 797
7090 808
7091 920
7092 567
7093 623
7094 85
7095 32
7096 651
7097 899
7098 335
7099 780
7100 5
7101 675
7102 388
7103 315
7104 25
7105 87
7106 38
7107 678
7108 389
7109 345
7110 798
7111 71
7112 394
7113 14
7114 920
7115 168
7116 7
7117 39
7118 165
7119 434
7120 115
7121 304
7122 160
7123 578
7124 950
7125 664
7126 475
7127 333
7128 592
7129 62
7130 605
7131 772
7132 10
7133 14
7134 945
7135 324
7136 377
7137 866
7138 733
7139 844
7140 442
7141 202
7142 737
7143 842
7144 910
7145 289
7146 320
7147 443
7148 705
7149 32
7150 53
7151 885
7152 637
7153 936
7154 815
7155 744
7156 408
7157 244
7158 196
7159 232
7160 593
7161 819
7162 164
7163 528
7164 194
7165 547
7166 853
7167 468
7168 117
7169 686
7170 536
7171 821
7172 975
7173 875
7174 966
7175 860
7176 784
7177 363
7178 707
7179 450
7180 246
7181 211
7182 880
7183 828
7184 708
7185 111
7186 931
7187 360
7188 193
7189 109
7190 298
7191 713
7192 606
7193 348
7194 523
7195 331
7196 369
7197 745
7198 126
7199 174
7200 234
7201 632
7202 842
7203 327
7204 785
7205 251
7206 917
7207 352
7208 748
7209 804
7210 330
7211 643
7212 286
7213 422
7214 58
7215 614
7216 330
7217 906
7218 710
7219 979
7220 35
7221 371
7222 980
7223 696
7224 196
7225 197
7226 676
7227 358
7228 813
7229 726
7230 137
7231 312
7232 724
7233 718
7234 222
7235 353
7236 379
7237 646
7238 881
7239 800
7240 143
7241 378
7242 448
7243 534
7244 146
7245 986
7246 498
7247 517
7248 398
7249 942
7250 315
7251 11
7252 265
7253 820
7254 694
7255 430
7256 945
7257 616
7258 426
7259 797
7260 139
7261 487
7262 184
7263 631
7264 740
7265 219
7266 720
7267 459
7268 860
7269 870
7270 381
7271 87
7272 339
7273 706
7274 807
7275 666
7276 901
7277 826
7278 660
7279 995
7280 824
7281 124
7282 513
7283 355
7284 501
7285 443
7286 784
7287 443
7288 745
7289 434
7290 452
7291 536
7292 471
7293 979
7294 605
7295 917
7296 385
7297 734
7298 987
7299 305
7300 230
7301 518
7302 213
7303 288
7304 121
7305 568
7306 456
7307 892
7308 801
7309 747
7310 778
7311 5
7312 65
7313 165
7314 108
7315 690
7316 967
7317 70
7318 4
7319 133
7320 241
7321 885
7322 38
7323 320
7324 349
7325 983
7326 425
7327 12
7328 473
7329 303
7330 984
7331 367
7332 213
7333 217
7334 655
7335 608
7336 111
7337 111
7338 775
7339 565
7340 46
7341 839
7342 552
7343 820
7344 74
7345 523
7346 431
7347 519
7348 272
7349 233
7350 466
7351 140
7352 257
7353 624
7354 461
7355 46
7356 984
7357 166
7358 232
7359 432
7360 676
7361 632
7362 877
7363 174
7364 816
7365 310
7366 170
7367 580
7368 730
7369 907
7370 460
7371 890
7372 933
7373 170
7374 114
7375 14
7376 810
7377 182
7378 69
7379 597
7380 963
7381 718
7382 703
7383 987
7384 91
7385 989
7386 256
7387 376
7388 565
7389 115
7390 677
7391 138
7392 137
7393 43
7394 197
7395 423
7396 830
7397 161
7398 166
7399 479
7400 970
7401 890
7402 68
7403 369
7404 279
7405 809
7406 563
7407 8
7408 804
7409 698
7410 607
7411 599
7412 797
7413 199
7414 960
7415 312
7416 66
7417 206
7418 176
7419 972
7420 321
7421 404
7422 773
7423 931
7424 307
7425 730
7426 30
7427 550
7428 996
7429 290
7430 763
7431 775
7432 858
7433 57
7434 850
7435 466
7436 543
7437 277
7438 364
7439 92
7440 715
7441 839
7442 168
7443 719
7444 99
7445 498
7446 692
7447 148
7448 635
7449 419
7450 46
7451 54
7452 841
7453 728
7454 621
7455 795
7456 203
7457 116
7458 680
7459 7
7460 660
7461 165
7462 393
7463 627
7464 609
7465 893
7466 395
7467 429
7468 845
7469 285
7470 182
7471 757
7472 424
7473 477
7474 566
7475 503
7476 272
7477 746
7478 525
7479 649
7480 769
7481 991
7482 251
7483 708
7484 749
7485 584
7486 285
7487 799
7488 638
7489 767
7490 539
7491 982
7492 24
7493 448
7494 283
7495 762
7496 278
7497 242
7498 618
7499 768
7500 44
7501 986
7502 967
7503 337
7504 484
7505 660
7506 173
7507 736
7508 762
7509 774
7510 882
7511 455
7512 597
7513 761
7514 544
7515 133
7516 465
7517 460
7518 889
7519 228
7520 785
7521 230
7522 908
7523 447
7524 627
7525 330
7526 949
7527 476
7528 74
7529 425
7530 953
7531 246
7532 8
7533 221
7534 711
7535 750
7536 586
7537 657
7538 707
7539 32
7540 724
7541 247
7542 647
7543 493
7544 603
7545 943
7546 140
7547 980
7548 961
7549 104
7550 788
7551 743
7552 245
7553 30
7554 371
7555 388
7556 346
7557 927
7558 43
7559 501
7560 482
7561 827
7562 548
7563 336
7564 939
7565 565
7566 858
7567 934
7568 298
7569 45
7570 574
7571 533
7572 925
7573 681
7574 624
7575 352
7576 93
7577 648
7578 337
7579 184
7580 176
7581 913
7582 44
7583 76
7584 847
7585 273
7586 856
7587 715
7588 682
7589 512
7590 862
7591 996
7592 358
7593 410
7594 935
7595 450
7596 249
7597 461
7598 515
7599 691
7600 547
7601 421
7602 37
7603 1
7604 599
7605 154
7606 201
7607 45
7608 255
7609 421
7610 463
7611 996
7612 699
7613 482
7614 990
7615 386
7616 988
7617 180
7618 727
7619 238
7620 985
7621 82
7622 289
7623 999
7624 143
7625 764
7626 989
7627 523
7628 118
7629 991
7630 348
7631 466
7632 754
7633 591
7634 944
7635 324
7636 506
7637 554
7638 46
7639 832
7640 772
7641 204
7642 481
7643 430
7644 7
7645 981
7646 594
7647 913
7648 195
7649 408
7650 698
7651 267
7652 684
7653 118
7654 615
7655 477
7656 840
7657 649
7658 912
7659 153
7660 83
7661 213
7662 568
7663 259
7664 694
7665 215
7666 480
7667 545
7668 941
7669 334
7670 17
7671 574
7672 186
7673 464
7674 167
7675 688
7676 973
7677 37
7678 246
7679 648
7680 457
7681 270
7682 6
7683 259
7684 495
7685 223
7686 980
7687 546
7688 534
7689 816
7690 958
7691 216
7692 871
7693 277
7694 301
7695 339
7696 360
7697 567
7698 318
7699 387
7700 879
7701 524
7702 838
7703 550
7704 856
7705 466
7706 211
7707 803
7708 785
7709 412
7710 325
7711 449
7712 476
7713 902
7714 445
7715 125
7716 346
7717 336
7718 738
7719 942
7720 360
7721 466
7722 706
7723 675
7724 868
7725 343
7726 981
7727 619
7728 97
7729 142
7730 969
7731 248
7732 805
7733 843
7734 941
7735 236
7736 808
7737 420
7738 80
7739 633
7740 695
7741 11
7742 196
7743 843
7744 860
7745 626
7746 647
7747 954
7748 420
7749 337
7750 880
7751 430
7752 47
7753 368
7754 589
7755 589
7756 454
7757 565
7758 640
7759 847
7760 743
7761 380
7762 468
7763 794
7764 176
7765 403
7766 375
7767 487
7768 997
7769 920
7770 625
7771 854
7772 398
7773 919
7774 590
7775 545
7776 298
7777 331
7778 935
7779 874
7780 827
7781 308
7782 931
7783 453
7784 599
7785 48
7786 377
7787 844
7788 250
7789 553
7790 835
7791 305
7792 625
7793 65
7794 96
7795 842
7796 918
7797 349
7798 335
7799 106
7800 691
7801 808
7802 567
7803 326
7804 879
7805 270
7806 399
7807 636
7808 929
7809 427
7810 305
7811 113
7812 555
7813 950
7814 87
7815 444
7816 978
7817 121
7818 274
7819 300
7820 634
7821 119
7822 240
7823 79
7824 249
7825 244
7826 222
7827 429
7828 311
7829 666
7830 118
7831 493
7832 981
7833 976
7834 638
7835 114
7836 53
7837 147
7838 871
7839 260
7840 770
7841 167
7842 71
7843 874
7844 949
7845 918
7846 560
7847 975
7848 649
7849 919
7850 113
7851 430
7852 114
7853 604
7854 559
7855 385
7856 560
7857 854
7858 708
7859 460
7860 465
7861 975
7862 176
7863 943
7864 951
7865 535
7866 319
7867 665
7868 529
7869 264
7870 338
7871 228
7872 464
7873 325
7874 185
7875 680
7876 640
7877 556
7878 608
7879 520
7880 255
7881 449
7882 933
7883 596
7884 652
7885 692
7886 596
7887 241
7888 972
7889 523
7890 64
7891 776
7892 901
7893 845
7894 831
7895 164
7896 550
7897 598
7898 582
7899 938
7900 776
7901 419
7902 504
7903 188
7904 394
7905 736
7906 222
7907 119
7908 154
7909 486
7910 253
7911 878
7912 192
7913 645
7914 24
7915 174
7916 786
7917 267
7918 206
7919 284
7920 654
7921 161
7922 696
7923 690
7924 239
7925 1
7926 688
7927 54
7928 188
7929 306
7930 875
7931 757
7932 682
7933 313
7934 905
7935 685
7936 568
7937 63
7938 643
7939 810
7940 410
7941 18
7942 656
7943 897
7944 175
7945 724
7946 700
7947 884
7948 579
7949 14
7950 667
7951 99
7952 714
7953 249
7954 730
7955 870
7956 873
7957 512
7958 660
7959 218
7960 654
7961 7
7962 614
7963 269
7964 664
7965 927
7966 538
7967 291
7968 427
7969 776
7970 3
7971 317
7972 631
7973 269
7974 998
7975 582
7976 269
7977 816
7978 245
7979 886
7980 810
7981 294
7982 996
7983 922
7984 389
7985 337
7986 947
7987 345
7988 800
7989 162
7990 488
7991 125
7992 320
7993 25
7994 918
7995 126
7996 15
7997 72
7998 406
7999 27
8000 386
8001 944
8002 6
8003 734
8004 572
8005 166
8006 1
8007 972
8008 82
8009 81
8010 67
8011 243
8012 31
8013 710
8014 772
8015 52
8016 292
8017 321
8018 724
8019 774
8020 519
8021 124
8022 360
8023 951
8024 835
8025 324
8026 505
8027 6
8028 898
8029 693
8030 282
8031 173
8032 446
8033 322
8034 409
8035 179
8036 278
8037 265
8038 216
8039 747
8040 919
8041 460
8042 348
8043 851
8044 438
8045 590
8046 536
8047 235
8048 985
8049 444
8050 554
8051 386
8052 559
8053 913
8054 314
8055 789
8056 476
8057 433
8058 598
8059 167
8060 957
8061 111
8062 799
8063 381
8064 571
8065 274
8066 877
8067 205
8068 943
8069 121
8070 327
8071 570
8072 866
8073 845
8074 262
8075 469
8076 840
8077 534
8078 262
8079 284
8080 298
8081 248
8082 877
8083 265
8084 297
8085 130
8086 129
8087 39
8088 34
8089 402
8090 178
8091 655
8092 380
8093 15
8094 566
8095 331
8096 509
8097 130
8098 886
8099 589
8100 447
8101 910
8102 150
8103 293
8104 774
8105 592
8106 291
8107 395
8108 406
8109 810
8110 365
8111 290
8112 853
8113 163
8114 210
8115 39
8116 945
8117 554
8118 364
8119 654
8120 146
8121 93
8122 269
8123 661
8124 4
8125 853
8126 3
8127 781
8128 278
8129 594
8130 472
8131 165
8132 555
8133 381
8134 639
8135 293
8136 905
8137 935
8138 231
8139 724
8140 802
8141 848
8142 564
8143 302
8144 620
8145 405
8146 862
8147 310
8148 616
8149 369
8150 106
8151 133
8152 372
8153 126
8154 323
8155 731
8156 971
8157 543
8158 685
8159 117
8160 11
8161 179
8162 63
8163 571
8164 124
8165 510
8166 816
8167 640
8168 126
8169 620
8170 635
8171 9
8172 374
8173 274
8174 104
8175 480
8176 364
8177 426
8178 558
8179 568
8180 754
8181 153
8182 249
8183 156
8184 553
8185 613
8186 868
8187 869
8188 811
8189 918
8190 288
8191 867
8192 232
8193 200
8194 163
8195 110
8196 657
8197 560
8198 875
8199 803
8200 487
8201 13
8202 228
8203 323
8204 620
8205 449
8206 892
8207 577
8208 260
8209 503
8210 570
8211 994
8212 828
8213 868
8214 700
8215 8
8216 672
8217 715
8218 743
8219 866
8220 673
8221 563
8222 129
8223 596
8224 576
8225 520
8226 673
8227 253
8228 705
8229 991
8230 683
8231 79
8232 733
8233 56
8234 457
8235 11
8236 197
8237 456
8238 848
8239 496
8240 171
8241 183
8242 789
8243 523
8244 580
8245 963
8246 915
8247 444
8248 546
8249 89
8250 781
8251 682
8252 477
8253 888
8254 516
8255 479
8256 734
8257 25
8258 928
8259 803
8260 618
8261 414
8262 54
8263 831
8264 262
8265 956
8266 92
8267 853
8268 338
8269 563
8270 954
8271 166
8272 479
8273 623
8274 724
8275 219
8276 774
8277 558
8278 443
8279 312
8280 635
8281 620
8282 980
8283 595
8284 505
8285 667
8286 47
8287 897
8288 42
8289 637
8290 742
8291 208
8292 541
8293 887
8294 394
8295 177
8296 730
8297 825
8298 154
8299 248
8300 413
8301 53
8302 613
8303 437
8304 157
8305 457
8306 805
8307 271
8308 54
8309 658
8310 657
8311 826
8312 352
8313 866
8314 216
8315 71
8316 103
8317 364
8318 707
8319 660
8320 37
8321 320
8322 328
8323 801
8324 506
8325 675
8326 353
8327 887
8328 527
8329 981
8330 390
8331 853
8332 601
8333 151
8334 956
8335 366
8336 113
8337 438
8338 111
8339 347
8340 890
8341 712
8342 165
8343 872
8344 834
8345 586
8346 358
8347 592
8348 735
8349 51
8350 17
8351 537
8352 229
8353 872
8354 243
8355 382
8356 523
8357 34
8358 622
8359 142
8360 608
8361 493
8362 372
8363 430
8364 102
8365 458
8366 84
8367 295
8368 30
8369 923
8370 715
8371 480
8372 878
8373 923
8374 694
8375 461
8376 849
8377 266
8378 836
8379 569
8380 769
8381 865
8382 184
8383 827
8384 965
8385 722
8386 303
8387 904
8388 638
8389 651
8390 964
8391 804
8392 845
8393 612
8394 929
8395 743
8396 223
8397 351
8398 158
8399 957
8400 524
8401 573
8402 851
8403 672
8404 913
8405 967
8406 619
8407 397
8408 144
8409 250
8410 132
8411 38
8412 211
8413 620
8414 511
8415 784
8416 964
8417 691
8418 808
8419 123
8420 381
8421 99
8422 264
8423 588
8424 200
8425 71
8426 65
8427 23
8428 858
8429 509
8430 297
8431 212
8432 253
8433 646
8434 846
8435 999
8436 816
8437 806
8438 783
8439 278
8440 986
8441 144
8442 339
8443 317
8444 335
8445 493
8446 715
8447 815
8448 596
8449 652
8450 691
8451 407
8452 846
8453 908
8454 842
8455 877
8456 186
8457 250
8458 650
8459 192
8460 639
8461 908
8462 957
8463 72
8464 349
8465 979
8466 107
8467 931
8468 624
8469 912
8470 616
8471 810
8472 679
8473 348
8474 391
8475 772
8476 390
8477 661
8478 102
8479 517
8480 710
8481 536
8482 889
8483 203
8484 324
8485 654
8486 792
8487 987
8488 410
8489 430
8490 65
8491 750
8492 997
8493 232
8494 842
8495 402
8496 113
8497 398
8498 255
8499 484
8500 426
8501 859
8502 875
8503 842
8504 481
8505 202
8506 49
8507 535
8508 883
8509 385
8510 295
8511 40
8512 218
8513 196
8514 396
8515 546
8516 983
8517 562
8518 834
8519 123
8520 341
8521 935
8522 9
8523 478
8524 486
8525 840
8526 429
8527 613
8528 614
8529 83
8530 825
8531 61
8532 632
8533 228
8534 313
8535 194
8536 413
8537 187
8538 673
8539 614
8540 438
8541 634
8542 96
8543 175
8544 705
8545 876
8546 281
8547 683
8548 405
8549 369
8550 49
8551 990
8552 617
8553 481
8554 989
8555 557
8556 999
8557 335
8558 814
8559 478
8560 279
8561 111
8562 257
8563 322
8564 620
8565 168
8566 619
8567 126
8568 529
8569 463
8570 934
8571 50
8572 422
8573 352
8574 847
8575 723
8576 217
8577 12
8578 74
8579 757
8580 892
8581 879
8582 918
8583 825
8584 838
8585 730
8586 736
8587 660
8588 230
8589 510
8590 420
8591 628
8592 735
8593 853
8594 694
8595 243
8596 964
8597 808
8598 554
8599 987
8600 387
8601 697
8602 892
8603 280
8604 145
8605 229
8606 637
8607 142
8608 805
8609 243
8610 984
8611 265
8612 639
8613 540
8614 575
8615 528
8616 418
8617 884
8618 401
8619 946
8620 253
8621 810
8622 164
8623 293
8624 468
8625 268
8626 404
8627 36
8628 980
8629 63
8630 975
8631 975
8632 371
8633 769
8634 863
8635 374
8636 881
8637 384
8638 244
8639 965
8640 901
8641 730
8642 291
8643 850
8644 340
8645 541
8646 675
8647 690
8648 175
8649 393
8650 719
8651 191
8652 953
8653 933
8654 219
8655 221
8656 949
8657 180
8658 767
8659 534
8660 834
8661 36
8662 240
8663 37
8664 413
8665 344
8666 59
8667 73
8668 15
8669 73
8670 648
8671 735
8672 931
8673 712
8674 736
8675 462
8676 710
8677 988
8678 59
8679 85
8680 516
8681 369
8682 24
8683 804
8684 765
8685 489
8686 469
8687 394
8688 208
8689 395
8690 129
8691 358
8692 106
8693 694
8694 678
8695 626
8696 228
8697 593
8698 795
8699 430
8700 105
8701 547
8702 333
8703 439
8704 71
8705 505
8706 751
8707 931
8708 19
8709 738
8710 430
8711 950
8712 813
8713 646
8714 528
8715 11
8716 482
8717 108
8718 763
8719 189
8720 188
8721 784
8722 950
8723 21
8724 869
8725 162
8726 164
8727 79
8728 146
8729 131
8730 96
8731 131
8732 261
8733 85
8734 404
8735 983
8736 123
8737 230
8738 247
8739 472
8740 678
8741 229
8742 610
8743 325
8744 932
8745 866
8746 516
8747 273
8748 140
8749 201
8750 836
8751 314
8752 341
8753 344
8754 225
8755 947
8756 918
8757 361
8758 908
8759 673
8760 308
8761 605
8762 189
8763 797
8764 128
8765 419
8766 467
8767 745
8768 814
8769 10
8770 668
8771 648
8772 398
8773 128
8774 533
8775 544
8776 622
8777 860
8778 584
8779 700
8780 190
8781 252
8782 616
8783 410
8784 12
8785 65
8786 67
8787 559
8788 899
8789 735
8790 782
8791 976
8792 598
8793 206
8794 385
8795 894
8796 38
8797 580
8798 390
8799 142
8800 178
8801 628
8802 270
8803 118
8804 216
8805 177
8806 147
8807 312
8808 927
8809 52
8810 25
8811 348
8812 18
8813 857
8814 342
8815 827
8816 970
8817 303
8818 381
8819 65
8820 794
8821 239
8822 192
8823 844
8824 696
8825 440
8826 796
8827 974
8828 791
8829 87
8830 503
8831 978
8832 322
8833 123
8834 15
8835 378
8836 3
8837 814
8838 689
8839 759
8840 673
8841 926
8842 384
8843 257
8844 919
8845 998
8846 730
8847 160
8848 631
8849 651
8850 590
8851 736
8852 722
8853 195
8854 384
8855 251
8856 870
8857 167
8858 699
8859 839
8860 524
8861 262
8862 895
8863 5
8864 985
8865 494
8866 750
8867 952
8868 859
8869 866
8870 230
8871 760
8872 288
8873 737
8874 146
8875 639
8876 578
8877 628
8878 585
8879 449
8880 585
8881 605
8882 970
8883 412
8884 525
8885 735
8886 331
8887 276
8888 557
8889 882
8890 753
8891 569
8892 802
8893 681
8894 77
8895 443
8896 602
8897 588
8898 479
8899 704
8900 718
8901 335
8902 610
8903 65
8904 310
8905 236
8906 143
8907 852
8908 74
8909 965
8910 292
8911 312
8912 892
8913 667
8914 754
8915 683
8916 145
8917 771
8918 689
8919 778
8920 444
8921 146
8922 660
8923 325
8924 501
8925 75
8926 470
8927 605
8928 509
8929 991
8930 188
8931 289
8932 618
8933 247
8934 2
8935 331
8936 337
8937 490
8938 989
8939 466
8940 644
8941 682
8942 725
8943 274
8944 551
8945 338
8946 762
8947 789
8948 551
8949 796
8950 835
8951 956
8952 251
8953 185
8954 175
8955 202
8956 208
8957 862
8958 34
8959 955
8960 652
8961 740
8962 230
8963 928
8964 679
8965 752
8966 224
8967 907
8968 947
8969 115
8970 274
8971 504
8972 220
8973 410
8974 183
8975 289
8976 57
8977 341
8978 139
8979 35
8980 845
8981 609
8982 474
8983 202
8984 607
8985 791
8986 594
8987 585
8988 687
8989 113
8990 860
8991 157
8992 101
8993 465
8994 530
8995 436
8996 321
8997 123
8998 502
8999 322
9000 964
9001 489
9002 855
9003 840
9004 349
9005 523
9006 961
9007 470
9008 31
9009 354
9010 752
9011 631
9012 939
9013 213
9014 540
9015 40
9016 784
9017 491
9018 671
9019 187
9020 593
9021 183
9022 205
9023 833
9024 851
9025 771
9026 160
9027 735
9028 945
9029 252
9030 664
9031 748
9032 565
9033 588
9034 827
9035 910
9036 369
9037 154
9038 659
9039 44
9040 96
9041 552
9042 177
9043 233
9044 80
9045 117
9046 916
9047 655
9048 700
9049 249
9050 291
9051 503
9052 855
9053 626
9054 457
9055 591
9056 298
9057 960
9058 686
9059 487
9060 873
9061 855
9062 173
9063 262
9064 757
9065 542
9066 281
9067 69
9068 927
9069 641
9070 997
9071 218
9072 419
9073 202
9074 369
9075 594
9076 841
9077 594
9078 83
9079 633
9080 194
9081 92
9082 447
9083 423
9084 7
9085 367
9086 626
9087 301
9088 652
9089 111
9090 333
9091 750
9092 336
9093 399
9094 216
9095 66
9096 231
9097 166
9098 758
9099 563
9100 337
9101 503
9102 30
9103 364
9104 267
9105 986
9106 385
9107 334
9108 907
9109 895
9110 651
9111 757
9112 848
9113 355
9114 669
9115 543
9116 505
9117 814
9118 447
9119 4
9120 102
9121 608
9122 642
9123 229
9124 85
9125 135
9126 928
9127 480
9128 999
9129 992
9130 647
9131 817
9132 402
9133 559
9134 411
9135 804
9136 935
9137 774
9138 856
9139 862
9140 27
9141 503
9142 552
9143 345
9144 870
9145 694
9146 412
9147 52
9148 186
9149 118
9150 803
9151 572
9152 921
9153 627
9154 68
9155 158
9156 732
9157 818
9158 371
9159 172
9160 170
9161 298
9162 321
9163 501
9164 996
9165 534
9166 387
9167 651
9168 734
9169 172
9170 415
9171 880
9172 231
9173 866
9174 364
9175 566
9176 921
9177 978
9178 430
9179 394
9180 26
9181 513
9182 701
9183 714
9184 667
9185 682
9186 905
9187 234
9188 17
9189 342
9190 969
9191 609
9192 739
9193 957
9194 624
9195 307
9196 304
9197 57
9198 517
9199 220
9200 400
9201 118
9202 937
9203 422
9204 655
9205 16
9206 758
9207 121
9208 831
9209 41
9210 646
9211 568
9212 20
9213 458
9214 727
9215 978
9216 640
9217 126
9218 502
9219 530
9220 5
9221 858
9222 186
9223 314
9224 791
9225 204
9226 491
9227 191
9228 665
9229 197
9230 366
9231 594
9232 946
9233 43
9234 286
9235 670
9236 461
9237 385
9238 935
9239 752
9240 768
9241 658
9242 747
9243 870
9244 905
9245 329
9246 487
9247 416
9248 408
9249 804
9250 488
9251 477
9252 591
9253 45
9254 788
9255 776
9256 180
9257 864
9258 998
9259 688
9260 552
9261 342
9262 33
9263 295
9264 287
9265 586
9266 403
9267 198
9268 263
9269 426
9270 54
9271 57
9272 507
9273 443
9274 438
9275 747
9276 53
9277 840
9278 388
9279 288
9280 819
9281 416
9282 475
9283 770
9284 151
9285 921
9286 327
9287 193
9288 587
9289 53
9290 186
9291 724
9292 206
9293 749
9294 374
9295 558
9296 295
9297 168
9298 877
9299 75
9300 908
9301 186
9302 468
9303 676
9304 73
9305 9
9306 133
9307 527
9308 81
9309 932
9310 671
9311 154
9312 546
9313 434
9314 349
9315 984
9316 574
9317 261
9318 691
9319 145
9320 796
9321 404
9322 829
9323 948
9324 842
9325 9
9326 637
9327 358
9328 553
9329 83
9330 109
9331 8
9332 429
9333 405
9334 562
9335 72
9336 376
9337 527
9338 794
9339 261
9340 683
9341 63
9342 98
9343 3
9344 745
9345 208
9346 31
9347 115
9348 444
9349 484
9350 467
9351 82
9352 728
9353 173
9354 891
9355 730
9356 796
9357 184
9358 25
9359 640
9360 858
9361 556
9362 64
9363 192
9364 721
9365 980
9366 644
9367 100
9368 662
9369 391
9370 183
9371 522
9372 267
9373 904
9374 252
9375 100
9376 863
9377 201
9378 42
9379 825
9380 61
9381 863
9382 892
9383 129
9384 77
9385 163
9386 540
9387 949
9388 772
9389 60
9390 383
9391 8
9392 512
9393 693
9394 720
9395 819
9396 534
9397 751
9398 380
9399 476
9400 893
9401 622
9402 491
9403 267
9404 57
9405 358
9406 868
9407 659
9408 290
9409 210
9410 663
9411 54
9412 846
9413 22
9414 813
9415 740
9416 133
9417 35
9418 212
9419 465
9420 16
9421 846
9422 460
9423 353
9424 473
9425 343
9426 816
9427 682
9428 485
9429 658
9430 347
9431 890
9432 867
9433 632
9434 77
9435 29
9436 731
9437 712
9438 508
9439 554
9440 475
9441 129
9442 981
9443 101
9444 874
9445 310
9446 45
9447 839
9448 988
9449 585
9450 68
9451 828
9452 750
9453 143
9454 172
9455 673
9456 154
9457 107
9458 285
9459 117
9460 787
9461 802
9462 686
9463 540
9464 866
9465 786
9466 179
9467 20
9468 522
9469 484
9470 195
9471 951
9472 567
9473 50
9474 563
9475 190
9476 262
9477 389
9478 898
9479 452
9480 817
9481 937
9482 61
9483 276
9484 511
9485 355
9486 546
9487 778
9488 304
9489 593
9490 369
9491 839
9492 488
9493 532
9494 438
9495 804
9496 168
9497 183
9498 27
9499 123
9500 406
9501 896
9502 608
9503 796
9504 785
9505 478
9506 990
9507 559
9508 620
9509 842
9510 93
9511 223
9512 758
9513 986
9514 708
9515 298
9516 859
9517 646
9518 975
9519 23
9520 388
9521 402
9522 69
9523 660
9524 619
9525 263
9526 725
9527 664
9528 980
9529 944
9530 142
9531 989
9532 540
9533 184
9534 796
9535 422
9536 600
9537 668
9538 590
9539 338
9540 752
9541 7
9542 618
9543 205
9544 989
9545 486
9546 448
9547 524
9548 949
9549 759
9550 292
9551 450
9552 226
9553 980
9554 795
9555 314
9556 936
9557 747
9558 598
9559 885
9560 64
9561 488
9562 259
9563 284
9564 503
9565 915
9566 888
9567 507
9568 862
9569 824
9570 124
9571 555
9572 768
9573 538
9574 900
9575 110
9576 781
9577 882
9578 86
9579 758
9580 575
9581 868
9582 455
9583 547
9584 732
9585 423
9586 272
9587 584
9588 770
9589 369
9590 677
9591 512
9592 214
9593 645
9594 772
9595 631
9596 800
9597 854
9598 91
9599 950
9600 452
9601 621
9602 448
9603 116
9604 956
9605 710
9606 548
9607 497
9608 346
9609 134
9610 538
9611 454
9612 554
9613 812
9614 163
9615 572
9616 919
9617 36
9618 474
9619 678
9620 857
9621 13
9622 65
9623 213
9624 869
9625 478
9626 920
9627 769
9628 5
9629 489
9630 73
9631 107
9632 854
9633 317
9634 252
9635 685
9636 772
9637 338
9638 53
9639 294
9640 844
9641 61
9642 897
9643 844
9644 624
9645 540
9646 238
9647 588
9648 997
9649 433
9650 846
9651 704
9652 72
9653 383
9654 5
9655 151
9656 864
9657 951
9658 456
9659 634
9660 423
9661 141
9662 814
9663 267
9664 74
9665 94
9666 825
9667 882
9668 588
9669 222
9670 175
9671 374
9672 366
9673 543
9674 911
9675 545
9676 169
9677 591
9678 716
9679 518
9680 432
9681 615
9682 756
9683 353
9684 549
9685 503
9686 276
9687 43
9688 677
9689 337
9690 931
9691 458
9692 574
9693 495
9694 777
9695 595
9696 694
9697 614
9698 530
9699 302
9700 398
9701 705
9702 240
9703 251
9704 635
9705 374
9706 204
9707 832
9708 830
9709 128
9710 833
9711 127
9712 724
9713 168
9714 361
9715 155
9716 788
9717 396
9718 812
9719 148
9720 317
9721 348
9722 525
9723 970
9724 256
9725 834
9726 545
9727 910
9728 884
9729 329
9730 368
9731 974
9732 878
9733 477
9734 86
9735 729
9736 760
9737 838
9738 599
9739 359
9740 334
9741 864
9742 980
9743 52
9744 155
9745 236
9746 267
9747 768
9748 714
9749 372
9750 806
9751 796
9752 337
9753 451
9754 266
9755 503
9756 263
9757 667
9758 84
9759 753
9760 549
9761 58
9762 608
9763 758
9764 784
9765 843
9766 392
9767 394
9768 469
9769 477
9770 54
9771 792
9772 67
9773 304
9774 568
9775 123
9776 756
9777 795
9778 271
9779 571
9780 528
9781 182
9782 481
9783 150
9784 295
9785 26
9786 203
9787 894
9788 67
9789 54
9790 146
9791 640
9792 655
9793 632
9794 958
9795 123
9796 344
9797 847
9798 360
9799 690
9800 980
9801 185
9802 735
9803 759
9804 139
9805 63
9806 251
9807 31
9808 901
9809 799
9810 368
9811 898
9812 31
9813 934
9814 937
9815 139
9816 401
9817 861
9818 965
9819 663
9820 961
9821 10
9822 642
9823 918
9824 166
9825 498
9826 317
9827 821
9828 55
9829 339
9830 922
9831 812
9832 518
9833 908
9834 927
9835 25
9836 689
9837 994
9838 769
9839 517
9840 540
9841 869
9842 372
9843 451
9844 609
9845 881
9846 237
9847 968
9848 451
9849 806
9850 45
9851 197
9852 724
9853 309
9854 108
9855 20
9856 114
9857 387
9858 562
9859 876
9860 447
9861 447
9862 496
9863 571
9864 5
9865 620
9866 139
9867 743
9868 635
9869 904
9870 795
9871 259
9872 637
9873 87
9874 171
9875 248
9876 307
9877 13
9878 209
9879 372
9880 596
9881 344
9882 917
9883 828
9884 84
9885 680
9886 197
9887 696
9888 790
9889 153
9890 6
9891 571
9892 242
9893 140
9894 480
9895 687
9896 831
9897 568
9898 254
9899 681
9900 671
9901 764
9902 561
9903 537
9904 268
9905 547
9906 457
9907 693
9908 512
9909 852
9910 130
9911 284
9912 728
9913 405
9914 370
9915 594
9916 595
9917 385
9918 760
9919 5
9920 813
9921 857
9922 127
9923 897
9924 505
9925 658
9926 316
9927 166
9928 267
9929 917
9930 924
9931 543
9932 425
9933 336
9934 611
9935 712
9936 681
9937 938
9938 478
9939 543
9940 71
9941 67
9942 646
9943 580
9944 187
9945 405
9946 160
9947 676
9948 792
9949 388
9950 6
9951 259
9952 622
9953 835
9954 310
9955 359
9956 202
9957 124
9958 387
9959 486
9960 290
9961 693
9962 25
9963 217
9964 414
9965 919
9966 331
9967 156
9968 865
9969 973
9970 642
9971 456
9972 997
9973 734
9974 224
9975 977
9976 981
9977 652
9978 191
9979 797
9980 169
9981 346
9982 12
9983 728
9984 184
9985 266
9986 730
9987 855
9988 867
9989 596
9990 766
9991 526
9992 536
9993 812
9994 586
9995 6
9996 353
9997 200
9998 804
9999 825
