10000 1000
7512
-2017
1458
-2959
6456
-4747
-4928
4273
-360
379
-8144
-9796
-7596
-8977
-7911
3335
-9732
-4142
8546
-4776
-6666
3505
933
576
-3927
-4291
9548
1732
-1791
9785
1653
9591
-2071
8962
-8330
-9641
-41
-3754
7838
424
-397
3566
7151
-5053
2849
6799
-261
-9858
-1881
-319
2232
-1110
8252
-7064
-3672
-9212
1987
818
-1563
9029
8638
3100
-4783
8343
4265
-6908
3876
-9261
5795
4793
844
9151
-302
-5719
-7905
3339
-969
4261
-2719
4911
8133
-1528
-704
-3786
-2067
5393
-7514
-1174
-6925
-6939
1961
-5850
-5399
-5054
-8450
-3345
-8472
-7331
-491
8874
6745
-8780
2909
6532
5819
-3078
7975
-3947
8321
9992
383
8031
7282
-6282
3732
9610
-4599
5433
5673
7752
-8900
-1700
-7847
5341
-9034
-3129
-6809
-7289
3434
-5365
4742
-2735
7598
8649
2876
-8252
2576
-5291
2415
7544
7665
-6771
-9887
2845
-3511
4279
-1768
-3225
5836
-2726
1404
8055
-3701
2530
-6230
-3647
670
-7588
-8139
1985
5911
-4597
1913
4481
-9712
-7774
-4900
8129
-7140
-372
5240
9305
-5264
3638
-9620
-9264
3873
-1261
-3151
6147
3932
-8358
1525
-8203
3599
-4077
-3377
-1448
-2972
7182
2303
8989
-1441
2317
6583
-9464
1862
326
-2415
923
5550
-3856
105
-8980
9029
-633
5039
835
-4296
-5153
7883
3959
-6898
9189
3966
1759
-1035
1919
5104
-2679
5444
-5079
-2778
-7949
-8999
-1512
7536
-2469
6128
-1789
9850
-7207
-8392
2038
2916
-6160
-6940
-9433
-6905
3279
-6027
9588
-1983
2150
5493
8984
4607
4406
2930
-6575
5316
5257
1727
4802
-1888
3478
-9420
-4135
3558
-3021
9196
7473
-9624
6822
745
1885
1951
4682
-3407
607
-5649
2280
2848
-7491
2393
-3846
9529
6561
8619
9996
-9791
-7715
1644
-4641
4526
-4241
6406
-2588
-781
8965
628
-5537
2863
9827
3740
-711
-1355
-8226
-2878
-9573
4439
4943
-933
5698
9585
-4803
-618
8192
4895
2990
9589
-4627
-5182
9781
4167
-5052
7049
7852
-6953
-7601
-7922
-5594
-6433
-2066
8588
-6280
696
4215
4551
8145
9897
270
-3241
5378
-6584
9069
2593
3948
2033
-6141
7895
-8192
-5558
-7161
-9103
4915
-3773
3195
-2156
-1792
4552
-9202
5933
3834
-7262
424
2468
-9523
-2173
5953
-1726
7595
-1228
8222
-2813
2027
-1365
761
7189
8669
-5023
-2181
-2027
1018
5821
-4933
-5135
5789
8686
-1336
5106
-9467
3450
2242
-4353
-1339
18
3994
-8547
2223
-702
4420
1609
4535
-4258
-9948
7843
-8818
-4841
-3775
-6588
-9637
5945
-7562
-1560
-7906
-5412
341
6984
9
-1299
430
-225
5422
3277
-8986
-3794
-9085
9509
8330
-535
-7811
1944
-5028
-8454
-8160
-2975
7011
-9082
-3530
1450
-6047
-7098
-5615
8515
-4258
7743
-2528
7475
5106
-3940
3727
3377
7414
-3787
-5685
-9250
2444
3520
7891
8026
-772
-6200
-3331
-1781
-8677
3935
8595
8344
-1276
5417
-1876
2899
8751
9917
-2052
-4299
3439
8410
-9199
-1258
9567
-9665
1323
-2972
-6372
8062
1726
-1484
-8962
6009
8638
5841
5481
6255
6576
274
5402
-9013
7688
1389
778
7043
8665
-7497
4995
-88
2522
7536
-8437
241
1549
4355
-1701
1325
5154
-7508
-4110
-555
4086
-250
-9808
7661
2005
2280
5737
-8448
3708
8527
-8638
8260
7995
-7044
-4685
-9937
4496
-8795
-9282
-2604
-1373
6048
-5832
570
8194
1402
-317
-735
-5236
-3562
8026
7765
-4462
-6713
3059
-9796
6659
-1841
-8337
-845
-2793
-2901
-2186
7528
-2831
1290
-7920
6282
-6056
-3057
5141
-8390
3190
5447
3587
-6047
77
9190
-9284
-5608
3584
-2728
9894
3053
6894
9481
-487
888
4228
-151
7512
-3495
3044
1633
5257
-2735
-3359
6642
-8524
-834
-9412
3594
-827
-3661
-4075
-3486
6314
-3903
-1828
-107
2874
9950
2863
8730
-3281
7250
-7528
8887
43
-8635
9684
9554
-8553
-5988
1322
6451
-9782
7363
-8682
-6125
-3027
9308
301
-269
5967
2858
-2253
-2326
-2226
-9890
-375
4421
2318
-7332
5804
7507
-307
3057
7952
-1342
-7867
9013
1491
-1728
-7391
-5676
4106
7276
5269
7667
-5372
7185
-2306
-7731
6170
2274
5414
7603
9208
-2631
694
9864
3749
-9211
-5470
-4563
6330
7381
3032
9149
-8042
9667
-846
1225
3914
6770
3700
-6890
3425
-7138
-8260
-4007
8499
-6551
8554
2441
3363
8977
-1727
680
-4360
1742
6815
-5633
8993
-3492
-4946
9196
-906
-8827
-1408
-481
9305
1766
2561
-1662
2951
3280
3473
-552
-7118
-4981
943
2863
533
-6567
-2625
-9167
3727
1888
8265
-2527
2554
-3936
6727
-6509
78
2734
-1650
-7902
-8922
1569
-5428
-4175
630
6329
-7167
-3311
-706
-3591
-5291
-5325
5355
-5440
-3504
7007
-4267
2826
-665
9535
4054
1121
-990
-8031
4703
3739
-9414
1165
-8843
218
6502
-8295
-4133
-44
1108
6273
5730
370
-8049
-8610
7287
2283
-9433
-5249
-2223
-6904
1362
1161
7963
-40
-8235
-6479
1184
711
-5305
1532
2775
-797
7584
-6510
-9549
1986
9693
8668
-4851
7062
-2067
-781
-2859
-7565
-2021
6620
-7786
-5486
3020
9513
8223
7553
-9257
9699
-5902
1093
-8731
5244
-9846
-4200
-5249
-9282
-9568
-4458
9958
5668
3482
-1758
6082
6666
6866
-4875
6078
-7893
-2142
6935
-5165
-7209
-9851
-4489
3667
28
-3027
7323
848
-9008
-5229
-5529
-9254
6740
-9449
-6350
-1836
8959
-5460
4326
-7404
-2656
-126
6648
6699
-2758
-1405
1643
1212
-3250
6041
1074
5926
5747
-2328
9621
504
2985
9313
1037
-8303
-9461
6861
-3764
2257
-6695
1579
-1846
7018
2340
-8433
5545
-6049
364
3950
-7903
5448
753
947
8506
9575
3244
5649
-3668
-1079
762
5175
5587
-8959
7975
-6550
-6856
7230
-3262
2053
-6738
5366
3294
-1399
-8604
-7136
3817
7870
7172
-8807
1472
-754
1324
3833
244
-1884
-8660
4116
368
6585
-7918
7548
7826
-4533
71
-6167
4046
4256
-7278
8656
7872
331
-2766
8949
3602
3595
-385
-4967
-310
5536
-7725
-6716
-1305
4930
-7574
-1784
-279
-7267
8912
8814
-3365
-4215
9767
4247
9040
3968
7580
6820
4006
6490
-3866
8686
5709
7583
4576
9966
197
7818
1301
-872
-9300
8860
3751
5749
-3842
-8000
171
-6113
271
-3109
4761
-3924
-1243
-4834
-7753
-9965
6609
6978
-4018
-1660
8546
-5980
2431
-7478
9751
9881
-8461
-6773
-6257
3437
-2882
-2820
5613
9547
345
2587
8556
5932
-1545
2743
4991
4627
-6411
4497
8916
8633
-5891
-5096
-1800
-2301
6360
-6504
1895
-1860
-2110
7448
9539
-2344
-7313
2889
2202
-9218
-6223
256
8440
-1717
-5149
4594
-8075
9356
-2789
-3953
9320
6535
8256
7979
8887
-2713
8745
-2156
-9997
1557
-9466
-6842
-5954
-5271
1103
2810
-3923
1809
7118
-5703
7585
-7258
-1798
-3836
201
-3429
1911
-8189
8291
2597
9715
-6250
6631
6058
-3359
-5946
8935
9835
-923
-5055
4092
3427
-3332
3311
-6501
2233
9388
8628
4258
94
5994
-5449
-1215
2191
-4269
4687
-7647
-1301
8504
-2485
3925
-2986
-352
-9545
3786
504
-746
-5515
-3612
-2197
-701
1132
8551
1006
3416
-2910
9302
1609
-1301
-6255
-9065
-2274
6998
8804
6104
8112
-9210
5136
7034
8475
-1489
3609
-5587
6717
2482
-4679
7330
9708
2169
8195
-2670
9420
6053
-2920
-2154
6764
-5550
-9846
-9219
8029
6111
6691
-9275
-8655
-950
2694
-553
-9702
-527
5477
4101
7065
-3519
-8761
5203
-5309
-4651
-8217
33
-4727
6337
6071
-8983
-6922
7109
1082
-3626
3068
5700
6095
1255
-8411
7544
5975
9930
-24
-2076
2409
-9938
8602
8691
-7749
-211
-4970
-2653
-2610
-8086
-8189
-3141
-8107
6808
4755
5955
764
-567
-699
-9425
188
-9586
-4657
7157
-843
-8962
-1871
1158
-532
1974
-2138
6410
2354
5313
-5312
-7029
-4405
-3210
-3783
3484
2257
8758
-402
9553
4075
-7550
-1876
-3766
-3981
-4676
1889
-5902
9978
-8456
5954
-2410
9816
-6308
7230
3295
1910
-6535
-2515
2497
-6917
9063
1357
4313
-2011
-3905
-7967
3810
-9944
-5156
-1071
-5828
-3471
2983
-9000
-8845
9012
2691
8548
1357
1760
8420
7178
-1806
930
3430
-8941
-4065
7022
-1870
2333
-1964
-1404
-7266
5761
7473
2919
4740
-4996
1609
4041
6359
-4603
4002
5522
4963
2620
1022
2547
-6835
-4979
6875
-9672
5428
4879
4930
8328
3248
4712
-5686
4514
3833
8503
-9860
341
-8949
-9006
1852
3289
-8600
-2441
-3121
2256
-2083
7706
1866
-3008
-1944
2477
3417
1453
-6812
-1860
3758
1326
891
-5622
-4368
-2463
6832
5938
908
-9923
-4333
-5731
-1620
-7721
-9273
-1190
-7272
-4829
2797
6120
4629
-9416
-1758
-6924
-3774
-5405
-3704
1506
-3305
5966
-2396
-2102
-9786
568
1725
-7591
2722
-3283
-1862
-8392
9433
4770
2067
-6231
1714
-4295
6199
8973
6974
-1796
-9112
-1106
2411
-530
7587
484
-4924
3347
552
5776
-5328
1040
4054
1499
-776
-6752
6513
-674
1776
2291
8011
3324
-7188
6620
177
-6363
-3286
5029
-5462
-5937
5423
-568
-4167
2347
-3793
-1900
-3821
1905
-9474
3415
9986
543
-7607
469
1230
306
-2378
-1813
-4238
6977
-6893
2845
-3093
2261
-5370
-7329
-9297
-6590
5080
911
6410
914
-145
7773
-8457
-9077
-4079
-2970
7577
-8499
-4028
-557
-5798
9852
2193
-2116
-4208
4086
5258
9649
-5806
-135
-8341
-864
2525
9505
6102
-4772
-2617
7595
844
-1455
1713
-8816
9374
-2477
-5340
5115
-9787
9407
-6365
-226
-4068
-3041
-229
-48
2513
1623
-7455
2337
8655
-9006
-6436
5226
-8395
8645
-7796
7532
-6911
1395
1272
-3501
5254
-1454
-3246
3185
-6260
-8295
-7395
-5777
3530
-5211
-3982
-3876
-8309
5974
5562
4859
-2338
6522
-5182
5449
-3460
-3860
4371
3492
-8553
7204
8400
-8087
5170
4434
-2610
-2323
5280
5286
92
-8018
-6827
9249
-602
1487
-210
5883
-968
-7340
1745
3228
8006
-9968
-704
2537
-3871
-2487
-9519
-7586
-1656
-8406
6302
-5557
8325
4965
-4256
8400
-7801
4489
9968
-2952
7511
-2470
9023
6766
-7895
-6927
-7095
1807
-2468
-2646
2754
-8118
-4225
-6061
-1513
-6269
5274
-8339
7344
-482
-3873
2885
-3599
8859
1973
-9936
-8423
-1986
-4859
-680
-8651
7671
-9597
4646
9205
5251
2338
-1539
3533
-383
-3873
-2292
-7584
-8460
9728
1886
7740
-8436
-7981
-9024
3379
4817
-454
-4540
-1290
-2946
-758
1357
-9677
-3438
-8363
-2994
7816
8548
2608
-224
3774
7493
183
5969
-6583
-7163
3885
-603
4884
-6150
4024
2038
4228
-1179
-6834
-9766
4906
9184
8478
5924
1486
398
-1255
-6130
-5963
3738
-9660
-6195
-1245
-8144
5651
1007
5237
707
7403
-3994
8576
-8012
5985
5864
5469
-574
-8239
-9061
6690
1251
-8187
-5194
3016
-3555
-3287
6561
7471
-7845
-3402
4225
1590
-8485
7762
-1163
8337
9209
-1923
8377
-2226
-984
-4754
-2240
-6428
8070
-4793
-1473
-8266
-5016
4315
2484
7820
-2536
-2098
-8485
-1342
-9557
6282
4801
8653
-7617
8751
-9705
-1598
4693
4095
-7783
9172
7944
-7891
-1690
6407
6949
12
-4803
-6270
-2653
2566
-102
5833
-5979
5162
-3862
-8588
-4128
-4933
-3733
195
-7460
-2750
-5701
-9697
-5854
-9794
6783
4620
4922
5101
-8896
1872
1242
3555
-7833
-8739
7884
-988
2525
-4425
2442
7184
-7255
-4312
2821
-3295
7733
6552
-6681
-7104
-8119
-7060
-8304
-1575
-4688
5168
-5187
-7530
251
4463
-4494
5660
1430
7310
6390
-65
4018
-4766
6544
3311
-648
5500
-878
8348
-3482
5889
6145
1364
692
-5385
-4404
7751
8751
4104
2952
960
-1835
-3313
7728
4647
-2148
-9491
-7862
-5410
8578
3450
7872
6448
-4648
-3319
7101
-7510
4440
-3139
1140
-8469
3076
-3425
9688
3223
-7239
8682
-1770
-7292
-1546
-8452
2259
-7475
157
-6742
4047
1713
-3885
-4265
-1511
-9530
-7666
5193
8598
3914
-7513
-2149
-5918
4540
3333
4885
-3162
8968
-2051
2914
4033
8731
-200
9206
8724
-5771
-5651
-6563
7013
-2460
8446
5078
8925
-3012
-3483
4858
-2090
-1120
824
-7675
-9143
-8959
-4006
5052
-9709
5226
9283
5653
-833
6611
8042
5146
5810
-3691
3481
-3798
2205
-9049
1247
-419
-1677
-7965
506
-6853
769
1986
-1773
-1172
8164
8057
-752
9396
-662
-591
-5693
-7582
9123
-9003
-8688
-8728
1323
443
6570
-3004
-4771
9250
9101
-8111
-5503
3484
-2921
-7451
-600
3585
7571
-1298
-8918
5470
-9368
8629
7371
-78
1021
8019
-9313
-5166
7298
5769
-2025
5350
2133
-7674
7185
6765
1737
7574
4222
-9675
-8875
5300
9990
3853
8196
-4821
6742
-7187
91
9619
2296
-9627
-9793
-8953
1320
-1481
901
-98
-8082
8469
-3629
2516
-5511
4762
-9997
-2666
-1675
8219
4488
9206
856
1577
2474
-5648
8627
5540
-2354
6573
4554
-3401
449
-4422
-8545
5311
7535
-2377
9203
4163
1843
-7745
-707
4809
-3759
-8414
8573
8455
-8900
-5957
-315
9407
-3302
1534
3127
-8953
-3212
-4456
-9454
5481
-5259
2773
-6793
-8885
-6643
-1851
-8824
-1002
-57
1323
-7679
-1116
9049
-5713
6953
-2550
-3282
9006
8435
1905
9619
5362
3761
353
-994
-3659
-1024
-6647
2311
2293
8703
-3960
9337
-8321
3700
-7970
-6196
4967
-5501
-4266
-4431
-543
-8736
-7622
9852
2553
-1020
-9928
-1264
9150
8349
6275
8168
1021
3559
5762
-9776
9979
5311
-4557
-2222
-8138
9416
4698
-6830
4508
-5968
4908
-3404
289
2037
-7606
-8720
6161
5274
-6219
9559
7762
495
-9343
3916
7854
7591
-8875
-7792
8421
-1050
-9349
83
936
7955
1554
-2270
-3011
2860
1427
-28
5630
5560
-661
-2999
678
7126
-3206
-3817
-1842
-546
8621
-3175
3182
-5256
-7715
-458
7804
7277
-7235
-277
-625
-1775
-8813
3625
5289
-7438
-3102
-1460
-5900
276
581
6232
-7515
5461
-4868
-7969
-5898
9186
8446
-3447
1102
3374
-4063
7317
-4967
8219
3657
-3109
-6387
1560
1702
-2746
-8664
-8877
-8347
85
-4656
850
1679
3090
2898
9295
-5582
242
8196
-9352
-2525
2765
5984
7265
7923
307
3182
7943
906
6621
4952
9945
-4267
7404
-1847
-6509
-5371
-3540
4841
-5157
6336
9867
-6452
3355
-6592
9677
9455
-5934
-1124
1169
8178
65
7426
8426
-4880
5005
3900
7124
-9955
-3088
9984
-3729
5207
-5524
-3766
-6124
3416
-2936
-3776
-5067
5263
7024
4598
-3756
1175
6190
2065
-8165
-3935
-9904
-1560
-7334
-8420
-2731
-4878
868
9917
9949
-5217
6600
-3494
1520
317
9211
9853
-1933
3533
5614
1325
-1554
9890
-5038
-4964
971
-8107
598
533
3321
-1291
3275
-6821
-6796
3119
-6426
-5403
-6785
-2335
6488
-2408
-2673
3922
-9724
-8517
-2038
-796
2440
-7477
350
-2224
8775
5931
-1536
8473
-1400
1811
5062
-9908
3786
3138
7339
9888
3606
-1149
4018
-5629
9491
4822
5895
-6891
785
-8097
7913
4009
6341
-3529
8160
200
-1068
9388
114
-194
-7782
-6103
5252
6888
3119
-3645
-5121
1169
799
7566
7988
-2750
-4398
-1695
-8591
3516
4104
6499
1805
-6815
778
-9164
518
-5204
1096
-8030
1165
-6894
3316
-8035
-4656
2990
9868
8788
6633
-4541
-507
-6587
-9298
7118
-6100
8593
-4265
-8794
7505
-9312
4898
-5458
2121
-3176
9783
-3586
4865
-4951
-7282
-802
-9288
2336
-5579
-275
-8745
420
9815
702
-3565
-3620
2072
6149
-6024
1736
-1559
103
-227
4569
1527
-343
-6843
-3061
-4421
4133
-1414
-3531
-870
-9299
1957
6807
-4045
-4833
2491
-2489
-587
5865
4819
-9159
8393
1651
9861
1244
6220
-6415
9909
3675
-8423
4931
-9726
8401
6967
-7783
5194
9711
-1742
6770
-8318
396
-3424
-2025
-5901
304
2104
-308
9701
9281
7840
-4138
-4615
-9121
4640
-3738
8774
3833
-9811
-9487
7354
8866
9224
-7773
1918
2754
7040
-2120
2752
5023
-8353
-4622
7487
7965
8118
-678
832
-2738
9593
8852
-1520
8282
-5042
3788
-9868
7772
-943
6499
-5630
-3340
-9443
9405
3087
-6539
-7414
2588
9121
-3086
2126
-2938
-5980
-28
-9840
798
-7278
9035
-2318
5404
3720
9594
2991
-3666
-7209
706
-8068
3383
-119
196
-8944
-3984
-5014
-3143
5471
2266
-8954
-3483
7684
8782
-3985
4455
3104
2508
-5996
75
-7084
3095
-2388
-7763
6116
4627
-2629
-5788
6657
7115
-4900
7837
-372
-4244
-6509
-2961
-6020
208
-4635
4916
-608
-2184
-2059
4017
-9856
6506
1361
-1830
5288
-1984
8307
3668
-4345
1206
-7631
-3466
8711
3141
-4400
-5932
-9794
-6307
3145
-7167
7981
-7989
-7566
-4902
589
-4390
3501
-9752
-2635
1111
9730
6872
4553
-6301
-5850
1886
8637
-5564
-6758
2949
7601
3408
-3670
-1401
-7764
-4495
-8464
-496
-3400
-2383
326
-1779
6383
5679
-5989
-6186
5017
2158
7953
-6023
1757
3320
9229
4502
-705
445
-5382
5593
-4165
4722
8233
8360
-7977
546
-6065
-7878
6981
-7892
4737
2843
8946
9472
-3173
-3779
-857
-6564
-7740
5556
7505
-7089
8680
7531
-5556
8552
-8966
-8825
9106
7644
5460
-503
5400
4951
-9059
-8985
6123
3378
7266
-2383
-8154
549
6023
3506
3381
-6283
-2897
6903
-5035
-6694
-570
-2160
4844
5561
-4564
-7963
-3436
-5568
1861
-1956
-9180
-5043
4518
1173
-3640
-60
-6642
7509
-7078
-996
7089
-6068
5774
7864
-4362
2482
-96
-4872
8472
-6823
-5548
-9004
2252
1723
4115
-7475
1024
-1798
-209
5561
-7376
-3309
4494
-5718
7568
-6099
-9097
7624
-1612
7650
-3195
526
-7516
4589
4978
90
8066
-6482
9185
2361
8463
616
-3430
8435
4151
-5442
7595
8334
8361
3599
-6693
3093
6297
-6451
6461
-434
9274
-5886
-4023
7117
-2121
8220
-9519
3990
6517
-7916
5680
-5199
-828
-8979
4302
-8554
5737
-169
9511
-2477
-7982
3800
2675
-8786
-1139
-525
-5744
9375
4736
-8455
5394
-2365
-8318
7167
2429
4930
8939
9076
2534
-8055
-539
9067
-2781
-5733
-1680
-4722
-17
4161
-1603
-6037
4450
2085
-2400
-9907
-2399
-5384
1989
9242
-9120
403
1198
407
8658
-7557
7016
216
-9947
-5237
2863
-2480
-4397
-185
-1598
-7282
-1938
7641
5205
-6237
9515
-4050
7853
-3813
-5105
-2863
4266
3744
1556
534
-5786
-7466
-6874
7726
-7604
5039
1195
5876
-9955
6599
5989
4481
7005
6973
-1129
9782
-5325
-2002
-7647
-7039
6140
5903
-1804
9691
-6094
3567
-3429
-7254
-9779
-6519
-7651
7570
-7342
-7871
6946
508
3783
-1082
8194
761
967
8200
5291
328
3348
-5676
5659
4483
-5151
1302
-7092
7341
-4594
-2389
1362
83
9453
-8390
7594
-7215
6520
3503
-8165
-1298
-3989
3750
5199
3303
6547
-8054
-8338
1266
-8992
-5144
5392
-9586
-553
4663
4374
-9290
-4288
3297
-7560
-4547
-4654
2681
-9242
4656
7684
9633
-4607
8559
-2461
-9896
507
409
5370
8444
-9034
-6251
-2326
9580
-7904
938
5034
3961
-8137
3522
208
-4237
-6807
-2627
7526
6413
867
4289
940
-2674
-8963
-7313
3563
-9983
-3509
8560
-7252
-4138
-3307
-9751
-2039
4644
-8536
-7304
464
-4616
4786
-3787
2388
-9267
-6358
-302
-2897
-4933
-1144
9552
-3352
-4077
-9788
5794
3600
-4589
-201
-3960
-3633
1195
5589
-1601
793
353
-6620
612
-7092
8492
-45
-1251
-8107
3871
-9366
8667
-2508
-5898
-5931
-2853
1876
9510
6625
-1251
-6532
-502
8991
844
-4006
-7115
-9582
3537
-3794
5615
4953
492
5931
1674
5040
397
-75
2504
-313
7249
2312
-5356
-3732
-2464
-9691
7446
100
-4543
8344
-5692
7328
-4727
900
7832
-7091
8444
4591
-5491
-1736
252
-4724
-3603
978
-1501
-4243
-6264
7571
3320
-1140
4223
3356
6141
-4862
-3907
-8953
-2531
-133
778
6041
-883
5159
-4169
-5536
4952
-8191
3085
-8681
-5507
6728
4712
-3336
2100
-2197
-6668
8519
-2274
7015
7432
8641
-4915
4750
-1345
-7079
9651
256
650
5027
-2593
-4668
3278
8393
2209
-4010
923
-6341
9226
6083
3634
-9114
-1439
-9923
-2369
-557
1913
-719
8666
9225
-1498
-6528
2794
-2982
-2899
-4652
6272
-5529
-6517
6429
7650
6878
-1886
-4837
7040
6687
-1418
6031
7844
-7287
-1795
-8981
-6586
-4323
-9113
-6603
-8127
7180
3559
197
8600
-7542
-4261
3101
-6259
2669
2217
1129
6478
1703
8392
-6600
1648
-4322
-675
-7996
8791
-8996
-5417
-2247
7785
9274
-9224
-3364
8936
-4121
-5921
8531
7037
6008
-7291
-5209
4663
-2356
-439
7711
1822
-6990
406
-2688
-1982
-7717
-9095
-5886
-4408
-1721
5017
3917
4358
-5041
6094
9964
4213
-357
338
5686
4258
-8093
4207
-2374
6237
-6480
-800
3282
-5119
-3616
4070
247
-1685
-5658
8963
4775
4519
4352
-2307
4945
-762
-3466
-9814
-9917
-1047
8710
-5759
939
5294
-4613
-4264
4344
3828
5336
-1725
-6794
-3542
9300
-24
-7485
3747
6122
-5052
4007
3018
-6680
-6021
6032
1797
-8471
2433
3
-2212
-1807
-4201
1929
-7488
-1403
5749
-3366
-929
6904
2952
-1
8895
6098
-3289
-2202
-4326
9438
-3815
-9563
7273
9541
-7343
2060
9602
-4683
2401
1747
8538
2256
-5004
3747
5263
-9648
-7856
-412
5968
3530
3836
-6396
3619
-4918
-187
-5305
4055
1626
-6249
-7605
7260
-5141
-6498
-4342
-2021
-6337
9727
-153
3576
-7550
-8400
-727
-2649
7833
-3017
-134
5526
-6062
8758
-1061
7779
-5369
1853
-4362
-8562
-8015
4506
1903
5149
-3236
4666
-1086
2390
-1171
-5512
6106
-747
4007
-9965
5477
-9857
9318
1310
-9006
-2558
5616
4773
-9360
-1506
7407
9476
3049
-9915
-8378
9543
-9925
-6712
-1412
3807
-4150
3319
5775
-9294
-9876
-1876
7479
8598
5688
-1687
7346
3389
5966
3041
6316
8771
-4423
1103
-8245
2955
2078
103
-5566
-7467
6717
-9563
5387
-7844
5413
8501
-9625
-106
-558
-7056
7260
5896
-4735
-415
7551
5200
2434
8005
5153
3180
-9170
-1127
-7951
8382
5810
-1143
1950
6491
3374
3150
-8512
-3133
-8608
9869
-9240
-1634
1044
43
-6956
-459
6235
9739
9781
-627
-4514
3733
5441
6685
6583
-3640
9887
871
10000
-2187
1040
1655
-1325
-3976
-3333
9493
7925
1239
-5052
9829
957
-4968
2767
8696
1889
-4002
-4488
-8513
4377
-4601
-7563
-8460
5736
-1755
-2486
2620
-6347
-1801
-8516
8979
229
-2979
6027
8494
-5032
4622
1825
702
9389
726
-1052
-4485
6030
80
-9575
-8560
621
6030
2680
3462
-721
-2529
-8366
569
9519
-678
209
-496
-29
2485
-7421
-2854
-8594
-4306
-7639
-7497
-3690
-6880
9514
8790
-8036
74
-467
-2667
9815
-4154
-8805
2483
-7720
-1459
-9288
1150
9789
1515
3247
-5861
979
-5850
1414
-6768
-365
5495
-1260
3689
-7399
-3320
2068
1045
-7059
3347
5281
-9254
3209
5401
7580
9265
-6181
8327
8111
-2102
-8548
769
-5385
6592
905
6423
4353
9639
-5093
8294
7350
7284
1318
4098
7656
-6345
1700
8822
-1423
-2082
-3790
-7500
8159
-1314
-8996
-7686
-834
18
7476
7859
7335
-3188
-449
-5329
7499
-1502
7649
-9749
7560
8868
472
9097
6068
6677
5975
-2127
4323
-9638
-7003
3851
-307
8378
-3046
-1752
8141
-8627
3184
-8597
-5644
-9951
-8117
2501
6187
4743
-3981
6213
2339
456
1047
6974
5890
-5989
7898
-6855
8084
-9967
4077
-3856
-2291
161
9948
-7412
8071
-8841
8542
-2662
-10
-6504
-6690
830
7672
2309
-1303
8646
-8555
2267
-8310
1934
2610
-5977
-9517
-9490
-4314
3021
2920
5716
6408
-9810
9545
6135
-3086
-5598
-3330
-6738
-8680
-222
8263
-7461
3041
6980
-4131
-8204
643
-6155
2335
-7527
7633
8637
-1041
7691
-7100
6545
2808
595
6436
-4245
-3696
5365
4197
8823
-214
-6639
-8753
6680
5266
-3799
9193
6686
-8269
-3747
-3467
978
2816
5767
7678
2557
8864
7316
-7168
9883
9383
-74
-573
-9596
-2252
-8103
-8821
729
1273
1853
2677
-2692
1927
-6601
-968
-8662
9934
2379
-2025
8987
2332
-2208
-2663
6415
-7379
9024
953
3381
-6170
9263
-6786
-8301
-1185
4097
-6501
-9844
9202
-1507
-6972
-5393
-3111
-4971
-8454
9872
-4647
-887
-5082
4454
-9137
3319
2033
5547
-618
6728
2674
3076
-9393
7915
490
-7660
6063
-4582
6564
8455
-6640
8516
-1300
1832
6564
8803
2288
4292
5437
4129
6738
-5450
454
-572
4608
-2932
-8022
9712
-8317
7248
-6912
2805
217
2714
-3597
209
-9107
2469
-3809
-9711
4225
-5830
-6626
8211
-2801
-851
6484
7524
-4556
4105
1962
-8048
-1324
356
-3587
1904
-7890
4653
-9527
-7645
9168
4068
-4859
-7703
-1947
3711
-5693
121
5994
-6816
-6311
5939
-708
9565
4661
8597
4508
-1164
4914
-1270
-6303
-9631
-1382
6235
-2781
7797
-9052
356
-9897
-3527
-1599
-7755
-7901
-8760
8830
361
7935
-5386
8837
6220
-1476
-5352
4094
-8504
-2312
8872
-2071
8151
-8418
8515
-604
-7282
-2840
-8665
-898
-2495
-1596
4533
3265
-6876
-790
3809
7104
-3329
-4988
4707
6582
5894
-7216
1368
-8364
-3331
-8214
228
-8523
-508
-4376
8592
-9256
-6616
1573
-9328
2452
-9457
6234
-5982
6229
-6233
752
8773
-763
-6422
3876
-9629
-3440
3907
7093
-3497
888
-5218
8026
-3907
-5639
3735
-2608
-7192
8841
-9833
8103
-3130
-6444
205
-9945
-113
2308
-1049
2279
-4468
-1974
-4200
-4341
4856
-9293
-5412
-1792
-5441
-4842
-8334
-7472
-8339
-3519
-2612
-1302
-5733
-4377
-1657
-2714
1240
5399
-8202
-3976
541
-347
-3767
-7320
3390
5151
1290
1488
-4387
-5604
3481
-9621
-9439
7481
-7971
-1872
999
1183
-3323
2784
2685
9879
-4412
5439
4799
9673
1432
-266
9953
3356
2368
726
-5319
-8959
8344
4488
7627
-5126
167
-6518
694
-9563
-6542
2499
1396
-8101
427
-9028
978
-6620
1754
-5317
1619
4592
-6517
-3408
-2372
-1023
-3372
-2744
-305
5829
9142
-9118
3096
-7329
9030
-5127
-7680
7371
-3248
-6828
603
-9376
-4499
-2519
-8323
8202
5201
9987
-4986
-6910
4507
7006
7300
-9172
-2880
3242
3734
6890
-590
6949
-6323
-5474
1118
-5942
-4482
-7861
8552
5767
-5782
-5944
5656
-6620
6558
1328
-6447
5240
3622
-8163
4764
6291
-3176
-7674
4595
-4870
-5074
4676
6558
6142
5183
-3805
4519
-2030
-9500
-2222
9377
-2871
-4402
3634
7542
5343
9616
2350
-1780
-290
-9008
2606
6869
4958
-7576
8735
-7382
-6690
-6398
9282
-1597
-3625
3481
5786
-1013
-5310
3231
1091
4795
-8734
-935
2223
2478
-4560
-6517
-4006
3611
-9320
7860
2946
-6866
3357
-8891
221
-5447
-4100
-2416
3413
-2950
-9699
562
-7725
-6509
-6195
5078
9925
1312
-9455
-3672
1021
-796
6504
-8888
-7754
7206
9628
968
2790
-4750
-2122
-2645
-278
8980
8066
7214
-6472
-1430
-6235
-3899
300
-42
-241
-3489
-3583
-5680
4948
-5577
-6276
-8034
3615
-39
9504
1580
3997
-2375
493
4929
-6855
-1558
3370
-7634
9469
7066
-3121
-2398
1894
7264
6284
2762
-5551
-5175
-2728
-5202
6882
-3848
-4679
1179
8560
-1171
-5161
-91
8841
3409
-2317
-6165
7516
4757
-481
2767
-8353
-1187
9297
2952
-7962
-4521
-9431
-2028
-2158
2322
712
-8297
-4665
-1668
-239
-6070
6886
-5682
4155
-4404
-1818
-5320
6475
252
969
8787
8223
857
4469
-9136
3042
1039
-5297
-7781
4954
-2424
-6527
-7236
-1795
-174
-7103
102
498
-4045
-7724
-1486
-9966
-8793
9208
-2646
1502
7702
9434
4759
-9978
2793
9425
8677
8046
1235
3531
8820
-9212
749
715
-6543
-7394
1688
9050
4509
3841
6330
6023
2128
-4326
-2518
20
-2759
-7091
-2223
-203
-3746
3486
2273
9718
8290
-2184
-5188
2585
-342
-8467
-1075
-3130
-1257
8431
254
-2747
-9859
-2344
-9670
-8027
-967
3715
-8228
1836
-5645
-7114
4976
2116
1406
-1417
5080
-2728
-5292
2709
-6839
-5258
9273
-6722
8294
8226
6470
7497
8032
-3947
9608
-4276
7665
-4805
-9325
2960
-6891
-6945
-6798
-3281
-2125
-3504
5410
7013
-8313
-8636
9842
6460
-442
-4595
7715
-7457
-9208
9280
-247
-2361
-4947
2443
-3433
-6407
-233
309
8482
-6036
4435
8476
-4905
-3761
-7008
-3101
3201
-6039
-9505
9393
406
-9168
-4298
-5000
6592
5540
6141
-4375
2095
-4030
-5608
8695
744
7319
-9134
8080
-2315
8959
2978
2466
-7922
8357
167
1663
3371
4696
-5946
3485
4971
-3496
1367
6619
-3893
555
-1615
-7418
7644
-53
7364
-5668
5560
-1405
-3010
2258
9506
7439
4991
9807
-3026
-4094
3694
-218
-3501
7945
-5461
6798
-8137
-7181
2458
7527
3134
2161
-8507
-4299
5339
-8326
8233
2393
-8578
7781
-5121
-2615
2921
8272
406
-9191
5855
-3151
9301
8855
9443
301
7858
950
-3917
-8
5566
-7105
7738
-2508
5099
1117
-7984
6268
3167
2458
-4369
-3960
-5898
-2773
-2294
-6218
-6105
-682
7728
-2453
8382
2724
9312
2957
6764
8540
2440
-8321
-3960
2394
-2161
893
9498
-8794
-9055
-1106
-3817
1438
-4485
6564
488
-3161
8532
501
8278
672
-8075
6135
-5098
-6222
-6062
-1699
-7496
9193
8285
-6520
14
-1466
6407
5876
-1607
7660
3271
-8144
-6116
3549
3130
-8580
3562
-1082
4362
-2941
-5562
-5615
-6141
-822
-3059
8504
765
8722
6694
-9203
6580
-2723
-9491
2081
-4744
2259
32
803
5745
-7977
6150
173
-1617
260
8758
-9898
2689
3980
-4564
-4487
6082
-4129
-3023
6686
7176
-1236
9279
2956
-1790
-4120
-7931
-3000
-6859
-373
8570
-1249
-8806
6820
4719
468
-542
-2139
5660
35
-964
5506
8762
3309
1171
7590
6678
-4471
-3296
-6315
-6671
-7050
4213
-8695
-6391
4420
1247
5646
1995
-9678
2507
1202
1604
-6036
7528
5804
9856
-6723
-8137
-9773
5312
-1086
1778
6569
1824
8120
-6877
7870
6837
-3124
-7637
-4155
-4011
6626
-9268
8853
-6017
-9800
-4307
-4138
-5724
-7401
-4951
7163
-9332
7190
-3473
-2380
1484
-4308
-5704
-7242
5091
1363
9864
-8233
6434
3560
-3958
612
2445
813
-4411
3752
-4228
1418
-3339
3067
-2760
1939
-6040
2223
4488
3218
1271
-1357
9464
-2326
-6137
-9867
1806
5973
1858
9933
-4636
1065
6247
-491
4886
-2620
865
3500
2924
8852
2402
7312
-384
6724
8401
-5825
-3575
-4082
-8853
-935
993
925
5070
-1314
-5272
-7286
5357
9654
5339
-5873
-491
2016
6298
-6735
-2625
829
6275
1152
-6781
-4886
-5407
2020
-9488
-7249
1962
1666
-7009
-5062
7102
-1124
5367
7511
2164
1494
-1723
4187
-8914
-9326
-8205
3875
-3934
2717
-9925
1628
-1520
-1198
4403
-9780
-5783
9629
2740
3589
760
-2496
-6788
7561
-6477
-7624
-5707
-4138
-669
-931
-5258
7857
-4127
-9097
135
1516
-6862
5003
-6513
5208
3397
-858
-2557
394
-2896
5363
-3927
4675
-1487
5095
-8928
-2718
7538
-2188
507
3306
-2757
9758
7428
-814
-8750
7270
2683
-7739
-2074
8759
-4850
-3387
-658
-9708
-8374
3649
-8166
3491
-7327
-1014
4309
5321
77
9493
-1423
9933
683
9300
7725
5635
3177
-8762
-7050
6067
6131
2787
6721
-1436
7019
4264
1707
6738
3646
4722
-1518
4787
5987
-2944
5430
-9828
5787
-7638
605
-1605
-2040
-5981
6062
7743
-6223
1046
7873
3986
1974
4242
809
-9142
3201
2309
3104
-2564
466
-5987
-8745
-1006
4734
6779
-3034
4014
-9031
4371
-1791
6556
-5243
3325
-7221
612
-9794
-5229
-5965
-4170
1485
-169
-1819
5224
6108
8057
-6593
-7994
-1699
5260
-578
-2469
-4047
-72
6004
902
-2689
9502
2922
-6844
563
8038
532
8053
-3991
-4272
-9791
3557
-3519
-5340
1832
3426
-3026
863
-8000
-9069
6864
-325
9429
5118
-8646
1238
-3241
201
3918
8006
-7358
-9162
9037
6939
-9075
-1391
232
2541
280
-1323
2623
-6441
7281
-8449
8475
9455
-4574
2240
-2516
1694
9382
-8773
-2798
702
1628
4803
-7574
-2831
9122
7508
-6546
3718
-135
2384
2293
-8899
-2857
4921
-1638
-604
7790
-346
436
8093
-219
-8677
-2091
-1522
-404
5700
-2327
9819
1097
-6654
1782
5045
-5907
-9213
-610
5995
-7280
3174
7140
7344
9958
-2188
-6109
1985
772
-6235
3551
786
-3707
6680
5527
9993
-7937
-8587
7522
-6346
4528
3447
-2852
7961
-4584
2826
8150
5079
6432
459
-3787
-6575
-4497
-539
1642
-7244
7254
-2443
1191
-7230
4143
-1655
4529
-8642
-6379
-3258
-6057
1917
-9582
-6452
-8379
180
-9390
-6968
7736
6948
2043
-6549
7816
7383
-3320
3609
-4999
8277
5455
3970
-7083
-2867
-197
-977
6475
6431
-5547
-6010
-3756
-2003
5218
4882
-5670
7987
-6704
736
-6741
-929
423
174
5400
-505
8260
4782
638
8689
5255
-7438
7856
-5015
-1887
-1044
-8099
-8485
-9379
-2811
7844
7594
7396
8910
-6985
1749
-1142
-7423
1569
-4536
-5220
4489
-2422
9217
9329
5573
8532
-1676
8590
-4120
4158
-5467
3929
356
6437
9501
2957
-2809
-5561
5865
-5812
-2240
-6195
-2078
-3001
8954
-5416
-1145
-8534
9865
-9932
2257
-5864
-6191
162
-712
4730
3949
2816
-6230
9859
-9073
2480
2760
-7730
4022
-2006
-69
7577
-2637
-4783
-5226
-7849
-3267
8957
-3463
-4753
8330
1163
-9756
-8296
-3956
-1818
-612
-8830
5991
-9323
-2625
8217
7260
-3116
9897
9858
-6768
-1685
-7057
8288
-5018
-3947
-6757
8637
1803
-7220
-9492
6534
8984
-4883
4877
-2960
6487
-3814
-8568
7107
8211
-4294
-3444
-7018
521
2805
-6628
-5853
-6392
-1829
-497
5446
9277
9364
9799
6167
7074
9542
-6286
2578
-2051
5906
770
2584
-1926
9182
481
-6090
-4901
-9782
-7467
6955
2666
-1200
-1814
7105
6442
5782
-9556
5583
6951
-5668
5585
5818
-302
4356
5984
6137
-8534
-6803
2302
174
-5315
1990
-2931
-1438
5139
1451
2809
9061
7530
-9531
417
-9
2118
6785
-225
-9467
2160
-9814
7190
-5814
7398
-7306
-6740
-5009
3695
6372
-7341
-395
-8600
4180
-2754
-5299
4638
-654
-7234
7108
4363
-8418
3420
1726
2362
-4730
-5927
-6269
2584
1515
4665
860
-8029
-5876
-1033
9241
7132
3215
7054
2957
166
9610
7513
186
-2967
3574
5328
-1649
6918
-8564
-2010
-8576
4233
2116
-2052
-4776
-234
9540
-227
-7756
6202
4172
-688
1047
-905
1741
2627
-5318
4104
-4261
780
8112
-9279
-2859
1597
-5638
6445
-2988
344
-4573
8677
4622
8518
178
6147
-3602
-606
-5709
7517
-2357
4336
-7323
242
-9047
-5213
-8096
2560
-8268
8685
5962
3605
-659
-5774
-1881
-8646
-5977
-8446
1233
5335
-99
-2844
4557
942
-4028
-1012
9694
-2237
8233
-7525
6899
-9107
1807
-9254
620
33
1109
1118
-5791
6723
5797
7819
-679
1661
7490
1073
4933
9028
1075
6461
-4494
3094
-230
-7097
3116
-331
6084
-8004
-3117
6402
-9711
-3183
7804
-897
-4651
-8544
6370
-9394
-9621
3024
8277
-9053
7738
6545
-1330
-698
-141
-1344
-3271
-7144
5600
-2126
-9588
-5890
9980
-4298
6732
-2847
-9016
1605
-9383
-9592
3354
4828
-9079
-2104
6437
8953
5831
8804
-7072
-9290
8381
4306
8008
1810
-1313
324
6527
-8218
-7838
9987
-3639
6527
7178
-3820
3476
5220
4742
-7561
1112
7860
8097
9800
-1381
2732
-5802
-981
-987
2993
-7861
5280
-8969
-8275
6149
-5750
9903
-8257
7416
-9663
-2031
-9422
-9432
-253
-2588
44
-9529
738
5013
-6461
-5
-7615
6244
-1487
2383
-5206
-8104
7252
-7355
6628
9595
1225
9117
-3991
-6619
5277
-7175
-5192
1876
-592
-9408
1528
7525
-3197
-8454
-4324
-9976
-7044
3266
-926
3307
-9752
-2391
4711
6356
-642
1453
-7344
-6276
-5867
-5932
5971
848
5084
-5493
-8045
-8983
-6090
6935
7888
3717
-3115
4317
-1818
6360
-8304
-8733
727
-975
242
-8656
-9498
-9168
7482
-1409
6565
-7288
7333
-2420
-7654
3704
-514
7257
-9039
-7478
-2814
-5732
-30
928
2963
-4411
-1051
1875
8788
253
9464
-5088
-9916
-2540
7143
-3115
-5306
-7503
3485
9200
2161
-1417
9408
7364
-6640
4154
-9090
6183
3018
6779
-5536
6909
-1029
762
-7791
2380
-7131
-7193
8874
-4879
2157
2960
6754
6850
-9310
5587
-7593
-3139
-5260
7840
6221
-3104
-5892
2085
6656
-7712
6127
4494
-1152
80
-6348
515
-2146
3545
4944
2954
-4900
-4201
-987
-4730
3055
-4448
-703
-127
-3449
3656
-5846
3732
5777
-9970
6144
-5529
-9824
6498
7943
6323
-7201
-4734
5923
-3797
-96
9669
-2291
-9769
-3793
-9881
3109
6814
8141
-1860
6119
-8718
8076
9081
5657
3929
4356
9573
4569
-1181
-7440
73
8602
8374
-8562
-5465
3466
7122
5266
5409
-2290
3478
2409
3575
-6140
2293
-8471
868
3292
-4670
-334
-2574
-4636
-3689
1779
-2691
-55
4834
5873
4375
8531
-7447
-7877
-6628
-2767
3460
6752
8173
-4471
-487
-4810
5778
3812
-965
-5400
7379
6367
5170
-8270
4088
9670
-2193
2548
2189
-3668
612
2688
641
9700
-5043
4250
-148
-1344
-7933
-3686
-6434
-3501
6715
-9457
-9893
4743
475
-2579
-4131
6452
4840
9180
5141
-9697
-8744
-8858
2710
-852
175
-6343
-4162
-8032
-6140
-7628
5585
3858
7686
-7977
-591
3896
3032
3603
5407
-8264
-2806
3847
6361
-5793
3190
6072
-9149
-8005
9132
4240
-7086
-1174
-3752
4516
8920
6740
-7967
-9240
3425
7245
4470
1625
-7398
1130
1175
7137
-9621
2382
-4249
1692
-8969
-1815
8617
-3741
-2234
-1410
5915
8902
-8054
1414
-8234
-4497
-3255
-3482
3093
3039
-737
-488
346
8088
7703
8146
-1926
7577
110
-6228
1939
-3066
-8054
7678
6617
-7605
4199
2014
6819
8659
5844
2543
2892
-7347
-9126
-298
5824
2516
-3948
8314
-7780
-7001
-2082
707
-6255
1943
1670
-3955
-3504
-9037
2197
6125
-7786
9362
-3884
2741
4962
-1697
8483
5925
4553
3325
-2276
6509
-2367
6534
7523
9555
2779
-7460
8573
-5009
-1583
-6361
-1621
8466
-1174
1119
9070
8646
-9921
3152
4906
4454
-2719
1252
4196
-3532
6431
8681
7818
5647
8784
-4955
-989
1271
-7085
-286
-2197
-7442
3611
5053
4930
688
300
556
-2346
-3862
9764
6456
4882
4850
-8091
2902
1868
-7093
5135
8116
-3351
1130
6359
509
-4281
-345
-332
-306
3819
-9228
3559
3005
-835
6701
8959
-752
5528
3313
-7245
3211
-4426
1671
-1012
1282
-971
4277
-7494
5897
-5707
-2872
-5449
-8512
573
7170
1606
-5395
8170
3317
7939
-1740
-8572
-9485
-3291
9904
7625
-2456
-7581
5973
-4075
-3211
5221
-7455
-8456
-250
-874
3644
-4135
1133
-4650
-959
3924
279
661
9823
-1927
6633
-772
9141
-8375
4865
6628
-5117
-2642
2195
-7441
9548
-4600
6094
-5138
396
2238
-1160
-2113
-5628
-6490
-6471
-6895
-1901
2980
-6015
350
-8423
3030
8768
3416
1929
1154
-6980
-1655
-2886
-5148
3043
6364
8950
2988
6790
-3893
-2212
-1679
-4293
2888
-258
-9734
8501
-2419
5646
-9691
-7071
2816
-8780
7981
-9285
-7098
-9062
5538
9374
5627
-668
2819
-1887
-7702
-3802
-6302
929
-6208
-55
-2802
6946
-8977
-764
627
-3711
4299
4309
-4097
-2436
-2566
2476
5695
-896
8474
1911
965
-5320
-5256
474
-6299
-4370
-2745
-8347
-1605
-2955
-9106
-293
-6116
2341
-4578
8111
-547
-4742
-1512
-5276
3102
3310
-4090
3361
-4984
-1703
-8561
-2996
-5445
1695
-2427
-4549
-4134
-3491
3131
-8150
442
9923
-7032
-6142
-6300
9828
262
7819
7286
-7413
-8124
2205
3327
-2607
5069
1398
2465
-9891
4600
9052
-3305
4115
9546
-7246
-6463
-7281
1968
8932
9566
3296
8866
4604
-826
7046
-8046
6041
-5080
-2141
1582
3435
-1687
-3328
703
-9306
-706
2849
-9367
-8992
-4271
-1906
-8640
5852
-9345
-1114
3716
2385
6959
-8641
-9076
-5644
9193
-5836
2037
-4402
9789
-1293
-8814
-2404
-7822
-3203
5584
5027
-5612
6595
-6055
7134
5887
-4201
1059
-5406
3083
2722
9913
-7362
-7385
-5331
2994
-2885
810
3416
944
-7957
3852
-5299
8973
9391
1345
-8958
1570
-5428
-9767
-4364
1170
-6360
-4803
-4355
-6089
-7245
7439
8626
7694
-4245
4674
-3867
6820
-3248
-1261
886
1406
-5921
-3606
212
-8507
457
9616
6455
3095
-9638
6531
-3065
9556
-8941
8465
-8380
1491
-8103
4162
9476
1147
-276
-9503
-4163
-429
-2613
1533
-3074
2053
-929
-9313
2595
-3300
1911
3100
2614
-8938
9077
-4513
-6561
-9458
-678
1716
-7636
9100
9227
354
-3597
-4300
-9815
9844
1850
9818
-6744
9032
3841
-7483
2090
-9475
-7619
-273
-1786
-901
7344
-8101
1797
-7507
-2440
6205
-5060
-1811
-566
4954
4073
-9703
-6040
416
-2724
-6860
9876
-9107
-5662
6556
2038
-5265
2297
3302
-3739
-4071
-4616
-6301
-5604
5617
678
-116
2400
2355
-6210
1122
-9678
3942
-6765
1334
167
-1470
1420
-3920
-1588
6605
-2860
-1702
-699
-5546
-6804
490
1484
2888
4869
-4387
-145
-2332
89
8094
4219
-5136
-6735
-9992
2908
3186
-6923
3402
8140
-1965
7810
-9399
-3994
2864
1222
-4445
6982
-1409
-6496
-9142
-5162
4058
9862
-4663
-4148
1889
1815
-4363
7051
-4605
-251
-7797
-2763
-1419
85
8350
1403
7770
-5796
-59
9878
8523
-1110
-7230
-5822
-8166
1041
-5687
-6686
1423
-4869
-3324
778
-4200
-1454
1844
8808
4311
2911
-9670
8451
3979
3792
-9833
-668
-4683
341
-101
1665
3357
3897
-3928
5828
-2213
-2631
-8346
-2694
-3015
6512
-6301
-4160
-769
-1004
-4117
-8498
3169
-8119
4802
-578
-3606
-9530
9770
-2164
2034
2977
-8027
-2160
-9209
4221
3909
-3185
4837
7424
8917
1092
607
-1150
7860
-2035
-4480
-4634
-6053
-8402
2838
9199
-5601
-3130
1122
-5461
-3353
-1230
3117
1311
-6424
6429
-1598
5087
-8365
-3173
5186
8332
3301
-849
-1071
-1490
6829
-2378
5436
5051
-9375
-5038
3705
9579
3760
-3412
-4643
1848
-8212
-8022
-7674
6905
-5243
-4287
5628
126
899
5711
9353
-4766
894
-8241
6391
6316
-9598
-6100
-9719
2154
8593
-5622
5482
-9364
7208
-989
9732
-7917
-4510
1012
622
-6149
3789
-661
-5
-5363
-1078
-4603
-1741
-4382
4361
1546
2874
6096
8847
8302
-5915
-8023
3281
-2384
6364
1632
3286
1654
8807
-7212
5918
1206
4267
1852
5529
3133
-175
-2966
-3385
3431
-3718
-3671
-7754
9496
9726
6740
-5698
1167
5516
5385
-4492
-2216
1629
-6738
4450
3867
7284
3358
-1788
-27
6283
-2183
-8001
9109
7863
7022
-5281
-286
7255
-6608
-5526
-1834
2372
-4252
-8639
-2109
-6678
-8536
-3737
-9574
-1819
-4553
-917
314
6242
-8207
4259
-9628
1653
-875
-8947
8038
1177
7773
-6143
2315
598
-8586
-2523
7319
-7373
7123
-8137
-55
-7614
1568
-941
6090
-8191
9065
1175
-5983
723
2083
1056
-1519
9737
-147
7298
-3174
-1456
-9594
7043
8991
-6135
-8128
3792
5611
6836
-8845
9910
-3548
8061
-5379
-5818
-8207
-5986
2415
2340
6968
6981
-6020
2171
-7023
9408
-9915
-5274
8041
2592
-6400
6316
7191
-7248
-9377
-6081
-3547
7368
-8476
-8925
-9265
980
4036
-7005
1124
1478
-4421
-6466
-264
-7678
1157
9022
-8583
-5918
4649
-6060
9314
8600
-5042
1186
-3393
-7465
5622
5039
6593
-1186
3257
7831
-3080
-9685
6612
-4617
7031
-9116
7212
2103
4155
3463
4318
4131
247
4260
-2119
9783
9797
1427
-3958
3447
3289
-1419
-9807
-2590
3608
-4141
6697
3700
4730
-2789
-8254
4715
8962
-4182
2563
-2835
4584
4034
6030
-4300
-2588
-7622
4497
912
-1847
8124
-5003
5185
3156
1220
-2106
-1736
-6168
6872
3788
1870
-5872
-2854
-292
-1915
-8193
-7529
6999
5097
6695
4246
-2141
-3384
119
-1491
3489
-3256
365
1078
-3743
4536
1684
525
-2225
2651
-2090
1966
7758
-6182
-9882
7734
1113
-7984
-9875
2938
-7273
-6062
2897
6246
-2340
-7353
6671
9688
7144
-9465
7378
-1369
-9931
-6313
-9357
2728
9902
4340
4643
-3284
9062
-2514
5274
1721
6099
5951
9857
-2446
6334
8578
-4429
-3139
2251
-8994
-3337
3635
-3063
-1703
988
9252
4567
287
4569
7876
3053
1865
1590
4388
-4048
6397
-7527
-5605
-1287
-1833
-2773
-5345
-4576
3461
-2500
-4564
-2829
9310
-5940
2917
-2998
1186
-2746
-6396
6962
968
-746
8375
-5673
3142
-9141
-1509
3165
4593
-3955
8638
-2963
-1679
-3415
8011
-60
-5878
829
8322
1164
-841
-6860
7604
-9349
1770
6438
-9587
7785
-9160
3835
-665
6628
3873
8317
284
-1026
-3545
-6234
8980
-2541
-2840
-5095
5929
-1740
-2606
-6071
-2697
2729
6736
2701
1296
-5105
9707
7647
4768
-2157
6884
3829
677
1401
3467
8461
9943
-1166
1304
6162
1554
5776
6301
-7170
-5939
8799
3577
-3119
4210
4230
2349
5371
-8407
4861
1622
1067
-3802
-4148
-191
5089
5458
-8019
-541
5853
-518
-4956
8604
-6866
7718
2416
-6606
599
-3445
6489
-7280
-1812
9885
-1478
4722
6816
-6165
-3301
1266
-2009
8551
3158
-5140
-5042
-977
-4954
-7335
-6227
386
3042
-5986
3037
-6241
8561
6447
9927
5305
-5479
-6701
3485
9903
3397
4828
8488
-7935
425
6858
-5568
7117
5081
9000
1954
4483
5427
377
-2547
-9950
-5563
3349
9698
-2359
3099
-1628
-327
-3911
8621
-9459
-3951
-5018
9918
7753
-6548
-405
-7457
-4991
-8635
5915
9110
1248
-1915
9128
846
454
-1012
-5999
-7813
5744
-5217
-150
-4848
-7971
-8117
-2563
8414
6559
-3957
-6867
4581
9304
8891
7865
3622
2768
659
3074
-6093
9773
4952
-3420
4356
1379
6071
-9224
-4411
-3398
1156
-324
-7341
-3775
-3497
5926
353
-225
-1004
4377
2254
-5681
-4280
-4984
-5227
-4028
352
2717
-2339
3949
5952
2708
8733
2512
-4408
-7620
69
6322
474
6137
5893
3848
-9298
6578
-2207
-9831
2351
272
3147
4379
8975
-1157
1916
3949
-7085
-3596
4236
-8650
4144
-7695
9373
-5145
-8060
-8032
-7409
-2461
70
4983
5578
1621
-2421
8543
5769
-7793
8018
6439
5907
-2300
-7434
8981
-7343
1938
-6016
3992
-5285
7103
4066
1222
5951
-5896
6485
7514
-3797
6705
3469
-7789
-7842
-2801
9194
-7787
9486
-8760
6941
-9787
-4867
9996
8423
-2052
2753
-1530
5904
-4340
3494
1380
-9926
-1840
6584
-1146
-2228
-2890
-1623
-6741
-2968
-5080
-9698
1577
9230
-1966
2152
-2347
1105
-2260
8182
-8395
66
-5767
2490
4670
-2098
-5567
4725
-5117
4498
-1942
-210
-7987
-5812
6402
-1374
5920
-9390
-9783
8202
8570
1878
9410
-4145
2909
4931
9448
4612
-9778
-4371
3224
-1903
1207
-2639
-3272
4273
119
423
5798
-5408
-3175
1
7534
7392
-379
7998
-4675
2620
-4365
-4455
-6189
5928
7076
-8459
-3780
-8254
-9
5657
-6938
4671
8965
-1538
4475
-4088
-7041
-8497
819
9402
5236
-6049
-786
-4167
-6691
221
-8774
4366
3250
-2412
8809
2925
-3183
6807
3426
5372
-5228
4330
2638
2572
-9255
-2690
8728
-9913
-6712
5125
-8961
-6991
-7641
3253
-3854
5
-7781
-5311
3362
-3703
-5203
4029
-960
1358
6544
-1207
7951
-9068
-5945
-1109
-1052
-1696
-6502
-4048
-1671
-1708
9906
-1305
8005
-6158
822
340
2588
7448
9402
-8015
-8681
4162
-7889
-3801
5312
441
2947
4281
-431
-8545
3369
3878
-2778
8739
7518
8310
2653
-9849
3239
-5814
-445
753
2808
-668
1956
-6933
7022
5529
1856
2504
6238
1630
9383
5948
8061
-2136
4725
-3540
2130
5952
2633
-3268
2091
-8575
4913
-7298
5428
-2972
-4917
-9176
5519
7144
864
-7220
-1644
9708
7463
5251
-1919
-7034
4067
6955
3002
7516
8770
-5662
6934
-6480
9197
-8461
3366
-3690
-1372
2703
-9264
9358
-6634
1194
1263
-1165
-5157
-2363
-3156
9482
-2734
7846
-1888
-9634
-5262
-5128
-5112
-521
7192
-5427
-7994
-3873
-6073
5747
-917
-6004
5087
1164
8963
2974
-9929
751
-5828
-3523
-8035
-8336
-6155
-4004
-6318
3729
6642
2681
9995
9439
-4629
-8578
366
-1080
2975
-2614
3136
1730
-8488
-3976
-7347
5555
439
5111
-4957
-6093
2964
-4889
417
-2988
7432
-9384
-2507
-8678
-420
5325
-8687
-731
-7080
-1393
-8994
4080
6245
9816
2621
4004
-6969
-4021
6583
-3755
-4958
8084
-6926
-5565
-9263
-7355
-6300
4363
-7424
-4468
7917
-4842
4059
1174
1539
-819
-3661
3973
-2891
8710
4690
3261
5672
-44
-4275
-7814
-3064
5764
9859
-3434
5388
-7116
-6632
2115
-1550
-9184
3608
-9906
-5841
8953
4643
6348
-5470
-4580
-8421
2040
5370
-4262
-8071
-6700
-5598
5322
-3140
4094
-7493
-1947
-3918
-2689
-6759
8550
-1195
-8825
2184
-6387
448
-43
-9615
-7647
-5728
-1406
-9545
-210
-7854
1386
-9656
2136
-6521
-1916
-7455
4370
5473
2566
1824
-7137
5420
-1585
-783
-9006
1966
1579
121
3342
5223
3294
7377
8743
2895
3994
7899
8206
-2524
1539
7994
-9850
5170
-5751
-8843
5442
-8539
-4900
8318
2772
2922
4928
-906
-3457
-3381
7432
147
-3923
4119
-9483
6981
2447
7703
-3759
-3369
-8838
9554
-2926
6193
-7607
3058
-5316
4750
-2749
7426
1005
-6227
-5252
5179
5426
988
7094
3170
9068
7834
916
-167
4571
-8498
8226
-3985
6723
7010
-3850
-4273
5272
-4467
-471
2122
-7194
-3155
2359
1653
1409
-1700
-7091
-9119
4978
6434
-3579
-5677
-8354
1614
-6607
-6549
-1894
873
-919
-8931
-154
-3353
-4256
7174
4494
-9221
4087
7817
6688
-7129
1819
9144
7946
-587
207
-9549
2626
903
-5102
681
-9441
-4203
-4501
87
5375
-3479
-9165
4335
26
-3173
2079
6372
1252
9621
3528
83
750
-8242
6219
8928
4951
7114
782
8996
9615
7768
4086
3967
10000
-687
-2180
2711
5992
-5285
6669
-7301
-2869
1548
-3893
4716
9313
-9308
8538
6375
-2944
-4947
3969
-5226
-8456
-3435
3150
-5450
-2939
-7902
-8205
3690
-5248
6542
-2741
-2342
3769
2648
-1980
-2597
-2853
-9084
-2240
-176
-2974
-8245
-8516
6218
-3424
-3556
4892
-6567
-2064
-9956
5799
-7097
81
8252
6488
9820
2624
-7494
116
4508
-8624
-7891
7408
-6602
6507
-5149
3829
6095
-4853
-1653
727
-467
8947
-9962
5435
1251
-4530
4667
6692
2924
-3662
-3259
-2880
-9974
8137
5524
5184
-4732
2614
951
-8813
-4491
-3659
659
-7828
-5172
-7140
-6532
-2334
7865
6019
-47
-2829
225
9882
-6530
-1493
8799
-7232
1806
9551
-5497
-9565
-9148
-9262
-3327
-4473
-1126
-7321
4388
-8851
-3880
-6822
6206
-2684
2504
1688
-6636
6975
4080
7673
5564
6567
8245
8892
6519
-2314
-4794
-6201
3877
-438
5056
906
-8274
-6215
5893
-4927
-5217
1390
-3706
1925
-5199
-6121
9381
-3506
2534
-6632
-2474
-6641
5502
8629
-3821
2193
-8123
1215
-4905
-9431
9101
-6575
-4451
252
-6796
8950
-5269
3096
-3134
4780
319
11
1767
-9970
4738
2768
-9542
3634
-876
1304
-9619
-8350
6441
-3537
-2733
-8346
-2413
-4254
-8305
539
8789
9031
4559
9713
-4689
9585
9094
6492
-6621
9705
-5710
5044
-8731
1907
-8300
4872
6095
-1252
5775
9999
4143
3169
5032
-3008
-3685
-2096
-9567
847
-4638
-6152
4586
4017
2026
1833
7890
567
9751
-244
-6632
-8194
3271
-8922
5525
7883
3236
2356
-6769
3808
-533
8278
7277
-4311
8645
-5332
-9915
9455
7654
280
5583
9933
5046
-1771
-9926
-3726
-7088
7445
715
-1201
9043
-3450
6044
1388
4793
-4683
-1240
3274
-4158
-7581
-2040
-2055
-3428
4352
-4530
-4363
4607
5041
2939
5193
-5568
2399
-4166
-3113
5836
568
-2385
7613
4930
-3847
-2212
6454
247
-6377
1428
1629
1075
-3852
294
8683
-8386
5071
-7834
-9554
-7756
-364
-9190
1040
-6621
475
1587
7502
5514
-4139
-8775
-5189
-7890
5388
8829
-4537
-9697
-3983
-7568
1259
6196
5278
2095
749
7581
6671
-8429
5814
9466
7890
2975
2970
2313
7696
8855
489
-3300
2359
5180
-7489
-354
-9845
5093
7835
1693
-7653
-1928
-8609
3029
-217
-2655
-9819
-2933
7612
-1448
9034
6936
-3801
-6156
1375
9397
3702
-6608
-5626
-1101
-9366
-7563
-4315
-9430
9156
9787
-4363
147
-6394
-1266
4079
4511
9324
3680
5497
9032
-882
-1136
-8890
-1493
6349
-9724
-7076
4832
-3069
6124
5537
-9234
-7723
8796
-7087
-4929
-332
3402
3192
-2162
3699
-334
3753
7016
-2603
7938
-9620
-6717
-7591
-3737
-8057
7455
-3819
-6480
-8973
1337
-9224
3320
1145
897
132
-6393
-4058
5258
480
3174
3398
5074
6842
9543
6999
1184
4375
-1444
-6803
5345
4316
4703
-2423
-1496
6963
973
-3999
3651
3796
-4724
-4471
-9266
9692
-15
-5850
-5643
-8777
-3945
-682
9677
485
-4195
7224
-861
6992
9766
-4121
-4652
352
-4856
-4660
-8409
-8295
1607
5020
-8895
6036
-6853
4147
-5046
-1736
-5193
6232
3165
6099
-515
-9356
-1334
9059
-2361
-5959
-1220
2064
-5473
-8200
208
4909
-8306
6513
-3654
1456
-8939
-4255
1255
-6901
1704
7619
-5233
9593
-3699
6279
6024
-500
7187
-9570
-5391
1613
-4559
-9384
-2750
-7810
-4307
9690
-8768
-7258
-8556
5067
5125
-263
-1353
-5564
4779
-520
564
-727
6538
9107
6265
9351
-5377
605
7460
-665
-9895
-4663
6732
-258
1969
204
2527
-9284
-9852
5765
-7288
-8073
8038
198
-7526
-642
-2607
-2746
5716
-9423
-4309
3879
507
4212
-218
951
-6033
-9923
-82
3215
-4458
7973
8871
879
5537
-4177
-434
-2416
7532
-1731
8359
1915
-9596
8948
6070
5161
803
-9066
1590
8964
3648
4777
177
6935
-8350
-1616
-5910
-7098
1854
-9282
825
-7027
-4055
7559
-3250
-9603
2551
-7311
6002
-2104
-3559
-7654
-4810
-4549
5028
-4452
-1726
9011
-2321
-5161
-3562
3348
8660
8258
1949
-4639
-4524
-9920
-7988
2184
-3520
-7237
-1924
-776
-8198
5501
-9425
4996
-5533
-8046
743
2833
-1467
-6378
-3160
5572
2950
-7453
-2254
-7277
7132
6836
-2779
-250
-5295
-7748
7300
8831
9982
3403
-8295
-3595
2364
-2097
-7141
-4275
3886
-4272
659
-8326
-1203
6061
-1863
3122
-3224
-4071
-2030
-4107
6496
7610
-7842
-1016
-6128
4396
6346
7322
6370
2791
-7453
-5977
-419
-7099
-7218
-5969
1025
3912
-5051
-4318
-251
-2791
1857
-5398
5317
-1900
8684
-7075
-2244
9919
7041
8199
-5331
-3209
6781
7868
9574
-4963
-7989
-1450
-1299
7178
-4161
-8542
8881
7598
-7246
535
-6327
-4632
-6382
9800
-637
872
-6838
-2862
4742
-2030
-1377
-3487
7160
5591
-3324
-9043
2540
7504
-9211
9645
-1791
3632
-15
2848
-365
-5179
-6542
-8307
-1086
3234
5371
5220
2604
-9017
6735
-5719
-4798
6442
6763
-8449
2321
-7212
2313
-2060
-2692
752
-5522
8136
7700
-5027
7207
837
3542
7954
6917
-1184
234
3574
6973
4379
-8413
8506
5908
8906
1912
6489
-9450
9775
2607
2463
5167
-8773
4537
317
-1323
-7693
-5493
916
-1220
9467
4996
-5248
5558
5964
-3840
-2305
1487
-1067
9782
3870
-8430
-7706
-5176
-1677
-5192
-6630
-1889
6640
-3341
-1323
5795
-3813
4858
7658
3158
8022
8366
7686
6763
-1027
5928
-6676
3072
-2135
-7260
-7831
1970
-2987
-7999
-1391
9120
-1690
4739
9352
282
5007
9936
-9585
5316
3940
-6825
-4613
-395
-6441
-1072
-8678
-36
8194
7975
329
-831
-8348
-1799
3462
4039
9327
-1178
5047
1206
359
1858
7315
-1952
-1936
3658
4231
6688
2458
-7393
-1426
1020
1570
4991
-4574
-2945
8991
434
-7767
1228
9956
-7264
-6186
2728
-9836
6493
1545
-3525
-3236
-2207
8919
-3186
611
-6736
4593
-9356
2403
5199
3636
-5621
-8511
-797
6196
1954
-5656
-170
-2695
7818
-2074
-8122
-1699
7911
-8518
-9881
-645
-9004
-4831
2225
1989
-4723
6857
1460
7264
-7660
-9777
-8779
3825
7662
-2569
6541
6825
-1283
-6639
-5148
-2232
-3024
8044
9755
8941
2460
9813
7415
-7164
4856
1068
-66
3034
5846
-8730
-1012
-8069
4301
3856
6077
516
-142
5937
15
-9807
-8571
4029
-223
-8837
-4323
4346
8890
-1326
7502
7957
9489
-1843
1342
6939
-8164
2615
-3305
-5774
1973
-4674
-172
7818
-6960
5140
2539
-2913
4463
-3130
-2239
-8565
-9859
-9461
-1890
9119
-9951
-5406
6755
3827
-3563
7709
-4604
-458
-3791
-2741
-8095
-3072
6748
-1456
-5083
8662
-759
-4014
8510
4999
-362
-4702
7386
7463
-2382
1145
-1563
3909
-9909
2781
6376
-3042
9379
9738
1085
4395
-6556
9767
6628
-1955
-5654
5861
-389
1337
-2772
-9165
8142
1941
2595
-8438
-3950
5718
-7874
3199
9597
-7747
5541
8532
-6086
2924
-1370
5833
-7636
-5552
2903
293
4561
5207
7194
9221
5057
-3552
4554
-6736
2832
2902
-8827
-5719
1471
6304
-2187
2444
-13
-6428
-4660
7767
-8521
-5653
-8925
6982
-1942
-9343
-6574
4621
-8360
-4188
6663
-2525
2486
-2653
-3670
-1338
2436
4705
9403
1759
8833
-1901
-6349
-8062
7715
-9167
-3
6593
-2680
-331
4386
-7463
-6561
-2438
-856
2978
-2026
-1166
7027
-4905
-6331
569
4009
-1792
1783
-3165
-2061
4836
-6052
9947
4831
-3575
9091
5367
-1347
7429
-8167
-2177
-3271
-7681
-9439
-3340
-7899
-5777
-799
2326
8373
-6903
1388
9689
-4336
9571
5072
193
5662
8331
3908
-4075
-1300
8448
-6472
-3380
-1188
4438
-8194
-4597
4180
-7837
6080
4342
9751
5929
-8544
-2464
-4664
8233
8678
-9355
2239
8321
-9927
-8022
2933
609
-6719
5245
-6955
6040
-6244
-7437
6313
2118
-3619
6710
5674
3691
2564
-3593
8855
-655
-2858
-8481
-3033
6374
7613
-1740
8348
-5010
-1364
6797
9222
-6365
-4675
9963
-2487
-8033
-1148
-9577
-8119
-8588
-3150
1946
6277
-1028
1975
-5876
-3347
8494
-2528
3637
-3793
3122
9831
-1522
9859
-5562
921
9743
8629
4903
4441
-7893
130
-8258
3848
4399
8839
-7261
-115
-3033
1073
-8161
-5761
-1863
992
-1869
-6418
6758
-2742
-391
608
-6364
-152
6514
-1664
3657
6304
7396
1769
-4073
492
7836
6409
2795
-5470
-9590
5065
5676
556
-5616
9209
6604
-713
-4518
5930
10
-6096
-969
-8534
-6699
3745
-7065
5505
-5086
773
2402
6259
164
8722
9717
7175
-1694
5073
3668
3938
-2872
-3870
-9234
8464
1172
-503
4987
5579
5277
8235
-1470
-1855
1639
2558
8311
3516
-8097
608
-9918
-8323
8390
-2604
5389
-9549
-4937
-6634
-9855
-5908
-6398
-7197
2256
-9071
-9747
3808
8108
-4417
41
9418
-9388
6560
-1371
-2116
-5313
950
1702
6058
4764
8035
-7366
-8244
6969
1191
8921
8031
-3471
7036
-7870
-860
1614
4235
-3884
7532
9287
3474
291
-2481
8663
908
6457
-9829
2952
-620
7115
-1875
-9190
-4403
2032
-4765
-8101
83
-2315
3805
5147
-5595
6762
2522
9391
-149
-7011
-4736
8049
-3878
-5307
-3348
4335
-8567
-6605
1750
-7173
-1757
-7204
5233
-2005
-8297
-3335
8832
695
-7748
-6979
8119
2821
8689
454
-1219
-6008
-5228
-8169
4958
-9053
9085
-6806
-7986
-1419
-6666
-558
3641
-8764
-9246
1032
4682
-4197
-1635
7612
-2238
-5572
1958
-6836
-4547
-8413
3974
6064
-3822
-6996
-465
2350
-5266
7429
-5168
-947
-5321
3551
8650
-3170
2964
-918
1033
-5278
-4970
-7993
2723
724
7211
-6154
4994
1330
5088
-745
-5601
1106
1585
-932
-6964
-3032
-6964
-6910
-270
-9808
1672
-4089
2941
-9346
-2826
-2210
1286
-2997
-6857
9748
2740
-3142
1125
4430
7591
-2757
7323
-5349
-8417
-6481
2896
-575
7642
3829
8093
-8325
9515
-2220
6566
9681
-2608
4816
6602
5998
3644
-7916
-5492
-2301
7226
895
-9968
-8638
8184
5782
264
-185
-6051
3826
-5801
2734
5549
-5108
-8157
-772
6278
4661
5528
-4165
-133
-8085
-9765
-7146
1278
-16
-8349
6725
-2044
-533
-3314
-3614
-7189
-2535
3539
-8985
-5666
682
-3007
5778
8547
-3123
7140
-4870
-2490
-807
3764
4265
4178
-5585
-8800
-2776
-736
9395
-4469
8164
-6867
-2229
-113
2138
-66
2454
176
3567
-6242
3678
-5442
9701
2566
5667
3515
6118
-1324
5968
-8430
9228
-89
-8696
998
-7858
2782
1255
-9883
8201
-6977
4996
4052
2583
8534
869
-343
-6722
1275
180
2741
5112
-3233
-8437
1021
7633
-3515
-5108
3912
9111
5763
-8251
5134
-1064
8319
1657
8493
-3200
2328
-1117
8119
9150
7892
2346
2792
-5153
9376
-8755
-2205
-7416
-736
6995
8812
7859
4424
1436
9942
8807
-5961
-9663
8969
502
4317
-7240
1766
3755
-4145
-1799
4458
-5788
-3387
7644
8072
-4544
-1938
7417
8503
-4910
-1523
-2003
5511
2013
9790
-7234
8020
8987
9085
8319
-2529
-7579
-1890
1669
-8798
9775
2716
5996
-3814
1728
7014
8882
2564
-680
-7256
-4137
6132
1996
1150
-4993
1941
6559
6684
-3892
-1506
-1148
5567
-3744
3031
-8
79
-6167
3045
-8134
-4621
1884
-194
-3764
8445
4277
-492
2731
4595
-3152
-1871
-3578
-5555
-3695
-1047
-6651
7058
6663
-3725
8193
-2499
6219
3324
2570
-6652
2264
2696
-7471
7057
-8355
5471
7334
9934
-502
5169
-5904
7645
-5837
-7303
4380
1856
1225
1867
-4108
-235
7560
-3688
8951
-7690
1061
-6769
8137
5040
-3681
7927
-1708
6798
8495
3499
6889
-3309
-5947
4123
5626
3962
5824
1420
-6820
4561
-9225
4727
8929
2373
-3984
-3299
4503
2197
5084
-7580
-5498
6187
4651
7960
100
2527
-3410
-5775
-1945
1354
9383
-6885
6181
-6562
3942
-9899
2420
-4873
1916
-7969
-1225
-6076
-281
-1287
7052
7983
8036
1443
9165
7960
2555
-1025
8806
3496
-8694
-4201
1681
-2706
9318
7897
6911
-6417
-3908
2681
-7288
-3899
-6587
-4407
-4274
-6107
-9615
-7165
-5460
-9586
-5444
-6973
5305
-8311
-718
-9648
5376
2426
9660
-6920
700
1251
-5188
8166
-9620
-9251
-7868
7836
-3634
-2724
1912
8337
-4612
-3480
-638
-6760
8062
-5765
-7907
9367
-2513
822
-88
-5723
-2974
-7368
-3625
-9740
8679
-5324
-3327
-2227
-7792
-9442
8276
-1234
2723
8498
-4088
-8831
-3194
-8314
-7094
8771
4730
2557
-4565
1873
-7953
9231
6108
4742
8598
-3285
-6038
-7294
8747
-5813
4800
6050
604
6679
8984
5811
-5331
-8652
-8400
438
-5339
-5411
2
3192
-8184
-4718
2547
-3037
3596
4383
-5990
1739
2360
1510
445
6926
-302
8511
-5881
-9512
38
6280
4832
-4048
-1501
9015
2839
-1565
-9514
7014
-7888
8134
2814
8539
3565
-4850
-1566
111
9735
-8288
-8439
-8000
-8842
8806
3856
177
5425
2232
-8442
1596
-9085
-1496
-3072
4381
-5039
257
3991
-7848
-7365
-4075
2658
5853
-818
-3028
5062
-8925
-1677
9233
-6023
489
-5213
-3550
6361
79
3467
-8004
9047
6564
-825
-2432
5804
-3466
3546
5515
-5529
-2757
9987
1026
-6816
-2544
-6309
-1583
8541
-4960
-6975
4669
-8824
3262
-419
-893
9922
7823
4564
8094
8545
-9684
6846
-1775
-5815
7944
-3517
-6000
2852
-3294
-5210
-8958
966
-919
-174
6498
6467
84
-865
-664
-3112
1828
-3322
518
-4743
-6623
-4117
6188
-3238
3859
-9328
6721
1050
7583
5982
1250
-266
8742
-9523
4405
-2646
1353
-7252
9667
-9493
3713
4968
6071
5212
685
5870
-5353
3092
-8394
7377
993
2828
-8686
2792
-6779
-8900
4033
526
-1000
6326
3722
3108
-1182
4995
-8420
-8751
6849
-651
3067
-6093
-3780
-7765
8861
-7232
-3300
-8208
-2981
-6880
8960
-4583
3884
-6223
-8832
7195
994
-3228
8984
9537
-2017
275
4188
1599
7999
9373
4309
-4106
-7687
-8497
7623
-9900
1755
8298
-4601
-5342
-7667
-2648
1074
2234
4239
2838
-7972
-5805
-534
-1071
3650
227
-6551
-4509
9377
7543
-7010
8417
9751
-8356
7612
-6257
-8885
-9175
4005
3413
4990
-729
-5889
2798
-5466
4333
516
8177
5486
-3861
-3200
-4097
-9946
4637
2049
8652
7677
-7930
3975
-9489
8781
3519
-6190
-4901
6015
1193
7669
-9226
7285
-3779
2382
9453
6451
-3752
-5074
8288
1679
9736
-5767
8173
2090
-7497
