6651
-433
-8000
1134
-6251
3787
7743
-8162
-4148
-1626
149
1182
5425
-3564
-472
9609
-9001
7105
4512
-9281
-4378
7902
9246
5125
-9603
-4892
-3873
-654
-2183
-209
1586
5779
1425
6673
-8274
8018
-2839
932
-8184
-2047
4428
8917
-5441
-7710
-2174
1142
6187
4339
8043
-7526
-8565
-2075
6009
-2783
511
5227
-1602
-1564
-7196
5807
2168
6928
846
-551
-7587
-1076
-7465
-532
-5147
3019
-9168
6665
2304
-9936
7259
-2800
5040
-2544
8807
-1996
3739
2532
9397
-5315
-3026
-526
-9228
-2008
-2510
-329
7836
5646
4540
2763
4117
-8246
-7742
7936
-8881
6501
-6184
-8545
326
-5708
5222
-6444
8873
-2723
8248
-5961
-6847
4218
-744
-4137
7744
6429
-2749
5038
5217
8321
-2942
-8758
3013
-8466
-2628
4893
9947
-3828
9441
-5398
-8242
-892
9121
-7923
-7510
6401
6309
2834
-517
6897
-7439
5484
568
5738
-3446
-2044
-5212
-3439
5933
-1328
-1230
1915
31
-3949
-6131
1774
-3419
-6974
-9747
-8941
-9366
-9741
-7380
6231
-9729
-7220
-3727
3450
3338
-9038
2726
6768
-8489
-6279
4633
185
-3836
-1200
9369
-7569
9692
4293
-5462
7306
2468
1145
9822
8169
6389
966
-9807
817
-3092
5154
-6587
-8026
-9795
5058
6455
3444
-6302
1939
6582
-2899
-2180
7644
6348
-2845
-6573
-1251
-4458
-5978
-2209
-5411
-1786
-8453
-1869
2743
-8039
75
-8837
-7950
1660
7679
4033
3301
-3793
2483
9601
3350
-2956
5380
8930
2591
-3073
-5693
-9002
-6740
9447
-3521
-2894
-3853
-7092
-3445
9111
2211
9160
-3890
-3664
2245
-2386
-950
2524
1094
-5720
852
-3110
-8379
-6032
3594
5160
-4876
-4654
-587
-5208
2953
8823
6662
-9250
3481
-5380
3313
3647
-2649
9184
8937
3902
3559
-1863
-1145
-2213
8790
4506
-901
-7783
1400
-3744
-6741
-1132
-1916
-6864
6889
5431
-495
8042
-9666
-9874
-8675
6349
-972
-9447
-2089
8146
-980
9823
-1719
1560
-7003
-3509
1685
-2317
1829
6347
-9329
-7854
-7060
4982
-4829
2429
-1312
3651
4796
-3236
-664
-8091
5591
-4766
-9251
-4438
-4345
1398
-3526
-6461
8418
-7287
8947
4622
382
-9475
4902
-613
-9206
-8322
-1004
-7527
-6657
-9146
-3130
6937
-282
-5411
-4212
1524
-6502
-8281
6559
-4201
8000
4400
7993
6234
3507
3942
5227
1503
-2411
-5179
8103
-9180
-5166
3580
-5642
-8756
-872
8962
-3977
-9360
-6682
-556
-1394
1999
7887
-2487
698
-2731
3755
-4514
-8144
-3296
4293
-4238
1044
4728
5565
-9491
-6207
-194
-3146
3218
1814
6889
-7972
-2711
-9857
2715
-3788
7529
9988
3886
6019
2442
-5503
-4235
-4612
-6463
-1828
7536
8186
-7843
189
-7205
7372
-9208
7426
9774
-2943
-9147
-606
-1984
2782
2816
9641
6137
-1672
-1039
7088
-1578
4151
4837
5372
1774
757
824
7507
5633
-704
8496
-8033
2835
1864
-6259
-421
339
-3728
-2571
6777
1810
5398
-1941
-2710
-1003
8314
-8937
6258
-5353
-9816
8370
-8148
1876
5834
-3383
1372
9376
3752
-956
9016
-3608
-5135
3327
8107
4907
239
-1178
7680
9973
4975
187
-7349
2805
-4053
-539
-6286
580
6041
4369
3672
7796
-1341
-809
-5186
2991
-9783
-6937
2453
-1386
2553
4211
-1734
-6515
-6398
2951
-2963
4585
571
1607
-3506
-3664
-6569
8732
-7769
-2304
-5024
6719
-3136
-5842
-3209
9961
-1923
-7986
1944
977
-3051
-4233
-3203
5009
4675
1710
1717
4267
6129
-2190
-6948
5316
-4129
-6072
-7667
-7937
8692
6010
-7800
-681
4536
8791
513
7203
3455
4430
-1065
5988
-8900
3625
-4595
3164
7078
3783
-9897
2326
-2186
572
1305
4274
4042
-1269
4024
-2695
-3749
-7361
7806
-2438
-6398
-8994
-5961
-530
-8081
-6855
2821
5918
1371
-2302
7474
3064
427
-1306
-6447
-1056
-2529
-8187
-40
-7437
-9585
-613
-5221
-849
5562
1870
5902
7536
7414
5485
-3899
6802
-1043
-6739
6199
-1991
2747
-4720
7417
-5542
3327
5343
9422
-7
-550
-3145
-3498
-6154
6380
6153
-3336
-5317
-9167
6159
-5317
6971
820
-9143
-7199
6321
-1054
-3582
5122
4746
31
9102
-2662
4007
2652
-4288
4717
501
9180
1957
9439
7109
2246
-341
-1570
-6079
-3012
4318
-8265
-4201
-9272
-5622
-9203
3025
-7309
-790
3971
-3334
-5895
1574
1986
1674
3757
7422
-5538
8777
6349
2664
-8122
-3641
444
-5954
-8509
9379
2860
-5566
-5158
2570
-7514
5966
9474
3934
9071
9701
577
-6043
3973
6625
2935
-1254
-6096
9809
6216
-1538
4851
475
-65
4927
-6573
-683
1183
6297
3414
1874
7622
-6657
1455
-6332
9143
-2255
6683
2848
-1308
5402
5809
6113
3936
-7683
-9114
-7367
2152
6266
666
853
-8637
-6254
-3739
2043
6021
-35
7056
-9233
6154
9213
1394
-3520
3626
-3964
-8925
178
330
6105
-4439
-7099
5685
5391
3398
-8665
9040
5976
-5094
5062
43
5424
-1879
1289
4061
-5033
2480
-9087
-7383
8142
-8691
-8549
-4075
6522
6576
-2522
-7660
7018
7328
-1585
-1500
9946
8481
3850
6751
-3959
-2533
3576
-9714
7078
-9844
-1816
-8101
8693
-6625
2032
7499
-390
-7851
-7830
-5510
9092
4315
-7178
-2114
-7014
6577
-3888
-6985
9198
-1775
7610
-3395
1930
-3674
-8216
8417
-1532
-3837
6874
5367
921
-6101
1296
1937
-6005
7064
2684
6663
7018
-1712
7519
9402
-2868
-2497
-1178
8378
-4272
-9637
1783
-2724
1941
1912
-2714
5064
7789
-6561
-984
-6109
-3632
-7701
-8652
6640
-3168
5349
-9949
2880
-6235
-3877
-1663
-4035
-5034
-5947
-7923
-9868
-9995
2020
7158
-7742
1102
-2599
-8898
1990
1623
5927
-7593
2863
3332
771
5823
1264
-5289
-1940
-6211
2241
4901
-7202
-4745
7976
-5039
9031
-8134
-4983
-4968
-8081
6077
8933
3157
8863
-9598
6075
-2618
-4360
-9698
8040
6717
454
4697
-7847
-2309
1770
-4191
-2016
-5685
-8040
2861
-8914
2743
-9265
4697
-4758
8603
4775
-5026
-3239
-5026
1289
8470
2456
-9413
4100
1487
-4769
-2341
5421
-8498
6631
-6585
-385
4868
-8848
-3696
1718
5540
353
-7135
2298
-6179
-3934
6594
7621
2713
-4311
9163
-5609
573
6823
-6314
-8121
6839
-6819
314
3147
433
-6870
2309
8913
-9962
-3841
2634
7321
-8741
-1765
-7570
-2566
3002
-5964
-1195
-3051
4574
-3635
2101
-6095
-4500
-3325
-4559
-982
-8827
631
-7314
-8189
-7523
-9523
3463
-3371
-2200
-9334
2683
-8214
-3581
-7301
-3668
3246
-5612
-5910
-4250
-9100
-7394
5636
-700
5478
-9960
-9073
-3598
-7829
3447
3950
1166
-1985
4637
1412
7173
9289
4360
1242
4524
-3581
-675
5523
9808
1503
-1249
-7248
-3115
7204
8402
-5908
5913
6290
7949
-1590
234
-3695
-9797
-9227
3338
4604
6056
-7204
-7510
-4080
-2628
-1649
2186
7168
-1103
-4025
-9636
5264
-7222
-7738
-6274
6783
3709
-191
6373
-289
-6448
6821
-2513
5534
-5730
-8232
-7389
-5093
-2941
-5930
659
403
-1996
6783
-3981
-6000
-2905
-167
4616
8330
-8691
-369
-1435
-6525
4664
-323
128
-2568
8262
-4949
1897
8293
-813
2017
-9077
-8887
-2719
-9866
-6219
3773
9098
-1188
46
3145
-3825
-369
-7385
-1729
1797
-2049
934
-8595
-28
6360
-2370
5866
4321
-6474
-6617
-7726
9262
-8583
-5149
-5027
-3344
-5858
-4357
9648
-8139
5225
-3209
-1269
4878
7288
4104
-7990
5271
-333
5465
9724
6435
-8594
5693
-9605
4615
8180
4039
-3789
-808
-8196
-8998
4876
-9186
-7152
4605
9622
9449
-8056
7968
6796
-7068
3379
-3286
1773
-19
-6919
3951
8189
2090
-4621
-4353
-8801
-4477
-3219
8407
4205
-2174
7900
2050
-4273
6164
-4961
-7700
2211
-5839
3592
955
6343
-5516
7521
-7990
-2715
1586
-692
-8048
-7345
-8010
-8980
-5300
-5315
1237
-7376
7008
-8202
7372
3161
-6194
-7270
-6503
595
-2930
1950
4709
1592
676
6068
-1432
-5195
1363
5937
-9246
8277
3523
-8214
-2934
-5049
-9546
-5595
3000
-2713
-6359
-495
8446
-6365
2364
5378
4748
8019
-759
4926
5810
-9225
8762
88
6744
5496
-6550
-7333
8670
-9923
-2256
-7952
-9728
2795
-1330
-8428
-964
4818
8932
-4726
-723
1976
6215
-6732
-2
-2898
1877
707
2995
5264
5317
5744
993
-185
7185
-8253
2046
9836
-6159
8476
5309
-9967
-7043
7709
2744
-1594
-1357
-7737
-2321
-3089
1264
-733
3971
-4543
6153
1516
-2825
6024
5345
-529
-9923
8173
-2967
-4643
-2016
-8639
9376
493
-112
7063
7862
-8627
-6671
-8562
-743
7484
-7955
6915
2558
-7714
5188
-4288
-2681
-1315
-5739
-8898
7429
8293
6596
-6246
-9007
3469
1078
9374
-3612
4877
-8488
-73
-9368
-6118
-6259
-6383
1449
-4180
9243
7638
-5374
3309
-9546
9893
-9541
-6774
821
-3268
-7698
-9461
4682
2779
-3781
7052
5349
1260
-1549
1756
589
-4701
-5933
-535
-1472
-5853
6370
-3082
-742
2
-7636
-3938
2191
604
2212
-7405
-3533
9361
-4233
-716
-5037
5317
6853
-5205
-8813
-3332
-6790
842
-8506
-1891
-443
121
9763
-6690
-1358
7132
-5009
-3239
-5766
707
9667
-6895
-3961
5315
-2857
7696
-2423
-4738
3599
7044
-5752
6709
-8761
-1087
3627
3246
-6687
-6858
-3577
-1232
-1603
-7339
-8432
6134
-7446
-317
9143
2485
-1210
762
-1874
-3866
-512
9630
1614
-2844
6922
2223
-9550
3116
-459
-1819
8837
-1657
5547
6878
-9378
1760
-4980
1594
-4335
805
-203
3081
7949
-7007
1528
4199
3869
-5960
-5546
833
-76
2512
-3083
582
-8437
-8640
3934
9987
8613
-7186
1383
1142
-2555
8640
-9764
-6334
-4049
-878
3566
-8989
7300
-9325
8888
9463
-577
-2907
4479
-9172
5492
6895
-3328
-9725
-5860
3256
-9486
8634
1092
-4374
1656
-8995
-5665
-2598
-2312
8968
3902
-8269
-1245
-1868
-448
9734
8212
-7465
-6183
-1091
-6221
3460
-4499
-5825
2420
3032
8126
6735
-8145
-6639
7700
159
3866
1347
-3313
-9064
6886
-9322
-9607
8763
-3264
6499
1865
-2767
3945
-8217
-8685
421
261
5127
-9091
-3455
3135
-4715
-5587
4783
-9258
-549
3696
-506
1468
4964
6386
4377
8686
704
-9957
-8652
3452
7170
2627
1802
-136
6637
-9024
-5592
-9598
-5894
4911
1496
-5933
4246
7374
-1280
4516
-9321
-1437
1434
-6751
-6211
8968
2622
6636
-4406
9282
-3429
8222
-8819
1622
-1485
-8057
-5368
-9010
-2044
-4366
9674
6844
8090
5821
-1887
285
3730
-3098
4909
15
-9894
3321
9110
-7972
7804
-609
-5278
7946
1225
450
-4152
9170
-8105
-2387
-5851
5020
6729
-6722
-4798
9098
-3951
6285
-8938
2517
714
1747
9973
4567
-6560
667
-8074
3863
-8431
5446
7462
4035
3728
2521
-824
2673
-6515
-793
9814
1683
7101
-8329
9409
3527
-8882
417
-7676
3135
-8313
1070
4901
5661
-1858
5793
-5083
6023
-2074
5731
-3999
798
-3449
357
9373
8230
-6187
-6325
-8849
-2653
2785
2012
8261
284
851
1923
6697
742
1069
6349
-8649
-6678
1214
-7114
-4900
8331
-5767
-7661
-700
4325
6445
-6264
-7651
-1197
7021
-4494
6637
3762
-8135
-8384
9338
-3615
-5234
-6467
-8547
7834
812
-3699
-1012
8403
-786
1882
-6260
9622
-6914
-5522
-3762
-2732
-71
-4087
-9414
-2900
2681
-3016
-5333
8771
-3369
-9309
9499
5783
-4612
2793
-18
4979
9833
7378
3230
-1916
3087
-2944
-2194
6435
-9813
10
4848
-4987
7680
-2736
5095
-1098
3746
7930
-1485
7647
3145
4335
5009
7888
-3359
1946
-9796
3317
-5709
-4894
2010
-4042
5373
6945
-2483
343
-5073
-7251
4629
-6414
9726
-3012
3376
-3282
1929
6759
-961
-2480
2652
-6866
-6409
-7870
-5928
4080
3322
7911
115
9907
-705
2748
2527
5127
4239
1760
-3870
-4657
9491
-8024
-8790
-95
-5018
-115
-3335
1194
3703
6033
9303
-791
1587
-7078
-3463
-3108
-5248
-2534
-9827
-1089
-8353
-8863
7636
963
3746
-2912
8476
-8864
4946
-1744
6780
-9899
-283
-7718
-9814
9627
2089
-6651
-3506
2897
5627
-5708
8819
4087
7943
-382
-4806
-5198
-159
6553
-3209
2278
-1570
4735
3098
8494
6133
-1271
-2577
-8364
2467
4974
1821
904
-3353
5769
6385
1109
3098
-3143
1318
-6686
6186
-3833
9679
-905
-292
-8391
-8375
4406
3320
108
-9230
6081
3835
9661
-2993
6322
-9902
-1172
-4103
-9381
-7245
788
-7637
1134
-9357
-2895
-2037
6957
-4080
2749
-7385
-3717
-5095
-106
2483
-9418
7764
6384
4762
2557
6815
1901
9838
8639
-3547
1776
7909
2239
-7016
1005
8032
65
2561
-4177
-3417
4315
6815
-8621
5727
2086
6059
1275
-6134
5025
-8596
-5998
-8417
2254
-6752
-1727
-3740
4052
-6589
-5501
-8549
-5938
6843
164
5430
6354
3238
-8345
1574
9112
4919
-2215
1303
-589
-961
-275
-7409
-577
-2470
1256
-1033
8413
1585
2396
-5261
-2501
-720
-4430
5440
-449
-9947
239
7072
1413
-9158
4784
1138
3677
-9972
-5406
7473
2586
-7103
-929
-5087
-8043
-7670
-175
-4607
2768
-3910
5060
-1293
4874
-2390
49
6516
-9821
-9316
-1042
6356
3982
808
4584
7396
-1927
-3823
3505
8388
-7796
-9124
-8144
8918
-8072
-3313
4587
-7249
958
-8750
1369
-6202
1258
4859
-3965
-1414
1712
4270
-9030
6215
-902
6613
-5483
9422
9320
-1626
1594
-8775
-3806
8747
-7300
-9083
-9794
6318
-1279
-855
9273
1330
7277
6876
-3082
-8436
9840
3619
3986
8784
5318
4658
-9803
4270
854
5257
8301
5375
60
-7425
981
-5056
5726
2215
3003
5947
-19
-7884
3617
8338
-4452
-8899
3885
-5185
2319
-1310
-9067
-6913
-8264
-6658
-5604
-393
2269
-1670
8081
-2164
9174
5773
7707
-7215
-5565
7243
7066
-6316
2442
5400
8807
-2614
-4319
-3757
8398
-4293
4313
7140
7496
4174
-8469
7932
5190
4477
5447
7384
8419
-6290
874
2480
-8655
2420
-6926
-1000
-6321
-498
-4775
1827
-8525
-9392
-7998
-4540
-8329
5190
-3013
5916
6700
-2263
-79
3743
-4387
8470
5835
-1799
3100
-1236
-619
-2616
-7032
-31
1711
-799
7884
-8818
9312
1261
7904
2796
2709
-3413
-7789
6569
-211
9471
662
-5802
7365
-7021
-8574
-1932
-7401
-1262
-5438
149
-5378
-7015
-263
-6926
-7878
-8285
1845
3970
-9702
1846
-4153
6770
-4622
-1860
-6685
3794
-5457
3262
6734
3098
-712
6143
8196
-1940
-2098
-6190
-492
-7442
6078
-2638
-5070
3480
6909
2406
-2099
-5083
5931
-6950
2533
9711
227
-7702
-2154
-3239
3063
6709
1179
7669
5279
2480
3736
9961
5394
-463
3871
126
-6681
3822
-3640
398
4639
-6410
-5854
-9360
-8634
5499
4828
5810
-6094
-1022
5864
-3194
1
-8704
3731
6728
5943
8700
-4857
-4935
7242
-8992
-8761
6202
-9726
3538
7262
-3586
6074
-9694
7634
-2831
9383
-2169
6471
4463
8929
8190
5036
-7077
-6549
3774
1648
1477
1869
-313
-1516
7227
-1837
-5007
-8728
3365
5187
6201
-9381
-5081
578
5882
2413
-1450
-2042
-456
-980
-6359
-4439
-5724
-9623
9266
780
9413
-5031
-3793
-6528
4033
6545
-7148
8072
4904
-9864
-5882
-2254
2142
-5598
-9466
8891
999
7252
-6962
-7110
-6690
1374
-3423
1747
-7823
-7600
-794
-4652
-3001
2389
-2509
3718
5484
7273
-4853
-4009
7710
-6394
6553
-533
-6574
1078
-8813
-8288
-667
-1302
-3751
-8963
7519
4644
-8953
-4253
7242
-5490
6317
1940
-251
-2017
-8159
-559
5722
-4472
-7334
5387
-3231
-471
5020
-7366
2807
-3118
-1254
4165
924
-8061
7962
5638
-2313
-8436
-6742
-8647
1167
-7618
45
90
4284
375
-1928
-4732
4420
-1975
7065
-731
8861
9627
7399
336
7026
4307
-2049
6803
1296
8949
-8031
-9466
-6449
-8231
-4950
-1555
1024
9469
-5115
4782
9691
5432
-590
-1077
9630
8762
8420
-6863
-4161
-6267
-7007
9110
7196
4679
6927
7419
191
553
-7986
5636
-173
-3368
-7544
-9241
-1182
-6500
3871
-1035
-2407
-2416
9379
-2942
7890
9987
-6356
318
-5651
-9129
-469
3103
-5255
-3522
5957
-1131
-8909
8992
-2899
4153
-2233
336
-2848
-2080
2093
5770
3755
-2815
2856
900
5977
-4749
6669
4852
-2725
8989
2658
-1361
9794
-4847
-1867
-3083
-7540
-8519
-5716
-4840
-5103
1386
-1298
3822
-2036
-6537
9122
-7522
1887
8780
1249
-6579
8993
-6826
-6779
6981
3267
3606
-9947
-1035
-3643
2179
-4944
3299
30
-8279
4247
5370
5820
-5362
-6853
2537
5159
5393
-3910
7619
5495
-3395
-9242
2697
-7498
-6458
-9915
3371
-2309
2837
3834
9006
-9330
-3456
-317
3110
-9221
3336
-7843
5576
-3743
5909
-379
-2613
-2190
-8727
7423
-5964
-2580
-2196
98
3307
-7410
2789
-7836
420
-1727
-369
-9005
-5860
9236
69
3965
-8157
4209
8724
2947
141
4504
-4061
9298
-7320
-8247
367
2583
8123
-8457
7086
-2271
-1077
-2737
2571
-4133
-6656
-8357
8239
-2692
-5234
-7053
-3766
-7532
-144
5270
-7105
2544
-4154
4343
-473
-5594
-3221
-6376
3966
3069
-6288
390
-8089
6959
-3243
7275
-4003
6411
6954
4540
6459
-2909
-3995
-4889
-2154
-6484
-7398
-8344
-3037
-2976
-5647
4025
-9960
-5644
-4972
4657
6032
-1000
2802
6514
8960
-6457
395
-3448
5414
-8737
4278
2294
2817
4661
7173
-9429
255
-2786
-9370
-1863
-4928
1745
2089
-4691
9867
6816
-4216
-1209
6685
7450
8387
5219
-5963
3999
-4109
-7207
9260
-1833
-289
3516
-3929
-1848
983
-1803
3562
-4194
4501
-2197
4937
-4691
3127
5267
-4573
-6109
3144
2767
-2941
7439
681
-6406
-7181
-2804
-5654
7036
3413
6103
6200
5492
175
-647
7372
-2291
987
9712
3759
-2726
-3376
9442
-7680
-1627
7283
4351
6871
1381
-3467
-9925
-4671
2163
1085
-3588
-7883
3254
-9556
2170
-903
2544
3026
-2008
-2612
2439
-4883
-7337
6993
9390
6605
2180
3669
839
-5171
-2745
9702
6831
-4476
-4212
-1174
-1391
-4661
1099
-9729
9961
2080
5835
6476
8894
-6765
-7933
6918
3306
7647
-629
-4919
2537
2723
-9369
-5593
7136
-7359
4232
405
-8865
8033
-7562
7123
-4254
-7872
5493
-6986
7152
9487
4442
-4133
909
3866
-219
3675
8131
-7110
499
-4535
-9728
1895
-2662
8439
-2532
7696
4658
3721
-5172
-2393
-8914
-7318
-8999
6904
-5843
-3036
-3838
1209
-7781
1552
-2083
-3670
-9458
-1160
-6877
7040
-1840
5661
6615
6998
-9770
-6515
4995
7495
-7759
4213
877
-4633
-6084
-9908
5615
-9811
-3385
-1250
-4499
-8273
9868
6025
1372
6139
-6588
-3033
-9725
3116
1939
-7903
-2455
4650
-4057
-4244
-4229
-4900
-1720
2173
3145
-6509
-5834
-5574
-8961
-167
4528
-5962
-3220
-6174
-3045
7497
-5451
-6504
-8121
217
2167
-3570
3322
-1979
8612
5553
-8117
-3191
4535
-6451
2926
9621
8617
1564
7629
-5749
901
5148
-698
9367
3636
-9505
-9483
-1545
797
-3436
4364
1391
-3097
-2565
-3404
-279
5935
-5476
8822
-536
-5160
-1282
-4888
-9969
3246
9847
2253
-2611
3548
-255
2204
6896
3049
1927
9140
-6904
-3441
7912
8806
5191
-1520
3040
-2297
-5093
-4022
5012
1631
-1422
2437
9037
2813
-1988
-3651
5463
-5742
-5995
8014
-5401
-1949
2272
2919
-7930
-461
-2297
8019
5588
9409
-2595
-6656
2568
9033
-6341
3112
-9837
-6829
-5301
6929
3860
-2477
-6161
-2051
-151
-9996
-6908
8879
1571
5951
-230
-6403
951
-2061
9490
2932
-1970
-9695
7676
-6987
999
7926
-4225
-7726
-6588
265
-7346
-6509
2965
-9479
-7041
7706
-8576
-8047
-538
2692
4334
-6120
3094
6459
4429
-4291
-5031
5989
-9351
-5918
-3804
7486
-7736
7902
-4132
-2612
1489
5164
64
-1912
-7951
4142
-8410
-94
936
5578
3444
-5331
-6636
-7267
-8883
1004
-7975
-7102
1137
-6032
365
-5742
6381
7840
-934
-9577
-7361
1340
-124
7504
1435
9016
-3313
-1823
-9149
-4172
-5700
-1468
3702
5628
6099
-4011
-6800
-6943
-1484
9318
3394
2051
-7668
6747
574
-7916
9640
1304
263
-145
8884
9067
9484
-7016
8199
-4236
-5756
-6671
-7267
-2353
-3775
4601
-2825
6801
6685
7331
9318
6713
-2251
1938
-9090
-4946
-5963
3165
2405
6006
-9544
-9949
-7725
-6000
381
4721
-6342
7693
4986
-4750
2832
-3774
7012
2769
1443
8943
-9054
4049
-9979
-4732
-3198
-2762
-5592
-1102
-6730
-5737
6556
9222
504
-6341
-5901
-294
-2067
7391
5815
-7272
-6953
4606
-6884
-1642
-4034
-5367
-5031
6944
-1
2526
3969
1198
4561
7020
-9847
1703
-1079
-2793
5393
7376
6429
-973
3566
-9450
-9469
-5953
-7663
944
-7859
4226
2967
3373
1914
51
-3281
-5690
-9039
7226
-3290
2177
-2115
-7157
1381
3350
5856
5109
-417
133
5558
1000
-8174
-2797
-8354
6174
-2349
-4561
-4001
-1757
2099
-3245
5610
-7161
9013
4337
-1800
7812
2749
1349
8878
-7741
6520
-6682
-7440
-4960
6266
-3002
-878
7287
-8333
4795
-8176
-724
-8623
7163
-1858
-7886
-5633
-9445
-3461
6136
6145
-6215
4629
2281
-564
9160
-8573
9380
-8067
-984
-2183
8326
-3524
2150
-85
1093
-2204
2194
1704
5548
5367
-5060
7106
-9718
-8424
3745
9460
-5366
9743
-6949
7367
5124
4489
6246
-3271
5396
7780
3005
7514
2082
8007
6315
8629
-8458
6070
-4489
5277
-1470
4635
-4432
-2647
-4836
-8809
7412
-4527
-4068
3090
-4602
-2299
5630
-8449
-4622
2511
4863
8846
-2095
5852
-6269
-3841
8871
-9876
-5861
-1020
5840
4259
-3581
4840
7836
229
1543
-9630
-4526
2249
-7361
-1006
7193
-2646
5800
-7153
2642
-8747
3717
-969
-8236
-4236
-9884
-5857
1568
-9538
-6987
1144
-7767
7636
-372
3204
-2512
-8429
-6128
-56
7527
4353
-7691
6765
3525
-9965
4564
8707
6027
1212
3105
-5399
-9923
-8588
1968
-387
-4280
-167
9188
9871
-8392
-6312
-2882
-2824
447
722
1062
3042
8893
487
5865
-1757
-6846
-1853
1575
-3090
-611
-6344
-1252
-1827
889
1655
3841
1156
6003
-3418
-9613
2731
-8167
-9430
-7703
1780
3281
9232
1728
6411
-3899
1130
-1150
-8384
4912
5611
-1286
-2692
-9510
6471
9268
-3130
2088
8868
-6388
655
4465
-8640
3601
-2734
8127
-969
351
-9468
-3492
-5963
-6749
345
-8824
2390
-9182
4039
248
9268
-4164
4252
-2391
9680
-7207
-9468
3791
3666
1355
3499
6008
6339
7497
-6469
-4699
-7047
3618
7931
-7772
-8650
5079
-8565
5692
-3368
-9928
5023
-3405
1801
-6522
-2804
9474
6697
-6653
-7470
3394
-9113
-8111
-9186
1504
-8495
-4898
272
-2579
-6781
-1164
2978
-2734
6523
6086
-2665
-2742
-5580
-2895
934
-6920
-1392
1008
-3554
8282
915
-3297
-1247
7108
-9666
-1091
762
-1527
5200
-8254
-7766
-2273
-781
231
-8060
638
7456
-202
-2810
-4301
6641
7828
-1934
-931
-4348
-7202
4597
3548
-1768
6117
9182
-367
7424
3954
1503
-19
9984
603
4249
6701
-899
-4244
-8574
3638
5988
2110
4180
-142
-5690
-3596
-4533
-4023
-5513
-2185
-1774
-141
-771
1850
-2456
-2562
1134
-8006
-2704
6791
-5560
-2323
9460
4287
-1926
-1058
9802
-2553
-7782
-6819
-430
5724
1695
-8393
1784
9148
-5936
3628
-1695
9041
611
2356
-1839
8878
3508
8237
-1641
8494
1625
5085
7632
6582
-2449
5139
8903
-8999
4309
-176
-197
-3834
3260
1731
-7264
-7063
-4073
1431
3037
3708
2654
-2758
-3769
-3284
9411
1630
-7557
-5278
5684
-7657
4960
-8086
-9409
-6878
-2755
9196
-2872
-2797
1532
9236
5032
-9916
-5422
3969
3407
-319
7646
-3731
-1077
5234
-9516
2233
-5281
3272
-477
-3085
7747
-1877
988
8702
-2833
-9131
9337
-8965
-7624
-4604
-3797
4051
-6165
9303
6901
-8362
543
31
-2886
-2665
5179
-9529
-6171
4125
2902
-428
6332
-610
1205
8689
6916
-2892
4377
-9632
6302
-6300
-3422
-6860
1631
-4453
3613
-1974
-8657
-7241
-4539
6856
-3859
-4188
-649
7301
-396
-8223
7060
6549
-7642
-8310
-6794
-6526
-9997
153
396
-7499
8733
-9050
7151
9070
-5103
3116
4080
-6816
4470
5344
-7514
8993
-7364
7876
1340
1867
1546
2487
-3443
6778
-1552
-5061
-3957
3081
-3430
-8949
4607
-9063
-1513
4202
-3131
-1034
-4710
-7339
-3822
-9658
7911
4103
732
-3688
4501
3315
2820
-9646
-7022
-2809
4919
-6779
3114
2319
-12
9212
-3394
9760
2109
2512
4861
-1030
7527
-5904
-7678
-9627
-23
2909
1553
-5274
-673
-6859
-148
6491
-1736
-8323
6257
-5535
2900
4504
-5752
-594
79
869
-4436
7240
900
2279
-1607
-6369
-2989
6047
-7802
1653
2933
3654
6984
-9203
-4004
-2422
7086
9137
6929
-3985
-7436
-3413
-5421
5649
-5676
-4574
6365
9843
-3987
7114
4369
-328
-9702
6211
8696
-1893
6784
4780
1565
-5653
7941
8334
7776
-3183
-4700
-3463
-3862
-9339
1909
-2506
-9586
-9252
4925
-3030
9688
3079
-8684
-1048
-6198
-9683
7266
3752
3365
7090
-6555
9240
3044
-9976
-7870
427
4674
-3631
-8200
5980
-8173
2420
4965
-1751
5572
8403
4587
-8419
9370
-4379
3707
7083
-8774
-5390
-4021
-7480
-899
-2917
5894
425
4055
-882
2120
8239
-5724
-5703
-8496
-8475
-6286
-1690
248
2180
-2478
-6790
498
7245
7293
7682
-1509
2893
3261
-8186
-9173
4674
-3230
9849
3652
-4663
206
-2638
4228
-5177
-7472
6425
-2994
-4003
-5466
9789
-9050
7870
-6784
6481
9998
527
5191
-7963
-4285
-5758
-4800
2440
-5238
338
1410
2926
-8160
-3195
-3320
-2684
3891
2273
-1101
3417
-2590
-4044
-2207
5530
-8260
1929
-7540
931
8823
5453
-9935
7262
3723
-1306
6669
-9301
1708
-3254
5950
4570
5233
-9096
7603
-2917
1615
5308
5026
-2489
8961
8666
-6685
1972
-9001
4798
7319
-5767
9373
4269
1768
-3620
-2920
-3746
3288
-2513
-5557
-5086
-2644
352
-5065
-9033
-4915
9321
-5036
904
2132
946
9029
1866
-2076
-6758
-2082
-5531
-1541
12
-6224
520
6505
5446
3410
5912
565
-4884
-1778
-8142
-5456
-1904
-8133
4142
6859
9789
4726
4922
3934
-4287
-1325
-3970
7408
-7259
768
-322
5612
-9632
-5965
-3772
48
-6650
5465
-3110
-2050
-3958
-9050
8229
-3224
2381
1433
-2494
1268
-8075
-4847
4985
-5381
396
-5617
7300
-2442
8880
-5880
8933
-5550
-5283
-7901
-9210
-1411
-3831
1335
4003
6332
6158
7086
9772
-2298
4238
2581
-9419
-4807
166
3580
-4829
-4010
68
-288
-4063
-7274
-4599
-2528
-4387
5060
9447
-6762
9231
-5421
3894
5144
-7078
-3716
-2687
4433
4234
-5019
8340
-79
7456
6932
-917
1524
-9490
6220
6693
-7700
-5019
-3487
-3326
-4392
-9467
-6638
-900
-5312
6090
5799
-7679
-4866
-9525
7165
5205
-5637
-6121
8622
2162
6407
1403
-705
4817
1928
7997
8217
-2749
2339
9260
6930
-404
-9409
6357
-6961
5520
9190
-7956
-7105
9116
475
8147
-6331
7344
8109
8898
3697
9238
-5350
-8773
7058
-7914
8194
-4898
9677
-6098
1100
-6455
4060
4027
581
53
-3600
-4877
-7844
-2951
308
-6150
5760
1865
-3001
-278
2620
-2297
-970
5559
844
-6060
7356
9489
-9631
-291
-480
-6375
2246
-945
6255
-1858
5956
5760
-6202
2085
-9096
-121
-6501
8136
-14
-8328
-6482
1724
-5332
-1569
-9005
-1266
-3910
-9333
-1681
6754
-3528
2978
3880
9908
4293
-9283
4128
-5332
7233
-3598
7090
-2841
291
-1358
-4046
-1152
9733
-9231
6019
2403
903
6528
1473
-8257
-1807
-8370
-6983
-127
4722
-7080
-9520
-3588
-6034
-8576
-5550
-2787
-8791
-7260
2416
-5544
-3082
1062
264
2675
-8106
-6676
-1256
726
-6574
-3665
3067
4970
5094
-2155
9037
-3107
-548
-7722
528
6315
-8812
-7275
-8995
-8716
-3775
-6136
-5121
-9253
-6121
-7448
-8701
-7644
5217
3628
-4085
-8012
7357
2621
-6125
-8256
9228
-987
-2794
5582
4092
-7462
-3714
7833
-8376
3721
2656
-4233
7409
-5920
5244
1127
-2082
1957
608
-9706
4486
8034
1584
5333
-9379
5179
-8682
624
-9656
6582
-2666
222
1124
1724
-7602
7900
1524
-2192
-3055
-6069
1885
-6442
1832
3832
-1397
-4980
3774
-4777
-4274
-3036
3179
2287
-8545
6095
-2358
9947
8311
-545
6106
-5535
6197
6698
6153
8311
-4091
-7140
-6604
-6814
-761
3245
-4579
-2795
8323
-7352
3087
-510
8338
7029
-237
3426
-4035
-2523
-4885
1405
9404
4347
-1540
4742
9267
3888
8974
5800
-828
-1043
-3551
-7668
-1948
2048
7098
-3333
5097
6762
-4103
3733
4220
9681
-5668
-87
-394
-1384
-2494
8224
-2913
2651
-5843
8992
-1574
6842
3680
8943
-3016
-4527
434
-9359
-251
4633
-8969
-7245
9949
8670
-6145
-8064
8117
-9598
-8449
4742
-897
-7697
-9924
-442
5746
-7056
3762
-98
-7250
-9498
1418
7827
3264
-9863
-4185
-207
6494
-2535
4554
-4976
8228
-7870
8968
-9152
7202
-5752
1533
5846
4094
5441
-848
-3680
1142
-4689
-100
-4234
6297
-8575
-2194
9412
3610
1590
-5511
-1415
6374
1216
-1143
817
7663
6772
5866
-9296
-8982
1699
-2870
-4321
3767
-8743
3184
7077
-4779
-8134
5993
7515
2553
7076
7340
-8399
-7975
-8581
8267
-68
-4804
-9865
-4729
5080
-6479
-6506
8731
3527
4226
6234
8920
-1238
-6392
6835
-5166
-9139
-557
482
-8107
-2390
7003
3850
7696
-6048
2051
-1056
-6687
-7182
-833
-8420
8608
-362
3165
4896
-8069
-4808
6966
2207
7231
-7984
-9362
-5247
-1728
1297
-4358
-6234
4849
6271
4707
8603
-2156
6204
-1774
3917
1781
2494
4988
7644
-4423
-4835
1968
-7968
-3362
-5154
-1481
1096
8072
-7675
4725
-1210
-8031
-7380
-984
4676
-2680
3534
9212
5505
-2405
-5928
7522
1186
8462
2196
-7344
-2226
1356
-7953
-8968
-4244
7156
-5358
-6944
1485
5647
7729
-8405
7195
6533
-2472
6749
-6885
889
-1821
4171
-9141
6016
-6543
-9756
8817
-4058
-6379
-8667
4019
6453
-4865
-4309
5673
-2187
-2804
511
5090
3072
-9003
-8980
4889
8026
1539
-9637
9497
6268
-9820
3633
3708
-2481
5574
8730
1128
-7045
7921
-9234
9818
7823
3112
1077
-6445
-4018
4558
3875
-9088
6027
-3695
-655
5505
-8792
6411
886
-9278
-6404
-5291
3190
-6006
-4989
6028
2880
9782
-3290
-3363
-8581
7204
-1599
5228
1260
6237
-7687
-9985
3942
-4250
-586
3235
6631
-3778
-2971
-2224
2033
-8125
-3092
-4184
-8873
-1885
9212
6442
-5973
3829
3863
-8952
8893
-4804
-684
-6820
274
-322
4644
-7294
-7801
3546
-4459
-1506
-625
-7827
224
2747
8908
-9086
3901
1001
-4239
5846
368
-8177
7626
5632
867
-3190
-6192
1511
-2188
689
9620
-6057
1567
-1844
4784
-8227
-7926
1605
1782
-6533
5822
-883
-574
4978
6496
-2031
-9810
-6884
-519
4506
-2514
-3333
309
-3123
178
-1011
-5829
8600
-9386
-2912
-874
7943
-1297
-4899
-2843
931
3180
-9598
4995
-9872
1404
-4732
-8506
-3636
-6057
2303
-2769
6400
-211
9703
3753
-3723
2112
6985
703
1642
7285
5343
6139
4859
6800
7013
305
-1304
-6412
-8451
-7050
-8148
-8059
9064
1905
-10000
2508
-7171
3392
-1790
2778
1843
458
7090
-1774
-902
-8153
-880
7738
-581
4830
7777
-4464
-2917
-7658
5659
3591
2207
-8720
363
-9563
3511
-8271
8800
1131
-6597
-1960
-670
-3138
-4992
5213
-1930
9964
-3903
5386
4489
-4175
-8616
6230
-704
-3716
1069
577
-5642
4124
-7317
4868
4516
-8867
-1310
-5167
2715
-7216
7445
-3974
-6105
-8982
-4716
1690
-6578
-5396
-3469
-6782
-2287
7457
-8222
442
1022
-2069
3042
-6626
4497
-392
4669
903
-7729
1986
-784
-298
4158
-7596
7372
-1171
-2824
-3026
-6108
1049
-2591
2957
-3710
2283
1629
-18
-9329
-9146
3191
1257
9830
3961
-8156
-1473
-3331
7454
517
-2711
-1381
7202
1594
-6421
-4141
-2050
-3136
-5312
-5754
7201
7624
488
-2132
757
-5339
2606
8371
8861
-248
-9465
-1584
6188
-7516
3216
1641
-9374
-5434
4818
1041
-8914
-2812
-8829
33
1145
-4420
-5701
9321
-8074
-4917
7610
4516
-2077
-7562
9717
-4281
8004
4634
-2546
-409
-45
-4050
-2041
-8632
-51
4054
530
8628
-4537
-8527
-4885
-5320
1831
-4252
-9103
-1135
-1804
9917
1449
-1502
-2948
-3221
-5121
-6307
-7609
-3663
-5641
2808
-2750
-9043
5098
250
4772
-8510
8673
6656
-4823
-488
6526
7769
-7461
-9731
6759
2463
2179
1106
-2006
-3580
-6222
-538
-6924
6348
1721
-6682
120
-7238
5080
8830
-7876
2037
-4243
3946
7929
-729
-1873
6217
-9089
-7014
-2087
4972
-8671
6250
-7201
7971
725
-3374
6335
4246
2407
-4195
3882
291
-8046
-8649
-9792
-4321
9661
4292
-2193
2154
-4747
4004
2804
6214
-9113
-5362
7174
2912
19
-7899
-6429
-3750
-4904
3092
-2543
9646
3118
-3085
5379
-1812
6847
-4102
-5856
-3600
6585
6281
5619
-718
-137
-8771
-2307
2518
-5633
8813
7392
-713
3631
1916
1756
-801
-1141
-1735
-1846
5703
-668
-240
9447
-4950
39
-7778
7229
7450
7746
3702
-9022
6686
9716
2303
2118
4822
9029
9707
-2979
-7977
7864
335
-6378
-3889
-1691
1433
3979
-8675
771
-8190
9461
-7078
4893
-5014
-751
1409
-6997
-6220
-7738
-6445
6853
-798
-5856
3469
72
-81
8482
3701
2991
-560
-7541
4237
9809
-7891
6641
-8406
-8795
-235
-298
-9275
-9116
-3338
953
-1804
-7656
3670
-3749
-3244
-7429
5090
-9872
7921
2539
6095
698
4736
7512
-3536
-5437
-4663
-6941
8172
-3517
-3183
9140
5351
-6359
-6769
8913
4161
-1195
-2924
-3675
319
8028
1898
-7732
-4584
8408
5696
-7404
1343
-335
1057
-8339
-5911
4667
2646
-5781
3291
-8406
-3996
4618
6558
5453
-8275
-129
-5544
-7676
7612
-2311
9163
7949
-6835
5999
-5535
3259
-5199
5002
5459
-8590
-1015
5225
5375
-8640
-3533
7677
-182
-6906
-9957
-299
6584
-853
-5796
3700
-1404
4434
2087
4170
-3102
2978
-1470
-6852
5449
-374
5686
9208
299
-2560
-2710
-5406
-3382
409
-3544
30
2130
849
8319
-6512
5162
-7726
-811
-2879
-4766
9041
5034
4439
-5144
-7195
-5107
-1270
-5713
3565
4180
1323
-4809
-860
-1141
1790
5898
9096
5048
-8220
6227
9872
-8329
-7385
-1779
-1113
868
9387
-5997
5087
4851
-4205
3400
5370
-9261
4213
-9381
3130
-6743
6978
-52
3823
2012
8141
7442
1115
-6983
132
-8170
-2229
-2075
-8807
4540
1349
-4845
-1225
-881
2311
-6199
-3407
-1874
8302
-7675
874
1452
-6598
-1846
996
-8687
-272
-3402
1682
-5735
-7043
-8973
6640
-1566
1505
-4897
3396
-6911
-3881
-2979
6517
5564
9409
-2537
-7470
2197
-2945
-8809
-5140
-917
-8071
1292
-4956
-1570
-6922
4696
6356
-716
-3359
-7847
-5773
1454
-5848
7008
-982
5558
-2199
2594
-5549
-2101
1986
602
-6083
5482
9017
1501
651
1355
-6749
-1143
981
-8154
-2332
4841
-1742
-9607
-2103
-6826
4309
948
-4553
-705
-1166
3808
1567
9970
-4394
3225
3649
2921
561
841
-829
4113
9168
-175
-9025
1803
-7562
6459
5204
6162
-7517
-3950
-130
-6305
-66
2352
-5340
5106
-4849
9791
-3639
-8336
2026
-7630
-2662
1303
-9111
5183
-7967
6820
-8476
-4329
-2405
7840
-3105
2670
-4868
3770
-4078
-5258
7997
5064
-938
-9686
1239
3077
-2227
3904
3997
179
6754
5940
2998
-7687
-9385
-3671
-3630
-3852
8243
4263
2320
3755
-2061
8131
6409
-8359
9979
748
1732
9034
-7201
-8334
-5801
-3656
-4337
-2869
8192
1532
358
-4119
-8186
3430
-805
-2889
5971
-4906
-924
-3236
3085
-2425
350
4821
-222
-4225
-8020
-7944
-236
9699
1068
945
-994
-3724
-5350
8070
1169
-190
4578
6743
5135
-9850
-9287
-5386
1916
1241
-2360
-4197
784
-7877
-244
5404
2881
-2475
-2772
-7123
-5836
-3525
-9157
-3424
4908
-8001
-7372
-5493
5421
6814
-5577
4155
-4798
-2102
-4846
-3029
-727
-6401
2518
370
2786
6478
6140
-5127
-553
-1595
-5452
2485
3274
9290
-3397
6819
-4673
-4580
-1276
-5971
-474
-6187
-4390
8177
-9776
-8020
-545
2465
-742
-3049
-2637
-4055
-5945
960
-8664
6163
-9431
6204
-5556
-7104
2463
-3346
-7479
-9241
1451
-5592
-4561
6716
-3748
-9577
3012
-3333
-5233
-5768
-2896
-4761
6235
-8984
-8192
-8877
-5320
-8766
-1587
-1003
4582
989
-5815
3945
4651
-7505
1034
-4046
-8137
-8511
2855
5217
-9093
-4092
-6804
-3245
6648
-3129
566
-4271
4898
3710
-8066
3063
4022
-3916
-3776
-2792
-539
7638
-4616
-5726
1657
-4914
-9473
-341
7085
1062
-8616
-5179
-8499
-4646
3766
-9318
9743
-4603
5391
-7954
-6601
-4130
-1553
-5575
6196
-1346
5732
1882
8349
3476
5414
670
1919
2928
5296
9220
6734
8038
8204
-5484
-8750
-2342
4060
6678
-4919
4641
-7359
8281
6927
286
-2564
-2760
-3286
1736
-3655
9487
-9213
-1553
-6007
2367
-5175
-7760
-6266
-4045
6572
-7115
785
-2959
3794
-6243
-1545
-3812
-3742
-8440
-6471
3247
9062
-8870
2784
-9245
-9409
-1693
8023
-2812
2489
-6779
5266
1000
-1914
-3603
2166
1747
5579
-6038
-3155
-2079
-668
7421
-8329
-152
-903
-1229
-5383
-260
4813
-4036
-3146
-8099
1267
1414
-5522
6156
282
-8334
-511
-2184
-6167
8329
6267
2339
-93
-5018
-4199
7236
6796
-5540
-8
3804
3546
-4290
-4049
4674
2637
-4174
-9553
7907
-8688
-3796
507
1252
-1601
4618
-6731
-693
6136
-2985
5597
5695
5540
-7788
-3461
-4512
5396
-4908
-7985
4062
-3934
416
-2116
-2971
-6930
-5567
-9904
-8456
-4090
4329
-4619
-9634
712
8490
-2835
-2989
-4748
14
-2264
-9742
-8727
8117
-4901
554
-6787
4213
5455
-6291
-7984
-1039
6952
3487
7964
-3753
-1839
3150
-4840
-3223
-7707
6086
2822
-5933
9720
4571
5019
-5373
-7829
1926
-7941
-7010
8693
-2136
-207
7379
-8352
-1823
8171
4961
2844
-4972
-7367
1382
7420
1532
-849
-7526
7263
-804
8664
8480
131
670
8716
5470
992
-1035
-2441
-6212
5772
4679
-2941
-9779
-2301
6670
-5806
1041
2886
1684
3016
-151
7075
-4647
7700
-6053
-5185
8471
-132
1595
7523
-2821
-3593
-727
-3989
-9491
-6993
-2619
4948
5686
128
-2119
7325
8934
-3525
2241
1587
-4605
-3326
-9730
3981
-5282
-1371
4790
5306
7430
-4413
3733
-4369
4539
1400
-226
3846
455
9312
-7643
-715
2727
-8868
-8804
-4129
-6531
-8834
-8565
-5744
-7944
2208
7311
1486
7682
-9005
4571
3181
3994
8846
3489
-9436
742
3663
7382
-8781
2781
7016
-2028
474
-3154
-6798
1274
-2340
-4533
3705
-4596
8170
3606
7733
1253
415
-6507
8817
-2222
-5423
8639
8713
-7835
-93
-4072
-4524
5984
-6572
-5983
9818
-2743
-1338
1459
6850
4348
-6168
7837
-7929
4894
-1044
-2587
9263
4138
-9365
1520
8790
3661
1353
-2659
-2022
-6362
-4969
3796
5952
-5513
6453
2822
3881
-5239
5595
-7991
2899
-5247
3956
1742
-8830
197
8800
3757
-301
9391
-5180
-6781
4761
-6006
145
963
6183
9486
-5380
9632
-7317
-5516
1379
1395
-4612
-7767
1096
-1943
7098
-1187
4183
4590
-2448
-9359
-2092
6239
-5872
8670
-2759
2382
-6429
7370
2873
710
-9570
-8695
965
-4302
-1228
-7437
-4217
7326
-1558
-8823
5013
2112
-472
1713
-3748
-7314
3840
9109
6774
-343
8342
7208
-7769
417
-3316
-1930
700
-3372
3629
6361
-9749
4211
-887
2675
7617
-3384
4461
-1340
-5161
-4322
-5079
3166
-68
3942
-1541
7924
3141
1381
-7563
-9707
250
6697
4769
-9094
-1318
1703
8921
-4467
411
-823
8976
4215
-3965
7819
1157
1873
-8411
510
-5657
1413
4481
7262
6407
-6468
3373
-825
7601
8083
4498
5763
-1821
6612
316
7801
9487
5716
-4827
-2787
-2741
-6960
5773
-1350
1253
208
7786
4974
-8220
1224
862
-816
6789
-858
-2269
4704
-4929
-5061
7111
-5228
8980
867
1204
1736
-6100
1068
-9027
8714
-6862
-9574
3509
146
-3227
2971
2283
-8782
7427
5793
6578
691
6320
9227
-6403
2555
7738
-9096
-9280
3705
2166
-5745
-9373
4593
5001
3824
3132
-5804
-2186
9873
-8881
5087
-8272
887
-3384
2526
969
3827
3194
5759
-3424
5054
-330
6670
-2924
302
-1951
9626
-3345
-6308
6510
-1975
5944
4597
-9233
-7774
-9087
-6822
-6934
-9138
-285
7634
-5663
-9469
-6126
-4210
8240
-2494
-4574
-4819
-9265
5786
-2811
5817
3463
-5184
3373
9794
883
-2366
-8458
-7511
7770
-2686
2351
4428
-4665
4436
-282
3084
7370
-8063
-8986
-5984
-8865
7117
6659
4196
-5252
-2609
-8077
5319
1647
6575
-9788
6905
-8836
4248
8938
1838
-3886
-4064
-2963
-6815
9416
532
-109
5247
3899
-5439
8176
4911
-3683
5628
-3729
-6855
-7097
8123
4368
2273
-3521
-6148
3350
6872
-9943
-5805
3208
-6078
-4428
-481
-9499
1489
-6687
4418
-3776
6351
-5052
4401
8380
-4177
8090
2361
-8688
-993
4836
-2543
1472
3044
7190
-6834
-1499
8277
-6325
-1210
6282
4314
780
2755
-6620
-6927
6943
6188
4488
-4268
-6443
6837
2948
-5269
-483
-6871
-4091
-2470
-8504
-2406
-1401
1288
-3063
2051
-689
3144
-6083
-697
-6060
489
-6169
-6560
6469
1680
6160
5360
-6454
-4969
-6476
6510
3558
-5306
-7455
-453
-7085
3724
444
-3616
-8299
-8990
1115
350
9416
-4524
-833
5668
-9980
3359
-6870
265
-6048
-427
5387
-8477
-9753
-6002
680
-8039
6195
-4315
6127
-2826
-184
2802
3592
2446
4507
3808
-7607
7281
-8378
-5228
3598
6332
-9547
9708
-6940
-2308
7211
8019
3539
-2964
5910
-3407
-4762
-1132
2068
3964
-337
613
-7487
6869
5769
-1215
-9982
-3692
5011
-3701
-853
-5039
5986
-7611
-3812
1288
7487
2004
-3276
4991
-2129
-1995
3421
-1210
7900
-1014
-4837
6713
-7144
-7377
-8464
-3626
-3158
7694
-112
1605
7778
-8126
-8256
-9686
-9919
-7797
5095
-5518
-9238
3552
-7131
-4023
7884
256
7016
1867
392
-8493
-9243
4713
6296
-8057
3164
-7012
-1988
5602
-1884
5559
2777
3241
-1867
-9598
901
-63
3383
-6540
-449
4126
-5228
-291
-6636
-5711
-1071
4385
-7762
-3455
5273
-3417
-3788
-1940
9088
-4905
-9490
1454
5015
7197
-8534
4932
-3461
-6056
-5322
-9916
8433
-9274
-2309
8183
5895
-3355
-275
-9439
-9858
-6005
880
706
25
7347
-5742
4675
418
-6775
1628
9933
9604
4346
9426
-2522
-5555
2674
7192
-2065
-8761
7169
6888
-7489
9641
-3237
926
-8543
9134
3966
10
-2864
-278
3408
-6590
5528
-1764
-297
-3404
3496
-621
-1939
6569
2093
3369
135
-2971
-8877
-6802
-5168
8274
-8629
9292
9290
-9188
2597
2458
859
4671
-56
9348
5469
-9391
-7510
3805
-7521
6399
1303
7620
3201
-7343
8010
4083
7304
1137
526
-2797
4696
4060
-6917
4593
9792
5216
1776
-4535
6666
5365
2915
-4501
6033
5669
-2105
-690
656
-605
379
4976
-1770
-1605
-7569
9880
-6383
7773
5939
-3459
-8466
3685
-2120
3672
-4222
2692
-8414
-9578
7329
-494
-8581
-5888
-4654
-7481
8806
2202
8902
-5806
28
5652
-1436
-6537
-304
8773
-5431
-8583
-3589
-2085
860
-131
-4575
-7713
-3052
-4355
5943
-1873
-6429
3733
8940
-9111
2390
9832
-6624
-5587
-4874
8987
1888
-7945
2826
-2820
2533
-4869
-7505
-2239
3414
-1308
-6636
-8266
-9561
-2367
9992
9273
8732
1003
-5938
9877
-2412
-9935
3934
8480
7339
2427
-9822
703
6785
-7592
-1147
-9291
-3761
7310
7830
-3014
7734
4790
6126
1817
8786
-2751
1195
-3032
442
3098
6506
7280
-17
-7056
-292
-8187
7368
-1978
3191
7638
9262
1982
-3226
-4616
-4726
8639
-4306
176
4601
7346
57
4173
8246
-7530
-7348
-1053
975
7368
-734
3813
-7274
-8168
8647
4910
-3909
7522
-2626
8918
1349
-8496
-659
3290
6613
-14
-9158
-3982
-4404
-1729
7133
7974
-7590
-6570
-3054
6003
5649
-8149
-8302
155
1992
-6892
4781
-4153
2588
940
-7642
9083
9786
-8338
7996
1317
1572
5646
1420
-3926
-7590
2732
-1492
96
-7291
-9763
-3777
-3463
-9292
3187
-2796
-2230
-1834
3540
-7587
6935
-9426
-4468
-6644
-3039
4519
-1681
-7975
6697
-8742
2880
-6332
3207
-6052
-8477
5707
9929
-5841
4861
8476
-6347
-5720
6735
3711
-3062
4726
3204
5417
-1590
218
2521
-3296
7424
2978
2277
-6934
3874
-5287
-6119
-9103
-9865
-2271
2179
-98
-4966
-4644
-7760
7040
-7911
4222
-118
4584
-5891
3417
9227
4810
-6387
-556
-1461
-9311
6338
-820
-1322
-2484
2970
1758
-9309
-4688
5578
8004
6678
1950
-9871
-3480
7766
1581
2017
3508
7687
4531
7356
-3118
6208
3113
1951
8467
3432
-4394
-9361
-3752
5306
-9094
9189
3244
-3218
7114
-5405
-3516
-2309
-8375
2688
-707
8013
2466
2869
3408
-6265
2826
9748
7736
-6992
-7479
1013
-2227
3867
1662
8239
-7127
-460
-4109
2833
7342
5749
-5791
-3592
-2033
-5941
1941
-6247
-5906
-31
1827
-1114
7442
6808
-1809
-5882
-9990
-8552
-3342
3986
-672
-9730
3218
-1734
1071
-6084
3764
6216
-7764
9360
9462
-9494
162
3773
-2263
-5337
-4567
6545
1628
1037
7195
-3998
-5361
8809
673
-3325
-2620
2905
9913
3800
3504
1027
-1960
-9358
2470
1326
3013
609
-315
-6122
-9049
-3731
-6280
-6730
-8598
-4913
-979
-6522
-7973
3178
8104
-9156
-8452
1171
1614
4630
-8299
-3668
-9788
3385
919
-8301
-9630
953
6197
-5156
8901
-8087
-2648
-6883
-5191
-673
2175
-6566
5437
4476
-3766
1387
5261
-2604
793
-6538
8779
3665
-1885
4367
879
7971
-5474
-5220
7138
-3656
3046
-4866
-517
5271
1818
4793
5493
-9985
-2461
-9801
2586
3682
-3753
-7864
7089
3202
2538
5345
-3415
-3638
-3501
4951
-2578
-5498
-284
-4680
5959
-578
-1155
-4723
-3347
2659
-5539
-2294
-1
-3962
-3091
8188
8494
1947
-2296
9320
3715
424
-94
1458
4349
6581
2829
-9773
9730
4692
-1206
4765
3674
1811
3005
2007
-3063
4081
-3976
2852
568
-4572
-8248
3511
-3578
3177
-5828
-144
-2720
6978
-463
-3016
-6773
-3457
9483
8833
7920
94
1433
192
-9409
4782
-178
5711
3962
5218
3869
801
5393
6717
6908
4739
2266
-251
1580
1248
8704
3756
275
7918
7141
-6930
-5666
6460
-2289
5485
2888
-6749
-32
8036
-7851
2664
-9473
547
7980
3297
-7528
-9001
-837
3560
-8472
-7376
2315
4237
-8701
-2400
2293
2822
-5226
-1501
7033
7033
8746
-8600
-6181
-979
8280
-3324
1606
4941
-1774
-775
1611
2890
6806
9892
6269
714
-7762
2323
1237
-1403
-5243
1562
-6445
7201
9104
-499
-4014
1433
5833
-9125
1191
-7237
-2134
8799
-1459
-2009
3953
2900
-7024
2844
-7932
-3254
2367
-4802
1288
-2398
8962
-6329
-2583
-5211
163
-3072
2313
-6619
2050
1368
6340
-6509
-9571
2939
-5499
4790
-7753
-3289
-5676
-6711
-7259
104
-5639
-9248
-5237
1313
-2440
8377
2394
5010
1971
1862
-2077
4582
-2903
-6673
6562
4377
-4094
7310
9311
-8922
8283
7729
4619
7136
-1290
6172
6837
-7686
-5953
-7206
-3008
-9
-3895
2040
4728
-6271
-2627
3174
-7545
7274
-8928
-9300
-6312
2709
3568
790
568
-2462
6992
5393
-182
5506
6970
-3073
7889
-707
5875
-230
9871
7356
5928
3086
-2791
595
2580
6670
2660
9849
2038
-4970
-5176
6652
8343
-1181
-1581
-9131
-4568
-1999
-8632
5364
5877
8700
308
-3797
-3843
1231
-1067
-7945
13
-6322
-1538
-1400
-9308
2902
-455
4279
1775
-8522
2767
-6903
3612
-3183
-3227
3104
91
-7583
8024
1742
-5016
4124
1138
-3179
9377
8016
4320
3105
4532
8228
-8772
-7421
-9381
-9812
5144
2971
-978
4837
-1892
-7714
-7551
5637
82
358
7613
-4378
8630
-2411
-4835
7527
223
-2296
7097
2784
-3596
5799
6302
-1504
6526
3767
4465
9669
4686
849
-1477
-6791
8219
4088
-9636
3448
2600
-6506
-1294
1580
-4938
-8756
2419
4376
2718
-2004
-8925
-5247
3145
924
-8870
2316
-4620
-3971
3943
-5186
2964
6677
2903
9796
385
-3107
-6465
1238
-7218
-5658
928
-9189
-1461
-3655
1364
6883
-5527
970
-5159
-7916
5476
1404
-4759
-5955
-5381
2554
8639
-4682
9996
-2348
1880
1253
-2131
7929
-4060
346
5285
5634
6018
5742
-7024
-4343
-2327
-9387
-1899
2619
-9816
6441
-1494
1089
8028
-4200
-4389
-8533
-7335
-9039
-3710
64
-7829
742
-7127
7722
-1830
-2392
9770
8298
-280
-2681
802
3222
-8365
-5380
-5800
-8415
4333
8909
1755
-2236
9841
1188
3303
716
1928
-7938
-5582
-7912
-9923
-7722
2783
-599
2205
-7777
1249
-704
4167
-8791
7894
-9954
-8798
-5361
-3050
6501
3939
-8106
-4968
-244
481
4007
-8900
3391
6521
-6264
7968
8441
4727
3628
-8739
-4823
2822
385
-1946
8489
4344
286
-6187
1691
3430
-8860
9164
-5982
-9183
-2153
6714
-7483
4851
9488
7920
2559
-307
7699
-2736
5491
2965
-2064
-9968
8198
-4649
-5292
2879
815
-9494
8998
-8001
-7871
-1190
4944
-8801
2335
-3913
-8946
2982
1680
8174
1502
-3271
-4058
3609
-3961
3082
-6623
4227
4921
4320
-5488
-4853
-4692
-376
408
-5775
-5335
5036
1498
-8366
1364
-2099
9080
-6103
3532
-2308
-61
2080
-6389
-1000
7816
4667
7889
8911
-4475
-3215
-986
-6978
-2859
8820
982
-8113
-7210
-9742
8262
-4252
-8514
-3675
-10000
5078
-5083
-1307
2179
3638
425
3921
7607
-5540
2793
1942
3911
1711
-3081
-6909
9021
-2916
8781
-9064
-3809
4328
-266
-1471
-3203
203
3141
-8270
-990
3631
-4799
-399
-6604
2277
-4047
-6968
8030
-6672
-7750
7191
2301
-976
9641
1140
-2203
7172
5071
124
-2571
-1943
-8491
5313
-9610
2253
-3221
7986
-8653
-2349
7918
3032
5236
-2555
666
2030
-7118
5040
8406
2164
-3650
-7984
845
8838
107
1068
9912
-1154
-8888
1239
-984
3630
-7281
2645
6227
-3842
-2504
-8114
1352
2073
-2551
1102
-719
-4763
2438
-7567
5724
9270
-2968
2674
6978
-2648
9164
-925
-2502
8924
4384
-6073
7375
-1157
2675
692
6829
-1808
-3716
-8633
1654
9312
-9226
8173
960
9728
3071
-5196
-4914
-2280
5409
4621
-8006
-6644
110
5140
-1462
6538
6155
7630
-4145
-4920
-4882
-6832
-8461
4469
9333
-7927
1234
-1244
7166
6113
5419
9463
1958
-2135
-3209
7535
3134
-9450
9292
-5481
-9850
-523
9807
2593
4829
-7430
1062
-2019
-2273
-6616
-7866
389
833
-2192
-7041
-9399
-3275
-3678
4913
-1103
-6471
2172
4894
4380
-1279
-7777
-2010
-5824
8626
-3263
4485
1733
-5132
-1385
4960
1996
7929
-5031
-8315
-666
-9813
2922
-7243
-3921
-2867
-5553
-8439
7944
2244
-8747
812
5540
1313
5465
6102
9621
3672
-7444
4404
-2508
2405
-4779
-8672
108
-8996
-3284
5322
-8755
-6288
4564
-3776
-1974
-4521
-5620
-2352
7323
-6956
3450
-333
6309
8270
-9409
1463
9781
4947
-4871
-4110
1838
-8675
7762
-9791
-8903
7282
8622
-8333
-3077
-7754
-5013
-7010
3749
-9049
8202
1817
-1534
4040
3090
3625
-3774
-4558
1959
6724
-1995
9993
-1985
-5641
5671
-3528
130
-2724
485
-4930
-3888
9127
3540
-3736
-6358
-2490
-8366
-7129
-7014
-6589
-6874
9997
9204
-575
2422
6328
-9908
-9151
-8464
-2491
2787
4247
-372
3314
4153
-443
4328
8394
-6905
5395
-849
5710
7270
6152
-2471
-8378
-6052
-7073
-5568
-7668
-162
-2418
-2715
1615
-6345
-6420
8632
-6757
4947
2586
-9927
-4354
-8643
-8316
-4813
7793
1434
-9507
2134
2928
-6141
-1799
-2582
1988
-6268
8276
9389
-4713
8690
607
-2020
-4458
8968
-7915
3180
4880
6081
-1196
-2665
-8604
-4318
7383
7059
4471
-3513
-8230
-5669
8089
-6534
-2602
6817
-6041
4592
-5932
1100
1299
-9714
-478
-6818
-500
5891
-906
4743
-1174
7117
-6885
-1945
6909
7708
-8992
-4817
-5683
322
846
1708
386
9174
-3078
2844
-499
4444
-7726
9029
2565
2470
-2087
-1145
2936
-4111
-5438
5831
7057
-9604
-9905
3706
936
-9507
4914
1461
-9251
-1568
4598
-764
9497
3013
-6712
-1726
5207
5041
2422
8118
2398
-1516
1933
2662
-5169
-8854
-1401
4723
1528
7277
-50
7350
4923
4846
2157
-7263
7374
4834
-8233
-3028
9969
784
9297
-2645
-679
3580
9660
-1693
7419
-2397
9718
3385
3641
6247
-3615
5604
3088
-834
-7814
8223
-2750
7968
-5256
4217
-2451
2971
-6719
7316
-1095
7699
-3648
-8385
-837
5170
8924
-6902
-7870
5963
-6924
2032
3647
3629
-820
-2898
-796
-621
-9139
-182
-9519
236
-7891
5038
7197
3894
8433
-3098
-9327
-6818
181
-6041
4257
-1038
-9990
4864
-7059
-2534
7127
4925
3803
7604
-9106
8397
1522
5844
-2069
1968
-95
6017
8962
-6943
-8193
9298
5576
-2750
399
-5315
7688
-2167
-889
3533
2767
4283
4717
5901
1108
8339
-9652
-2486
-7805
-6949
-4561
7882
1774
-3396
-6949
3184
-3198
-8858
9466
6029
5302
3903
-160
-6207
8480
-8478
5766
-9046
-9418
4972
2210
-3166
5271
-2708
930
22
-8055
-1569
-1660
8036
438
8237
2244
5674
-8364
-4892
9247
5881
4281
9391
-6609
-3298
5133
-9495
-7129
7280
-9867
-9238
1226
4415
-8350
3251
-2667
-7884
2199
-3340
-3235
-4062
3876
2270
-1113
1058
4812
-4499
-133
-8938
1266
9130
-4711
2512
-8474
-2423
-8642
-3680
9376
7395
-2844
-3270
556
3603
1204
4760
4780
-3731
-6474
894
-9764
-4584
-1918
8492
-2764
-7075
3486
-2853
7515
-2074
-8255
7936
-2186
-3103
-4824
3382
2658
-2799
4236
1197
3110
-128
479
2817
4668
4708
8690
5137
7931
-5010
7872
-9177
2892
624
3592
-3763
9271
-3451
4852
-4496
8390
-4361
-1460
-2201
-9563
-9083
-4356
-3375
7284
-1985
699
-967
4463
5901
-5028
-4615
-7520
5754
-2521
-6626
5000
-2013
7442
7642
5346
4199
-9191
5521
-3259
-3812
-4625
6417
-4679
2146
-2301
-8155
888
-9440
4579
1847
-4459
-2773
-1729
831
4458
3305
-6041
-3193
-9920
-2219
-1000
-9274
706
-3566
8867
-9779
-8905
-1735
6976
4968
-991
-7031
1470
198
-8348
-7975
-4051
6506
-3706
-8692
6608
-3987
-4268
-8497
-3110
-7449
-1482
6051
-2620
2446
-417
-4712
9186
6526
-8519
6936
4416
-7745
4007
-7697
3372
-158
-4497
-5267
3698
-1134
2973
1389
-7235
4240
-435
-1599
2762
-2215
4677
-9829
-6285
6632
9280
-7308
-3812
-973
6219
-8503
-6960
-7280
220
3693
354
-3292
2990
6586
-1487
2850
-9179
-661
-6906
5991
4533
-466
-5995
-9446
-1901
3279
8243
2966
-8576
7019
-4327
-4650
-7946
-6417
-4872
-5412
-6315
-756
-642
-2387
6085
-3152
-2813
-7725
-5431
-82
6721
1680
-5450
-4697
6654
-5438
1960
-7797
5553
-9576
4766
560
-6554
-8609
-157
-9228
5209
-5149
-1946
7988
9779
-9385
1483
-8203
-592
3267
-1490
-2865
-1982
-5228
6072
997
-8938
-24
1087
-5111
-2571
5248
8149
-1382
-1531
-847
3641
-8466
1080
2247
1804
7160
-9693
6337
-846
2355
8977
-9989
-6192
-5608
692
3325
-8721
4809
5745
1710
4378
6902
5633
1939
-1541
-2495
-2137
1768
-5887
-4561
-9485
4232
6845
-3118
-8618
-647
6081
-4022
5840
2039
-9232
-3872
-2469
6423
-5991
-3108
7278
997
1391
-7323
-7139
-1448
-8526
-3812
-3784
-605
3138
-7381
3709
-5057
-8405
-8401
-5199
-838
-8333
6503
4193
-1103
3357
484
6416
8280
-4230
-645
-9291
-1761
-4546
-5906
4966
-2812
-4636
-870
3755
-8035
739
-1982
7887
-8445
-4755
7911
-3656
-2420
-1345
6300
-5899
3381
9188
-7716
-2834
-8525
-9771
2492
-6312
-4294
-2326
7277
-5457
2764
6376
-1644
-3916
-7156
-410
2503
-213
-2887
292
8293
3194
4024
2347
-34
7919
-8152
2953
-1078
-1664
3176
-9612
3998
1420
6142
7040
849
-3939
6587
2203
-9393
6863
-9465
-4391
-1258
432
6700
1354
7909
-3644
-6165
-1144
-3718
3251
8967
6998
6482
3644
-1609
6470
-2243
-2474
8310
7639
9331
-5146
8466
9064
-4168
4743
1137
-897
-9358
-6163
9649
-9016
-687
9443
-4911
-1506
-666
9809
-9491
-7575
-9067
5541
589
5767
2940
8903
9832
-2832
-4482
6700
-9721
3659
-4332
-7111
-6166
1337
1346
7004
2719
-6497
2789
6893
-2205
-5453
4797
-3771
5967
63
7180
6690
3866
9170
1897
-5964
5483
2449
-6820
360
-5961
9464
-8572
-9074
6011
-1277
9233
-5983
-4612
1536
3534
7967
1605
6249
6809
7783
-3109
4629
29
-3014
5657
9203
-5106
5447
-2034
8198
-8232
1653
-733
4851
4243
-5028
-5651
-6328
-3230
-2154
-4953
-711
8091
7478
-5587
8107
6549
-3093
-3367
-1451
-8548
675
-253
6650
5095
-8542
765
-8516
3682
1766
637
-3523
-2986
2849
-7537
2948
-2842
-711
5444
5164
9287
1939
-2422
-636
-1616
4175
-6849
1216
-7548
-2880
-5219
-1855
-3006
-3222
1791
-8775
4273
-7577
-2568
6788
-8689
5195
-9246
-924
-9524
6947
3313
1837
-79
8773
-27
6481
1686
-3053
-1430
5678
-4617
7006
156
7537
-1191
-9438
958
3121
5339
5937
8930
780
-7936
3300
-3740
8986
-9266
5955
-347
-2393
-6955
662
-6410
-5516
7148
4258
-4797
-4210
3226
9162
-5753
8630
-5096
7250
-5819
10000
-1127
4482
3096
1635
-534
6844
-5914
-7032
7164
-4794
3769
1654
-1340
-7377
-1595
-2164
-4396
-1499
8461
-4292
-4991
4790
197
4829
-8391
-8849
3536
5347
7452
-8346
-4577
1105
1207
-2334
8832
-1387
-1872
-4305
7921
1188
3690
3759
-3327
-5006
-8261
9894
-5115
-9801
8447
-6977
-6660
7146
4635
-6817
5573
5772
6664
3962
6368
5321
-3218
-8488
-3405
5412
3852
-3369
27
3643
-1909
6869
-9418
1686
6983
-7751
2198
3001
-1325
-2828
-8207
-6095
3338
4065
-6833
-2199
4155
2750
6311
-9611
-3911
1312
-538
1003
8148
-8273
7506
-6389
2078
-1536
-2733
-7386
2653
4757
-223
754
-1639
-5919
-9240
7794
-2261
-1184
517
-4809
-4272
-2231
-1023
-2515
7847
-4080
7252
-311
623
-5925
9949
6040
6370
-8158
-7964
3020
9819
-1382
6972
1263
7670
3831
6479
3420
6133
-9423
37
458
-5537
4408
4585
5904
9272
9706
4345
-2306
-3186
-8138
-9587
-3432
-799
2275
4086
3117
7840
6345
9649
-6644
4784
-191
-8395
-5340
-4185
2433
6454
2800
-9039
2747
-1942
-877
373
2834
1447
-1225
8160
5845
-773
-4242
-5897
-596
-4976
-2912
6565
9470
4141
-4310
2597
791
-8434
3829
-9288
-6505
-1825
2212
3334
6703
2938
-3016
-2566
8692
-554
2831
9311
-884
1970
-9292
2481
-545
-2532
2567
-9684
4336
5591
-2347
-2677
3490
6972
-2440
2142
-9823
-462
-6339
2368
-9158
-7896
2614
2818
1943
-3498
-1923
-714
5656
1116
7384
-9116
-7336
-9425
-7830
-7069
-2202
-2697
-8460
8112
6088
7902
5951
6443
1068
7497
8136
9068
6721
9334
-1670
-3163
3827
8892
-9126
-1566
7333
-8975
-1997
2812
8984
-9091
-6399
-2148
-2071
-6822
-2473
3477
-8752
-822
397
-7915
-7604
7074
7872
7531
7436
-7145
-3582
850
-8613
4862
7987
9861
-5234
-6742
-1446
6065
-9938
-9077
6932
5200
9620
-239
6298
798
-5689
-8912
8978
-9890
2895
-6088
1586
-433
-8457
-2989
-7260
998
-351
-7629
-1962
8611
5051
-7786
6625
3897
2978
-5719
3510
-6710
-1396
515
3640
450
6021
4802
-2629
-9808
-79
6972
-7946
-8960
6584
-1059
9186
-8517
-8501
7503
5161
3992
7881
7788
6570
-3837
4947
3531
613
3304
-5294
5763
2585
-6021
-5474
4588
-8590
-9436
-7772
-7933
-134
-2981
-2981
-1705
7381
-7375
-7116
-5291
-6067
3066
2615
8399
4072
3951
5540
1214
7462
172
4110
-7536
-4586
9193
-2814
-2221
2746
-4010
5187
-401
-3824
-5478
5955
-2448
5956
-2570
-9958
-6317
-1991
5812
1856
-4428
-193
-259
-9171
4726
-1125
-1637
-5004
6577
-3267
864
-4345
-5912
-748
8891
-7002
-9852
5158
5340
-8123
4077
2169
8944
2863
5456
-1097
-2904
-5377
-2776
6854
-1746
-4942
-3100
-7706
8923
-2203
9991
2604
-8765
-3532
-4218
9630
-2111
3694
-9266
5757
5036
1443
-4357
1344
-1626
9418
8463
-6487
5127
5236
-9939
-8584
6410
-8696
-1888
-2128
-6581
-5810
5546
420
2976
6769
5430
6653
1318
-2522
6298
7390
-9069
-2880
-5414
2703
-5098
-3106
-6818
7727
-2196
-4342
9108
9768
-8232
7616
-4457
2147
1674
6653
-1857
-369
-4459
6901
-6912
9822
1645
1579
7903
7939
6426
2643
-9706
3964
5947
74
-2074
2377
9294
-5788
-2139
-3507
-8863
7983
-9573
-950
-6788
900
8487
5632
-5840
-1038
-6242
-294
-3808
4037
8262
-3257
9394
6605
-2157
-5172
610
3932
-6155
5122
2257
-2807
1315
7252
3977
1565
6568
-9830
4270
-8205
7720
7078
-2640
-3060
-7245
5839
-4720
25
-9054
-4081
2728
-9434
-164
7117
-7734
200
790
-1727
-638
7451
9301
2441
-697
-4016
6023
-8236
6645
-4452
3740
6134
-9563
-2366
4016
-5310
4942
-3307
-5843
743
-3364
8006
6718
4788
-7987
-3528
-7629
5966
3232
-5449
5168
-3512
-8024
-7565
4615
-2295
-2385
7011
-9927
-6601
8824
5295
-141
2803
-55
-267
7189
-119
-1586
-5078
-1828
4056
5720
9012
161
2596
5923
3188
-682
-3628
-4658
-2060
-9482
6182
5436
6199
-8856
-7837
897
9894
-426
-9950
-1516
-4501
7863
3248
-3482
-7132
1920
124
-611
6856
9811
-4708
-5020
-1617
3
7252
-1111
8032
-2706
-5280
-5552
8216
-2521
3751
-8213
-123
237
1973
1769
-1010
-5221
7064
6495
7703
7893
1008
3708
-8946
-1984
-4517
-43
-8101
-2831
1094
4628
-8648
-8300
6789
-9625
5740
-1809
-9645
1680
-7048
-292
-9225
-6900
-5425
606
-7927
-3228
-8257
-1257
2801
6655
-4483
-2400
-2972
-2664
-7938
-5534
-2297
-1618
5866
8391
748
-3679
1587
7358
-6211
-9243
4581
-8388
-2977
-8502
5962
7486
4970
-4554
-8566
2350
217
-9706
4193
3199
-9378
-2883
-4343
318
6069
-6067
-7587
-5561
7807
9203
7196
6369
-6904
49
6373
-9597
2266
-6824
-500
6151
-9554
611
6052
-257
4076
-1172
9029
7108
9101
-3669
8166
2515
-4470
6456
6364
-2236
-2517
-4207
3208
6289
6494
-5523
9420
6451
7162
-7242
-3220
1620
1389
-1014
1000
-5593
8717
-6861
-8088
1470
8372
4175
-1034
-2343
180
3189
-2292
-3183
3728
-3901
-8595
-3272
2795
-4400
5610
-695
6357
2563
329
-9645
-3171
5383
451
-1397
-5441
1477
-24
-9326
-4987
-4853
4157
9621
-9669
-8464
8222
-784
6405
-2316
-7940
-3230
-5782
1126
7600
9990
-4145
254
1641
9948
-311
8027
-9615
4050
-3631
-1656
5102
-2350
-8726
5983
-6749
-5117
-794
-7289
8200
-1849
-1602
-7340
-1970
-207
-8241
3344
-1331
-6704
1652
6443
8034
-2241
-7464
-5799
-5732
-7985
-7945
-1960
5432
-7643
778
-6814
-3088
8729
-2068
-1149
6694
-1740
9498
-278
-5944
-8992
6799
6885
-5293
-5813
3637
-4101
9493
-7992
2090
-9568
495
-2799
-7358
9483
-1755
-2024
-3736
-3318
-3882
9461
5416
5265
574
-271
-4678
5623
-5915
-9975
-2785
-9060
251
-1166
877
-9704
-807
4408
9382
-6836
8162
2230
9892
-1869
-7459
4427
3780
9273
-7972
-4296
-4191
5033
4750
-3762
-5786
7714
8321
-4131
-7416
-4672
-9923
-7556
-1849
3857
-5693
-2633
-3951
-6302
124
-3883
-735
5681
-7418
6440
8908
-666
-8922
-3843
2620
8489
1348
-1423
-224
3765
2878
5203
1208
-3908
-8703
3337
4963
9996
5392
-8036
9886
-8204
7143
2904
9844
-9026
-313
-1955
4677
1075
5930
-1021
495
-941
6471
-5169
-4422
-6831
917
-718
-3221
-3599
-5964
364
-3622
-429
-3919
687
-1488
3603
-1415
-1515
-1951
509
2503
-3269
1345
-3981
781
-961
-2311
2192
8603
6362
7523
-6325
6192
2699
-8583
-5275
8122
-1364
-4060
-6413
7292
2998
-7878
2285
-7327
6923
-4983
-6642
-337
995
4613
1438
3430
4834
-4717
-1509
-1491
-5187
493
-2559
720
1903
-8310
2907
-1221
-9050
-3771
7632
-5921
6273
4599
1503
1598
54
3130
-2597
-4707
59
7987
6173
-9172
-6398
321
-8948
3585
9981
4750
1059
-4146
-6721
-1139
3072
8821
2550
