1000
113 66
108 611
8 18
53 500
137 455
91 458
153 249
146 748
290 147
2 229
56 596
51 579
182 458
57 324
281 488
160 812
130 94
162 840
272 406
198 867
41 512
150 587
56 520
200 82
193 264
277 459
165 616
244 516
36 611
112 882
25 654
159 368
98 457
180 985
49 55
43 550
71 454
16 286
151 509
294 95
294 39
130 164
135 785
282 783
150 857
186 724
190 918
173 496
158 818
272 388
293 660
38 12
132 397
130 698
107 705
252 489
22 391
260 510
153 584
148 122
187 737
11 428
54 800
154 706
5 58
45 671
10 629
290 936
297 12
153 669
186 575
197 292
129 608
222 59
162 866
33 43
220 673
24 9
101 217
191 326
13 216
262 833
183 442
58 590
62 866
287 478
29 687
118 482
221 870
152 607
260 957
149 960
228 847
174 838
299 416
185 19
127 200
188 82
171 805
55 712
156 917
6 901
167 780
97 298
176 116
274 558
40 372
221 936
264 269
26 145
275 263
88 815
211 451
148 512
276 570
112 153
23 375
197 663
100 860
278 69
237 261
29 355
289 772
238 270
269 32
103 74
250 474
260 810
9 540
178 515
71 70
27 421
144 579
241 237
150 480
25 783
176 303
291 490
9 508
260 562
132 709
119 988
123 576
87 302
33 3
167 458
129 455
266 944
196 574
110 350
120 832
38 121
35 215
252 358
142 652
154 869
125 27
43 78
265 340
272 304
42 553
128 625
58 737
191 446
35 304
22 658
27 367
101 332
259 338
299 373
177 690
242 161
122 759
136 213
235 800
232 33
25 646
286 40
167 832
276 747
75 930
161 705
105 188
174 114
168 264
101 402
176 326
74 196
52 78
61 274
272 965
300 871
91 855
6 248
188 580
182 902
287 285
61 280
184 830
141 427
28 156
31 31
50 240
78 403
11 925
26 551
33 872
178 459
2 723
85 867
220 742
106 672
59 585
270 536
34 218
245 784
285 200
134 432
188 34
143 427
98 336
201 831
41 634
157 400
200 481
262 849
20 732
252 255
126 66
265 474
85 778
286 94
230 317
62 196
82 555
232 863
141 636
235 453
155 180
113 474
145 694
152 240
35 616
197 375
236 491
190 293
284 262
112 754
178 752
60 873
73 939
256 466
278 975
222 342
45 32
216 297
41 379
89 720
112 563
189 818
20 49
112 474
57 996
135 783
139 344
297 773
75 446
45 796
74 95
239 20
279 812
258 766
23 934
213 586
180 465
35 368
142 995
251 928
49 368
97 284
188 297
72 725
162 335
188 172
9 416
174 415
58 897
111 585
205 502
292 216
255 785
152 500
11 822
20 219
116 199
217 535
263 221
154 5
93 320
247 333
61 38
270 8
89 141
205 638
31 363
241 799
57 692
144 822
46 487
48 75
101 154
258 59
167 980
241 847
71 759
251 767
175 261
111 97
272 763
185 209
129 933
67 536
220 839
215 488
145 503
280 799
47 962
57 532
188 468
106 932
20 427
122 364
36 269
52 746
86 682
53 716
41 204
45 864
147 41
196 160
219 946
223 129
239 234
119 18
144 811
110 582
77 575
129 92
270 629
195 113
43 745
263 240
40 727
47 710
4 358
98 594
286 638
206 468
114 326
44 381
258 270
13 663
195 41
295 581
23 926
242 865
223 179
270 464
237 4
55 464
254 947
203 469
148 49
171 255
86 503
65 402
277 933
183 385
231 154
161 235
131 641
172 159
53 316
60 186
260 595
23 572
266 923
240 20
113 97
26 286
238 941
290 157
176 970
115 405
221 972
105 509
208 334
87 352
32 582
1 493
235 401
166 854
265 244
202 707
79 279
258 63
275 734
174 676
58 591
108 100
158 272
156 600
159 947
64 532
144 667
260 597
251 334
282 578
274 398
142 542
247 330
96 676
51 824
277 213
289 807
207 482
137 712
144 640
79 617
172 718
182 881
45 558
212 190
273 675
103 873
60 35
87 590
60 569
246 201
13 139
212 275
18 257
126 919
52 799
65 213
286 813
294 301
226 68
18 125
268 52
47 466
114 455
183 958
142 192
224 709
18 246
13 347
267 44
35 757
127 886
133 369
13 200
249 89
299 814
32 767
220 188
105 915
295 906
106 430
208 2
84 628
96 408
21 339
264 52
161 33
66 377
202 506
168 538
256 956
94 582
181 953
126 549
197 792
2 612
58 259
117 696
33 109
23 181
156 964
97 577
64 774
147 704
88 941
91 60
272 803
20 373
129 695
216 41
152 322
271 185
233 767
2 109
117 263
277 292
177 821
241 554
142 957
201 97
187 951
126 234
124 355
248 321
39 560
233 69
237 600
95 754
117 382
213 111
203 854
166 542
204 493
119 521
97 590
172 522
274 207
190 29
10 692
224 441
259 322
83 171
137 730
271 494
153 23
255 326
74 854
37 114
82 895
87 474
239 464
79 291
229 883
268 636
79 374
242 19
230 501
76 885
180 991
8 140
169 520
258 782
96 146
125 709
79 458
6 869
102 455
158 842
23 217
92 658
233 277
296 832
47 725
125 641
85 22
127 222
195 669
280 157
233 683
200 24
18 883
181 24
93 145
246 513
176 965
113 813
253 488
217 935
120 204
29 209
58 216
44 725
199 721
278 46
43 565
140 800
200 394
127 476
209 523
137 475
61 1000
210 704
165 763
25 700
123 514
202 207
138 111
92 304
89 690
297 433
33 3
197 835
213 145
202 502
296 547
238 855
277 545
196 479
146 429
140 633
163 619
111 436
272 426
260 87
114 151
248 7
41 635
65 601
186 375
73 381
231 513
52 930
264 776
113 649
258 135
251 814
289 772
126 949
207 901
285 195
272 989
108 631
92 638
246 253
125 393
257 787
29 726
294 179
21 722
152 886
65 761
53 505
126 329
29 505
207 42
163 420
250 271
193 840
64 512
88 928
284 485
94 665
207 506
203 961
209 549
216 57
61 64
14 384
50 411
131 860
59 541
131 983
247 63
216 121
103 507
221 149
148 673
37 767
173 139
130 666
27 121
254 186
207 216
13 100
241 908
35 831
281 788
227 184
65 529
10 562
179 279
276 483
133 213
147 831
221 742
19 342
80 320
119 153
166 501
291 48
102 498
128 976
40 948
297 669
128 375
224 131
94 675
257 616
83 133
20 769
40 745
273 475
109 934
211 262
226 402
245 678
274 935
155 641
186 149
203 396
276 21
206 960
9 499
110 201
288 705
196 20
125 218
152 388
57 540
32 552
142 937
261 24
167 88
231 755
101 366
214 766
26 650
5 578
243 263
142 110
182 404
258 903
151 803
206 958
87 457
118 407
31 506
274 364
18 772
245 866
270 566
294 122
17 154
151 832
63 993
71 200
254 467
283 865
137 446
230 111
154 666
171 175
134 884
298 617
226 120
72 733
77 618
149 433
176 312
182 353
199 40
3 790
149 87
283 170
187 252
294 270
72 613
45 811
184 260
12 194
180 210
120 251
35 430
209 843
47 478
195 75
204 305
143 260
115 422
238 117
152 496
162 267
52 24
273 341
195 782
291 14
247 620
228 932
192 429
277 668
54 212
123 565
241 425
36 462
267 469
187 192
146 728
215 519
38 912
128 736
58 1000
293 61
48 538
248 731
255 858
167 283
87 157
98 362
30 512
198 110
44 526
69 757
280 505
51 43
199 789
123 836
167 976
205 663
295 781
126 805
161 281
25 914
145 198
257 423
255 905
139 832
190 282
74 572
245 98
184 301
203 496
208 6
45 796
250 489
49 344
17 190
189 123
2 550
232 153
296 136
146 281
109 890
184 529
175 529
100 148
133 340
160 262
45 289
244 608
120 796
262 845
142 733
53 570
83 652
102 352
73 307
92 629
192 985
259 804
197 126
103 869
150 30
124 43
204 706
141 56
28 143
173 699
23 691
284 643
195 847
115 854
146 250
137 330
72 525
283 929
238 208
282 338
157 893
5 375
181 58
236 16
60 231
15 451
178 446
149 344
94 284
253 422
107 943
258 528
234 378
54 707
94 222
246 197
290 964
180 100
157 363
184 736
218 382
44 802
42 383
48 373
260 987
184 661
185 238
265 443
216 238
78 691
299 138
92 569
25 465
280 572
133 581
298 50
61 394
209 575
289 712
232 933
158 426
222 612
233 801
82 599
160 381
126 753
63 80
273 259
220 740
237 342
115 431
158 897
244 550
89 604
242 101
254 183
52 557
80 487
158 466
121 186
95 875
244 42
29 529
104 901
28 191
21 802
157 50
255 951
181 983
107 843
178 432
195 952
3 335
168 165
218 19
121 49
247 439
249 990
213 382
240 110
58 99
178 488
236 182
89 702
240 681
5 479
39 1000
88 812
148 266
46 897
175 713
84 64
39 661
6 955
109 237
168 847
146 394
183 247
158 362
245 522
4 816
179 471
121 923
61 101
248 439
231 58
23 882
246 83
51 785
269 43
24 208
206 779
142 674
89 309
106 263
45 914
264 579
88 659
118 685
209 678
19 7
167 895
300 634
238 728
92 173
