250000 1000
3702 5
1716 9
3163 10
2656 4
4535 4
3437 10
986 6
616 9
4710 2
1323 3
1559 4
4984 8
3273 4
773 7
4378 10
2277 2
2707 4
2669 10
1115 4
1949 4
4830 9
3076 4
531 1
328 4
911 5
1980 1
2084 7
4724 4
4194 2
2670 5
3782 3
1013 8
299 10
356 2
3752 2
739 2
4517 9
2190 9
2127 10
738 8
4755 7
3738 1
1945 9
2109 5
4233 4
1231 8
2614 4
4777 1
2051 10
4391 5
1450 10
476 1
4054 10
3073 1
3904 1
3424 7
2646 8
4705 6
3968 1
4704 8
4569 10
1441 10
2312 5
1831 7
4768 5
3306 10
3897 4
4876 3
2467 7
1479 6
2029 10
3774 3
2012 7
502 5
4813 4
4171 10
723 8
2906 2
3906 6
4542 6
1550 2
3198 3
4992 6
179 5
1634 4
998 3
4775 2
2410 4
502 10
1306 7
4358 6
2209 4
2208 3
3173 4
4729 7
3415 4
4819 7
4540 4
4633 2
1286 5
2418 7
1576 6
907 4
291 7
3185 5
654 10
398 9
2083 1
1711 7
4508 7
950 3
837 6
1764 10
903 8
349 8
887 2
1796 3
1423 9
1118 8
1857 8
1399 8
2626 3
4587 7
1560 2
3826 5
2447 4
765 5
3005 10
541 9
2222 2
4402 9
1685 8
4136 7
274 9
355 3
1622 5
2815 2
782 10
4896 3
2231 9
3409 3
1775 7
3873 7
870 3
3809 3
4896 7
4393 10
2021 10
3996 8
4040 6
4937 10
2769 3
3220 6
3546 10
4840 5
3668 10
4109 3
3994 2
863 9
581 3
1228 9
1624 10
2899 9
3048 7
2067 3
2540 8
2072 1
1283 3
3596 4
1444 3
4106 5
1212 4
3723 1
4888 2
2976 7
2771 7
2876 5
1343 8
1463 1
4227 7
4207 8
1366 5
747 9
317 1
1133 1
3170 2
3630 6
2424 6
4764 4
726 6
757 3
599 1
1793 3
675 6
4148 10
1643 7
2375 3
517 1
3916 1
1053 3
1977 6
2192 8
3493 7
1065 6
1784 3
3666 9
4680 5
1198 8
1597 9
1347 7
2108 8
2975 7
94 9
78 3
1844 5
1307 10
1888 4
3665 6
4313 8
1088 9
1126 6
304 8
1417 10
2912 9
4702 1
1546 9
265 10
4063 4
1948 7
2586 9
2425 9
3836 5
2327 5
1410 7
4988 4
584 2
4746 1
2386 4
3744 10
3895 3
4040 3
1864 6
858 7
1565 1
3004 9
2244 5
3915 4
1700 4
4644 5
1598 3
3817 10
941 10
2287 7
4571 5
2036 8
3265 10
895 9
2687 3
274 2
1668 5
471 1
1816 7
2968 2
2578 5
2307 4
2131 5
4131 7
2326 9
1609 4
2541 9
4741 5
4271 3
3154 3
1190 3
1663 4
1271 5
3363 1
1376 8
2864 4
4548 8
2665 8
4774 9
3134 9
352 5
93 2
2961 5
4818 1
2584 7
174 10
1281 10
689 6
4396 8
2809 3
3140 3
567 1
4137 2
2082 3
3344 1
3780 5
2018 10
2065 2
894 5
3721 9
225 10
3547 8
4911 5
4904 5
1241 10
1234 10
4218 2
1075 2
339 4
2869 10
3098 1
4188 9
2749 5
305 9
2943 9
4999 8
66 6
1739 4
189 7
85 10
2584 4
1148 10
946 2
3304 7
2031 7
300 7
1971 7
4286 2
1123 6
1476 4
2628 5
693 7
4591 7
4267 8
3314 8
1563 3
1956 7
1438 9
3551 6
1418 6
2617 9
2776 10
4831 4
3610 5
4343 8
749 10
3583 5
4593 1
3396 3
3838 10
2024 8
2926 8
2557 2
4720 6
338 4
2068 5
774 6
3777 9
593 7
133 2
621 10
3910 4
2929 6
1421 10
3706 5
4991 1
4209 1
2124 10
2128 2
1947 10
840 3
3423 7
3278 3
3306 6
4129 10
4485 10
249 1
3611 5
4455 4
3452 5
1081 4
3522 1
2118 7
2823 2
1493 5
2482 1
100 2
1985 9
3303 1
3760 5
3339 3
2566 10
80 7
89 7
3235 3
2973 5
3229 5
2672 3
4195 2
3161 9
2757 10
2304 9
2200 5
3508 8
4763 5
4527 4
3989 1
4511 2
1550 7
2638 3
4960 7
574 7
2386 5
4747 10
4803 8
175 1
2314 10
3075 2
3371 5
4596 10
4606 9
3623 8
4079 1
1094 3
2192 9
2289 8
294 5
3834 1
4264 4
3678 10
4950 6
446 8
3374 10
4016 7
2233 6
2706 10
4891 9
3314 4
3472 10
4014 3
169 4
1425 8
3414 2
2307 4
4363 8
928 9
189 9
4618 9
3078 5
3707 6
2641 10
4830 6
856 2
2327 8
1057 8
2129 9
2591 10
2159 8
503 9
850 1
953 6
1602 10
71 3
4080 8
1667 5
4861 7
74 1
1432 8
433 4
587 9
2455 6
749 2
4388 1
2494 3
2119 6
3655 4
4663 3
309 10
3193 10
1965 6
1578 10
288 1
4714 8
3730 7
1668 3
1253 4
3237 5
3456 7
4036 6
4436 3
4802 7
2730 9
960 1
681 6
1629 8
4884 10
706 9
1979 10
4327 3
311 8
2797 1
2729 1
2444 9
4132 3
4680 4
443 1
3926 4
94 8
4022 6
4225 3
4821 9
2257 9
3995 5
2775 3
2680 6
158 4
4488 1
2394 6
440 10
1313 1
3464 2
909 1
1083 7
3947 9
4409 8
4020 2
2432 8
2366 1
4243 10
4746 2
1551 6
132 6
3661 8
615 3
4435 8
4969 10
3818 7
716 3
1348 6
2689 1
4234 8
4671 2
4664 7
522 6
3153 3
3122 10
2278 4
2273 3
580 10
1857 5
1718 8
4516 9
2686 2
3031 2
2324 4
4374 8
1426 1
1289 10
3570 1
935 2
4622 5
2573 9
2697 6
2934 9
696 6
2289 4
3719 5
3840 7
1988 9
2052 2
360 4
1192 4
53 5
4844 5
758 6
1442 6
3184 1
2247 9
1792 1
2661 2
2886 7
4016 8
227 8
315 3
1324 6
345 3
4979 5
2622 5
1355 6
1017 6
2451 5
3031 3
809 2
3289 8
4579 9
3236 8
506 1
4104 3
2692 6
4778 10
4386 7
328 9
1023 2
3727 8
1887 1
1990 5
1056 8
3548 3
1814 10
595 10
1298 6
1815 2
150 9
1907 8
3189 2
2510 9
1192 1
2025 7
3989 4
435 8
2989 8
3476 7
2696 5
2288 5
3548 7
4328 5
494 10
2180 8
2956 5
4253 9
793 8
3813 5
2532 6
2643 10
363 1
2879 8
4500 8
966 8
2753 9
2797 1
3524 3
2417 1
1079 7
3867 2
723 3
3626 10
3316 7
880 4
2460 5
388 8
659 4
1310 4
530 8
1924 8
522 3
2185 9
1880 5
3415 4
2141 8
1340 1
1132 5
3707 2
3970 6
340 10
3514 7
3651 1
3114 2
1739 1
2618 3
2299 8
2795 9
1847 4
4092 9
2942 7
183 9
3173 8
60 7
4946 2
2992 6
994 8
515 6
1972 9
3948 8
4762 4
3575 3
2204 1
2111 1
4044 7
2600 2
1943 1
1106 1
3949 5
2120 10
4675 9
4248 8
956 9
1388 1
3058 10
2799 4
680 6
1548 10
3583 1
3801 3
520 9
3770 9
196 8
1567 3
1891 3
914 1
451 10
582 8
2568 5
2114 5
4484 1
4044 5
1733 3
3283 10
1492 8
235 1
4784 4
1430 3
2372 1
1297 2
3750 3
4266 1
3603 10
518 8
4792 9
1821 8
2029 2
1553 2
3930 4
1479 9
2178 10
2603 2
4864 6
2837 1
1332 7
1774 1
788 1
327 9
1847 8
4867 3
2511 5
1873 2
479 4
4832 3
2514 8
1279 9
995 9
440 5
550 10
4102 2
3182 1
3151 7
3151 4
2326 5
3644 5
332 8
2026 2
4273 2
2850 7
2737 2
2284 5
1446 9
121 9
1468 7
2681 8
1641 10
3295 4
4571 3
3465 7
1609 5
4979 8
937 2
491 4
3562 10
2768 7
3829 9
3408 6
4355 9
2762 2
2291 6
1430 4
4703 2
2284 7
4237 6
2438 3
2748 6
1622 6
4229 3
2283 4
4083 7
3393 6
1530 9
4829 8
665 2
2091 4
809 7
3310 8
1614 5
877 3
4404 8
4955 4
3525 4
2441 8
2553 3
1996 7
776 1
4526 4
2873 5
2159 3
4502 3
3401 10
2890 1
2135 9
4358 8
2535 9
4667 9
2522 5
2559 9
3699 6
4738 3
4352 6
3367 7
2817 1
2154 1
821 7
3278 6
4480 5
2340 1
3893 7
451 2
2434 7
885 10
2555 3
691 5
981 9
4769 3
3030 10
3731 9
2051 5
2321 6
1752 6
3106 5
2578 9
777 4
3455 8
701 3
3670 4
529 7
3593 7
2159 5
2724 3
4903 6
4119 10
182 7
4281 8
1423 5
1149 3
941 6
3393 10
977 1
1940 5
406 9
998 3
492 2
789 8
4724 8
4431 3
4562 5
4864 7
3502 3
4054 4
4078 6
1173 8
3907 6
4813 9
351 2
4919 2
2366 10
2351 9
3417 8
4485 3
4119 1
2863 7
3451 8
3316 5
4308 5
4845 1
4926 8
2430 6
2087 3
3405 1
1786 7
2082 10
1283 9
3719 9
4200 2
3019 10
3738 5
2617 7
4286 1
1616 8
2873 8
366 10
3740 2
1904 6
4553 2
3563 2
3267 4
1660 5
1416 3
250 10
737 2
4502 8
4785 7
1786 5
2322 9
3692 5
3641 8
2296 5
1381 1
2607 8
2312 4
2814 5
3315 9
2511 9
1007 3
4080 4
4947 4
4815 5
2788 9
3697 2
1607 2
3265 1
2153 10
3897 8
2698 8
4485 4
1917 8
2917 1
3904 4
2423 5
3452 10
450 3
619 9
117 4
4599 8
267 6
4768 4
3325 1
2322 1
1637 4
59 5
3853 6
3210 7
3429 9
2438 4
4983 3
4362 4
3495 5
2315 3
3055 5
1833 8
2277 9
4121 1
3740 2
512 2
577 7
2156 10
503 1
1690 6
710 1
567 9
2039 8
3318 6
4319 4
913 5
1273 9
2973 6
4662 10
1789 1
4925 3
3672 5
4676 5
4206 9
1604 5
1796 8
3884 5
3631 6
1033 3
3365 3
3300 9
239 2
4849 1
2019 1