267
994
1320 1381
1042 1346
299 454
63 1245
1074 1329
1376 1389
860 936
1388 1405
565 1231
685 812
212 1015
1309 1373
854 1059
1227 1258
61 1306
140 1058
742 1078
1208 1232
1382 1419
12 818
828 1289
2 106
649 744
79 221
1189 1317
520 999
173 183
459 1241
430 1026
99 1061
1252 1264
847 1245
549 792
840 860
1256 1420
154 828
185 1416
1311 1413
872 1299
857 1383
258 1290
881 1135
1388 1420
747 1421
1394 1426
843 974
459 1427
359 1184
182 1121
230 967
1166 1333
269 1102
710 1124
1100 1200
427 962
265 1000
417 677
1336 1429
1360 1406
23 450
1332 1404
208 1388
14 159
1207 1281
408 1178
491 1433
1245 1422
1437 1438
780 1358
605 780
391 424
16 1416
101 177
440 580
117 1261
1119 1435
1111 1189
864 896
68 973
393 859
474 546
234 1380
1361 1437
872 1313
898 1038
44 643
1156 1388
1275 1333
767 912
388 1304
428 1260
992 1245
270 424
780 886
227 1075
706 1144
1132 1430
127 1215
1135 1405
200 654
92 492
1249 1331
558 707
1067 1276
314 328
733 1429
47 1242
833 1345
808 1335
463 1166
984 1341
321 856
1246 1300
621 1362
807 1003
230 345
1434 1438
320 477
86 1411
1105 1365
839 1022
233 1311
1236 1440
1085 1169
430 1331
901 1341
291 1411
974 1437
533 741
132 777
1087 1116
882 1115
1183 1224
1037 1198
430 1363
299 1116
524 855
46 659
621 867
430 780
1382 1437
140 1221
613 838
152 681
1087 1339
550 876
430 1303
387 502
653 1282
1250 1275
559 1316
327 862
910 1331
845 1255
1196 1387
1168 1336
454 1339
1201 1357
273 432
658 1178
1237 1388
848 884
671 792
1023 1244
541 1330
1367 1423
38 745
1023 1295
1049 1222
551 1026
1297 1404
393 593
889 1094
448 1237
644 784
1027 1109
1001 1062
132 964
4 1424
414 1049
797 1419
518 1018
1384 1419
1140 1226
373 1212
43 313
131 722
430 710
186 775
1001 1333
231 496
1036 1172
1406 1423
434 1334
781 1257
155 557
1210 1374
403 1109
582 1098
785 1081
866 1422
428 579
620 1289
10 87
1206 1341
1208 1277
370 541
351 1030
1258 1295
678 691
518 1369
1167 1348
486 1328
419 497
195 600
1354 1373
898 930
919 929
781 1269
207 377
528 599
1414 1430
610 614
697 1377
1125 1324
764 1234
820 1349
1113 1322
689 813
1256 1421
812 835
528 634
1303 1322
1307 1380
324 1088
1358 1367
464 1424
817 1252
1407 1417
1416 1428
129 404
1079 1353
20 95
873 1234
945 1416
174 208
294 365
128 1106
712 1285
378 1252
962 1041
709 1114
896 1385
438 586
679 683
854 1079
1276 1325
7 1080
941 1211
402 894
474 811
692 1270
569 675
686 1056
902 1313
1168 1262
224 1296
430 569
672 1261
637 648
679 1155
953 1255
377 686
1301 1364
1013 1287
492 975
652 1131
920 1419
942 1208
1333 1403
424 522
974 1259
440 794
307 714
64 223
1103 1104
598 1365
1423 1434
1432 1435
259 479
758 974
1024 1204
168 1417
978 1124
1107 1206
750 1154
1369 1381
817 1428
152 1251
325 1297
355 397
1144 1347
956 1148
992 1197
969 1421
910 1122
1149 1262
1076 1080
773 1262
472 546
81 386
1323 1423
861 1333
1028 1137
1014 1176
800 1251
196 740
47 421
1301 1325
345 768
430 901
1411 1415
820 1246
604 1019
275 1116
59 1219
914 939
1227 1341
87 447
695 1060
941 1414
293 608
764 981
370 519
528 535
724 955
1226 1370
20 1253
901 1261
274 1028
196 1376
281 1079
1073 1079
1383 1415
997 1183
211 377
909 1399
370 1208
1336 1438
916 1171
563 1392
661 1279
839 1102
1176 1230
275 745
1400 1406
1345 1407
1040 1402
500 1372
855 1018
388 1121
601 759
337 1140
1292 1358
527 951
1066 1384
104 1002
1344 1389
834 932
1182 1257
99 252
282 981
1295 1297
1057 1268
218 245
1234 1393
1244 1373
65 1375
493 875
117 742
90 1013
398 1220
98 361
910 1359
246 1252
1129 1163
99 1287
1218 1321
422 1061
554 726
160 531
1093 1360
1012 1284
124 444
603 818
1350 1366
1041 1151
729 884
78 1220
985 1435
386 1154
812 1019
448 1109
772 893
263 388
1436 1438
1182 1310
659 1042
125 745
798 1073
596 1374
504 865
748 929
35 217
957 972
1136 1263
92 1388
400 705
417 1073
335 1344
1332 1435
828 1292
473 1078
109 1204
48 561
1123 1371
1418 1426
1158 1257
176 472
871 1276
91 110
1308 1371
905 1011
82 300
752 1170
668 704
1352 1409
1392 1410
1397 1433
743 1182
404 1283
430 960
1325 1431
629 1402
284 1003
979 1397
39 486
529 763
419 1041
1179 1327
241 537
222 1068
1195 1418
1193 1325
1420 1430
750 888
928 1085
1114 1423
534 1279
1222 1302
72 761
447 666
324 1006
1235 1409
242 906
907 1152
319 756
1212 1399
1145 1270
20 138
638 1098
304 915
1077 1217
157 946
784 1132
249 1372
512 1298
411 515
672 1169
944 1265
990 1256
839 866
480 530
1220 1379
1323 1389
4 1358
1265 1368
292 823
495 595
1314 1347
1360 1393
783 950
697 786
400 591
1123 1318
932 1040
922 1332
126 881
493 938
661 1284
1389 1401
962 1020
736 974
401 966
552 917
1283 1433
1288 1322
432 1118
723 1132
916 1154
565 808
481 1074
367 400
62 1032
1310 1391
253 447
470 1118
318 1049
877 993
803 1339
716 822
1290 1312
906 1289
376 516
16 1153
1073 1266
221 574
725 812
3 274
298 1059
780 1187
1139 1236
520 834
716 1097
242 303
1327 1417
144 279
1324 1361
451 572
544 1024
368 1358
49 203
1402 1421
270 1080
549 1313
855 1235
661 1279
851 1181
1250 1374
594 683
360 678
939 1120
693 1160
469 942
1161 1172
1396 1406
211 231
890 1212
1236 1351
1402 1433
1275 1321
818 1246
283 1358
202 466
333 337
1045 1326
540 710
1117 1398
1110 1168
402 1156
849 1384
52 953
657 1300
409 877
318 1184
601 1438
220 1134
922 938
887 951
919 1065
78 195
758 1299
187 1212
298 1193
383 1130
751 963
714 1034
156 172
1046 1210
1264 1312
198 1256
1347 1370
387 1064
1299 1307
881 1331
713 1015
1250 1301
138 937
547 992
938 1056
1189 1411
352 857
395 512
392 471
167 1404
949 1364
1216 1423
83 1066
362 560
168 1064
656 934
291 651
520 1394
1149 1337
658 692
832 1253
1242 1430
699 975
349 491
1172 1322
1418 1428
1151 1164
1182 1417
474 1053
1396 1397
863 1355
316 1131
166 1306
157 1099
1307 1379
320 999
1123 1412
479 1149
543 726
790 982
1323 1438
1186 1270
1089 1175
289 1223
1364 1422
54 1345
1269 1416
927 1147
648 843
569 971
725 1233
1080 1348
843 1128
787 1375
789 1201
1078 1434
409 973
1050 1090
430 995
917 1274
253 1094
1011 1099
1167 1398
334 1342
352 971
1105 1242
906 1376
264 976
1032 1245
814 1242
776 1285
1123 1426
830 1301
1352 1410
21 515
192 535
355 1440
1259 1403
482 941
1178 1360
1063 1155
1358 1437
1433 1439
287 740
732 799
379 505
1353 1365
149 1428
430 1204
1216 1258
1169 1290
509 1418
623 669
274 805
1138 1258
849 1015
542 1040
1083 1318
1161 1307
452 675
1363 1364
559 1416
1027 1295
1165 1439
1220 1308
1066 1131
116 378
1069 1312
490 876
159 539
521 639
542 1182
1297 1323
239 828
667 1437
284 817
421 1303
769 1284
1057 1131
764 1392
1232 1252
100 281
610 1055
116 1439
1267 1339
722 1331
517 1131
1064 1228
720 980
568 839
566 1201
1136 1153
84 815
323 1059
554 1131
430 1283
450 1209
331 479
545 883
1211 1241
941 1439
46 960
883 1359
1107 1424
208 1440
961 984
1238 1419
1199 1281
1236 1290
263 1422
841 1060
1001 1358
1267 1295
595 1022
692 1114
599 1058
1353 1397
418 1320
706 1120
249 861
184 819
1070 1399
388 1258
332 1227
1379 1408
1032 1419
104 738
1333 1401
121 1000
677 1273
251 799
26 236
303 1072
117 1007
491 1418
150 1048
200 1095
206 685
347 1105
780 1015
63 1391
163 899
907 1318
1373 1415
704 796
249 1139
121 1337
1207 1351
1090 1188
1264 1299
329 462
381 885
10 1332
673 1093
552 734
595 960
533 1390
1094 1294
507 1227
1056 1364
1262 1344
778 1230
609 681
1088 1275
582 913
101 1138
876 1121
500 572
252 741
1074 1223
704 1244
153 1174
1057 1322
82 310
1306 1366
412 1197
136 1229
1179 1404
440 872
977 1261
653 1393
1042 1217
997 1005
750 810
163 1222
689 1352
1153 1294
715 1371
408 1088
519 621
556 618
1018 1292
210 544
1200 1384
727 1089
267 1091
674 881
1119 1128
1406 1415
687 1031
792 1162
368 1048
1338 1357
1256 1345
879 1060
937 1181
1235 1326
1135 1406
857 869
1263 1319
502 678
803 1391
886 1130
1192 1418
559 786
985 1385
1173 1276
839 1363
78 723
1222 1284
1041 1355
1338 1382
482 605
418 1096
1029 1248
782 799
781 894
1127 1340
826 874
625 955
1001 1319
1069 1402
1087 1402
3 1255
1058 1182
1052 1295
283 712
400 616
560 1274
464 1092
830 1316
321 1358
403 1192
1166 1227
349 702
95 271
997 1277
1018 1155
348 1301
44 1305
72 488
637 1060
958 1353
212 572
1325 1423
1299 1422
1420 1433
29 188
642 663
1030 1043
917 976
953 1262
623 1411
1078 1103
526 815
924 1032
655 790
1097 1256
1319 1409
415 1366
288 850
458 1280
23 279
1009 1147
101 127
725 906
995 1307
792 1415
1241 1344
391 1434
622 855
127 1156
1295 1342
1082 1256
342 973
1183 1296
1301 1355
1092 1408
798 1368
430 742
259 1414
961 1080
212 328
68 71
306 991
784 955
322 747
203 1071
975 1019
347 793
14 1239
146 450
20 305
1212 1330
629 1255
405 557
960 1408
713 1402
234 983
196 1380
808 1086
223 878
1194 1431
303 371
423 945
98 1333
152 707
217 602
752 1049
1128 1212
287 996
726 1160
1427 1431
1374 1427
1266 1361
880 996
820 1361
899 1035
335 533
654 782
478 992
1321 1337
1061 1141
759 1286
785 1006
924 935
519 590
61 1167
148 404
1396 1408
196 1281
1331 1361
627 1331
1140 1252
1318 1338
1223 1227
650 824
1140 1149
194 483
125 1234
1381 1415
653 1110
1201 1389
743 1108
1263 1353
377 986
917 1164
475 1237
588 933
