1500
143 256
1069 86
1069 217
1187 207
923 135
767 107
408 177
1341 97
768 284
15 230
1114 116
766 190
1184 125
471 107
298 270
870 77
252 187
1079 243
619 290
1022 77
353 294
199 110
957 84
849 297
1195 243
36 260
763 33
381 21
1350 50
1403 23
2 202
866 66
913 166
1257 139
1382 50
864 53
1324 29
66 48
760 35
501 218
347 67
1214 48
775 231
1258 41
1347 78
1360 42
458 33
1364 36
1394 23
1157 80
1240 51
947 73
756 183
299 211
511 245
978 48
1014 64
1201 74
912 74
988 277
862 85
722 135
1414 25
1425 15
1296 124
1049 188
915 53
1154 135
506 46
1355 81
654 210
1276 105
1257 155
716 244
1189 120
1420 19
981 149
147 100
431 185
31 228
1110 228
109 171
1008 21
796 264
1147 18
929 206
1109 189
1121 151
1167 259
428 143
927 274
1171 98
827 191
992 228
608 209
1384 38
1279 159
1287 151
4 284
1272 58
691 86
1130 264
1134 267
1396 28
56 295
249 192
865 75
153 248
737 44
1220 208
868 209
15 265
896 142
1051 163
1158 182
1359 54
949 195
725 122
1128 35
237 138
582 266
739 180
718 72
872 63
1015 210
1005 37
1013 117
972 137
1169 101
327 253
763 299
1006 98
773 261
1018 274
1424 16
626 158
594 171
1120 112
1173 223
503 149
462 84
558 282
1152 87
1347 60
845 51
1399 40
1360 16
1089 257
963 120
870 113
757 134
43 62
551 208
1212 127
586 207
1297 70
1058 159
718 84
597 185
799 251
513 179
529 296
897 39
1196 240
698 221
201 49
1241 163
1288 30
1251 37
700 91
1106 134
1104 24
1065 245
1045 243
1249 38
849 29
366 253
879 268
897 180
1214 155
1259 175
741 211
625 283
1266 54
508 244
328 219
120 98
987 249
1363 75
412 116
500 54
634 22
380 216
877 166
1407 32
1223 177
999 113
1009 60
1269 102
1140 288
858 251
920 294
680 42
670 174
519 170
1025 15
977 87
367 294
1125 101
472 244
982 126
1232 177
869 231
7 290
958 283
991 39
109 261
791 168
1355 67
578 173
997 100
1349 34
115 154
1309 97
1265 69
1421 16
726 210
850 101
834 94
1317 52
1297 140
357 114
1331 22
401 183
462 290
1404 30
379 85
624 176
577 257
532 29
1251 150
938 217
880 271
1144 223
1311 58
670 25
1146 185
134 56
255 104
482 246
1134 98
1269 53
1152 74
1027 115
711 235
1292 105
618 105
941 233
255 98
99 111
1186 181
1305 69
1411 23
1290 19
822 68
481 204
394 151
840 181
29 123
278 167
299 30
967 215
1061 106
1299 121
1346 28
456 219
1161 107
1107 226
1130 211
317 126
87 95
258 224
1201 80
91 237
1380 22
1162 226
1265 137
1384 36
1300 121
978 153
1154 91
337 145
1181 244
1329 90
1083 131
1144 77
805 232
1374 15
1078 252
1334 90
1387 26
1270 96
978 99
1051 35
1041 39
520 99
938 204
321 187
687 160
93 115
178 116
980 104
902 26
310 245
1229 76
1303 100
296 124
844 292
1338 25
1117 84
865 198
569 227
1199 60
1422 16
1262 97
328 15
477 275
1171 166
1231 174
1155 138
529 21
1116 277
1257 105
1060 38
1277 46
1006 82
1411 21
1171 105
1244 145
1067 145
1379 15
673 106
133 118
528 232
1247 192
1162 99
740 279
1032 216
1253 125
831 60
1083 138
484 224
325 248
1351 72
1294 77
1134 213
429 57
624 72
1243 170
896 210
1195 231
888 220
1233 139
1169 160
371 276
1205 18
1205 51
1423 15
1386 46
869 74
925 63
1258 106
1385 23
1397 36
1142 16
1048 56
1068 232
784 288
1071 84
448 16
751 156
272 140
1316 34
618 273
1219 151
1330 24
514 200
1054 218
1252 85
986 136
1388 16
1189 166
1313 32
1159 246
1288 57
1284 37
1118 156
209 107
931 96
1151 16
1002 39
1139 245
1329 62
1109 189
1330 73
869 131
1138 26
1305 23
1243 176
767 292
1240 97
474 141
521 262
1195 184
293 144
1119 280
904 129
526 277
550 37
1247 21
1395 35
242 164
1047 276
1227 165
875 300
1113 52
887 30
700 101
1268 54
1149 265
337 99
1001 108
1271 123
846 58
1062 229
630 151
137 247
991 65
416 293
1276 127
1296 21
874 159
838 168
1227 74
1148 272
1036 234
409 291
1245 51
1164 21
860 61
1368 31
1284 21
1299 33
1424 16
1324 83
1115 247
421 213
1358 57
1084 227
1372 57
1135 19
1395 29
1033 27
1175 107
927 156
339 33
1189 21
1124 280
731 175
598 60
996 266
1108 153
366 48
845 194
719 61
840 108
979 197
1408 26
788 114
403 62
1291 102
1337 91
1191 128
1157 244
1268 106
1244 177
1337 36
1243 49
1234 58
1215 28
1272 140
1181 232
1349 88
1020 33
969 216
725 132
1394 28
910 99
647 51
1084 77
746 208
892 143
1056 283
290 153
918 296
1355 67
1383 22
1205 80
774 175
1356 70
635 107
564 227
1240 134
903 242
1022 29
1039 89
1212 84
939 86
737 61
510 106
769 243
1262 20
61 174
1141 65
729 276
1150 152
1321 58
35 291
1072 289
1205 161
308 51
1086 260
1381 42
330 272
1348 51
1215 47
1307 78
1183 126
655 294
1185 104
1109 299
752 281
334 249
1297 60
1092 32
1140 146
325 143
684 132
1309 56
1165 248
1408 19
66 156
1082 300
1179 146
188 129
1033 279
1358 66
1376 37
1053 236
1382 43
232 168
1219 176
605 141
1019 279
962 175
1111 212
798 18
579 99
257 33
1350 90
807 98
1410 30
640 15
177 19
737 140
1326 112
862 211
1395 29
618 142
1225 175
1323 44
1388 43
1358 16
121 250
1059 136
1032 84
1257 102
686 162
1400 25
473 61
201 31
285 39
1283 53
1145 109
1422 18
805 259
1251 76
857 193
1231 114
1146 130
603 225
1419 17
747 119
793 248
1389 34
643 196
609 156
441 166
1208 26
643 143
669 40
771 38
437 211
1085 285
1256 142
767 185
291 16
1141 43
1345 40
940 131
964 67
899 199
1176 19
887 111
535 121
711 147
1171 127
410 164
886 81
1054 173
1158 192
264 232
1193 213
1145 284
1203 114
421 79
214 49
259 102
369 209
760 288
850 268
1148 98
1394 16
1170 185
864 229
280 223
1030 134
1329 27
1085 24
1099 267
1005 133
592 271
674 110
1067 209
796 243
1191 77
1360 42
125 167
1242 116
1152 108
1305 106
1127 150
989 168
146 132
1118 293
1368 15
1147 85
1031 79
253 67
1279 132
1050 215
1416 22
411 119
354 178
1205 46
820 275
1091 59
545 120
103 252
1109 207
1159 243
1288 15
200 191
979 299
1400 38
1372 18
1056 268
1353 84
1378 38
1411 23
1053 112
700 173
359 235
902 121
1053 187
1122 162
1251 87
1206 27
1057 147
749 77
1380 27
907 83
79 214
680 119
1059 140
963 175
818 58
899 229
1151 87
899 115
1199 20
834 236
938 204
1299 68
863 30
1103 101
1190 133
1309 114
1158 67
1133 180
1005 38
1149 89
225 245
1398 34
1315 101
1109 113
1300 60
149 267
1307 110
369 259
1266 165
1257 182
576 100
1112 41
458 67
789 78
1372 50
576 287
834 99
1340 94
414 215
1069 191
578 102
1269 59
715 259
72 66
281 153
847 98
1405 35
1353 60
1152 65
917 252
1240 174
1248 155
1030 160
471 86
1275 55
828 296
1251 169
1239 201
665 292
856 75
1292 20
1142 234
1160 79
1234 52
158 100
955 221
1209 46
1302 93
346 82
237 208
1297 93
978 259
1271 47
1182 48
422 53
1363 21
752 263
129 161
1096 139
1076 22
1172 45
653 177
1211 22
1335 53
877 154
1237 172
1365 26
639 281
195 272
1108 261
1029 192
1362 38
567 23
1003 48
1170 132
1389 15
1217 50
648 156
1358 46
307 233
525 177
1326 56
1311 41
662 99
812 97
1069 180
1162 30
1079 159
913 259
1228 89
945 300
1000 223
706 103
620 27
1155 272
971 210
573 298
976 286
414 88
1091 61
1176 40
575 87
748 211
457 59
1180 66
980 93
1284 50
397 124
674 181
1320 93
45 90
1075 242
1228 164
249 253
1289 22
995 194
273 31
774 105
322 210
243 173
1362 78
1234 135
1128 37
752 71
1038 187
1281 38
699 162
1137 275
862 45
1010 267
1412 24
716 286
611 287
1389 23
1126 280
1274 31
1060 82
1139 217
608 232
1417 20
908 236
1240 24
88 100
1345 36
186 119
1291 110
75 87
1102 63
437 63
1280 34
910 135
1353 39
495 168
512 257
0 104
345 29
1414 23
1299 58
1139 104
1060 190
400 169
1406 18
858 21
792 146
1420 15
1355 48
1044 116
1047 241
913 189
1255 144
191 284
1259 147
54 242
1303 43
1256 147
416 262
1183 94
683 43
896 295
1310 111
1365 30
1338 76
1395 16
1390 31
218 185
371 64
471 129
429 30
1392 30
1187 156
912 56
1199 184
1317 40
979 33
1410 25
110 121
1131 129
151 228
431 256
907 119
1303 45
1299 72
1257 154
1120 247
1270 91
1386 32
911 288
1165 129
1091 193
116 124
1266 60
1174 175
1018 195
1127 276
736 89
79 89
525 110
1406 20
1045 243
455 201
1294 59
1146 218
1411 21
246 221
930 78
1111 147
1251 173
914 115
1343 20
795 47
1200 158
1030 208
1312 100
444 24
1328 65
462 212
1059 194
1314 29
1254 161
964 118
1250 40
1196 163
1370 66
966 209
55 286
225 56
1193 205
1001 209
1395 18
846 136
54 188
237 284
1299 64
1365 23
69 112
1114 202
171 166
1410 23
1287 49
1149 16
1235 42
728 105
261 42
1164 241
154 146
1410 30
1411 19
1248 42
1171 41
1387 22
533 264
1370 68
1289 130
1066 159
1115 63
1132 86
880 25
909 293
1067 289
664 111
94 170
792 88
1420 17
1283 28
873 100
78 19
822 190
1096 240
288 144
1260 66
727 156
745 91
903 255
1028 45
1377 29
755 255
1255 121
849 69
1081 263
1160 63
131 37
543 270
1344 49
1227 131
515 83
898 280
1211 34
1294 99
818 286
1208 46
1359 16
921 55
960 118
1049 57
1168 27
1121 112
1034 263
1419 18
1304 101
1425 15
1356 17
674 207
720 197
725 76
798 173
730 96
990 148
1392 35
538 73
1089 56
1005 234
1266 42
464 216
1188 48
1307 104
1281 140
823 217
809 243
1083 258
1070 200
927 296
738 291
331 99
720 70
62 287
1410 28
1113 200
1291 117
1178 18
1180 173
1381 32
1371 26
20 61
1004 40
963 53
1288 60
943 187
334 189
597 83
811 71
1093 193
789 201
1293 125
1121 43
790 123
1054 27
1091 212
594 177
1181 47
178 215
1000 85
1321 105
1154 20
871 53
1256 121
232 152
856 152
1017 35
1150 156
913 274
1227 131
1314 119
397 235
876 171
922 247
1134 267
593 213
1206 38
1411 18
1376 23
518 276
1370 70
1024 236
1038 144
534 56
1057 190
848 214
146 78
317 294
1206 168
918 287
1297 51
821 81
1410 17
1407 25
1289 89
982 188
167 133
930 202
1096 102
1152 178
736 109
1225 117
391 235
112 192
1145 262
395 261
1003 270
1098 30
1072 136
815 37
510 30
1142 212
1417 21
713 186
1170 60
1242 195
316 264
894 123
707 47
360 293
2 64
788 240
1197 43
914 273
717 264
767 53
154 128
543 224
1244 124
861 138
1198 136
1173 154
1336 25
1411 21
931 207
1272 23
1063 88
1053 275
911 248
1231 156
753 125
1304 128
283 192
1104 295
239 35
569 198
739 174
92 244
1212 122
984 151
1156 20
1396 36
797 61
594 43
337 18
1138 90
984 28
445 204
1251 45
14 291
1380 34
1233 107
1264 131
359 283
407 230
1387 31
879 41
1131 194
1116 247
1107 38
1379 44
763 210
1207 169
1138 277
880 140
935 152
1050 134
1365 56
701 130
772 93
466 296
1295 35
1064 57
1337 31
81 256
1060 232
1128 270
871 99
243 188
1265 112
629 269
873 210
867 141
1238 95
1355 33
1313 104
1072 262
470 41
1122 216
1378 28
252 280
301 273
996 173
1337 16
599 189
1320 19
1277 78
1405 18
1240 196
1084 266
1223 165
157 162
951 229
1113 27
1272 35
1076 134
1318 44
941 210
330 270
895 118
1331 90
1169 136
788 216
47 120
847 100
1033 237
1074 68
1134 267
1263 93
1123 221
801 111
1257 147
578 64
52 48
1150 84
1286 131
125 42
1216 121
54 55
1209 109
1146 23
314 61
738 142
275 19
1389 43
668 142
1241 138
1249 125
880 35
1224 68
195 82
1036 148
771 28
1061 272
1406 31
817 219
446 189
859 96
864 141
1168 257
1224 189
941 290
1355 44
1220 20
1222 133
1217 63
449 146
352 78
277 52
860 115
1312 63
1234 124
1226 18
1156 63
914 81
1262 69
710 289
691 265
465 145
1084 86
1323 47
575 184
1266 127
1299 23
996 212
273 82
1187 88
1331 19
285 295
927 203
1371 15
385 183
1076 150
171 73
1047 154
689 139
1337 69
410 89
412 44
1344 40
192 76
520 283
154 225
674 20
1346 27
832 155
378 281
924 78
929 24
760 126
568 83
493 146
968 267
939 267
973 198
744 235
1187 51
775 48
1021 214
1248 66
1308 86
1397 23
349 57
1164 122
156 56
1082 287
1152 197
1237 49
1201 96
944 49
919 236
866 254
958 281
1414 24
455 290
953 236
1117 91
1304 82
886 169
678 26
1404 17
1278 119
1068 262
249 15
1206 135
727 66
1287 109
1088 113
776 199
1362 36
858 48
599 65
1022 271
997 80
1159 119
390 90
1255 35
982 122
1256 60
1410 17
792 44
184 78
1329 49
608 105
668 212
1390 19
287 106
785 291
827 54
1184 242
1084 45
645 138
556 57
159 300
1180 36
1248 188
1107 38
338 163
1196 171
936 245
1131 16
1189 105
1271 55
1020 87
1001 142
1122 206
687 117
1314 93
1127 210
1072 71
583 52
1409 22
500 229
1403 28
933 201
1349 18
1316 59
507 255
1306 15
933 172
240 292
820 124
1141 170
1013 103
611 298
627 114
620 214
736 201
868 61
501 275
1100 228
1260 163
1406 29
1113 95
1122 171
872 21
645 179
82 37
905 176
1157 123
852 147
552 181
1184 38
653 40
1125 253
1116 247
1388 21
765 215
459 224
1348 31
366 196
1328 45
882 197
497 238
895 126
52 55
271 271
1321 30
350 143
1023 17
210 149
656 136
1318 70
388 177
305 209
231 290
1049 91
1341 29
891 174
1301 136
508 193
1127 253
1139 139
109 229
1088 214
1381 37
142 251
81 30
1068 60
13 225
939 267
601 236
258 269
936 90
607 185
1222 71
873 135
