10000 50 
3084 279
2341 258
2878 117
2280 210
297 273
3329 209
56 89
1683 144
3332 179
976 95
125 63
3846 165
347 191
1254 260
2591 268
1262 181
423 190
2206 204
1231 107
1311 209
170 293
7 98
81 273
377 57
1996 264
3647 60
1303 133
3246 35
320 120
3345 141
205 84
2745 94
3160 121
3488 42
1330 116
1588 251
3784 73
3560 278
2274 145
1259 97
276 182
1045 298
1191 73
1043 282
2135 78
1384 269
1268 214
3395 278
1968 290
3108 106
4090 129
2467 143
2569 83
3556 127
1174 219
1721 74
2773 89
1809 246
4035 171
2661 193
417 269
1480 189
3360 52
749 52
1123 35
2082 212
3201 40
3049 161
642 144
2367 253
2691 86
599 291
1176 126
114 118
2050 193
1476 210
1283 214
2435 167
3644 244
1816 55
1576 102
173 93
3088 139
2369 193
1087 172
549 260
1729 124
441 273
3505 89
156 181
1329 179
2680 47
761 66
24 271
843 163
1079 186
3677 116
2691 208
2653 271
2438 234
1228 217
52 111
362 31
2525 299
199 166
747 189
633 40
2474 223
663 226
1585 148
2517 245
3014 185
1020 34
602 293
2902 213
2333 124
996 100
3502 146
3842 72
325 206
2320 84
440 244
3310 183
271 85
3757 206
3693 247
3669 73
3912 180
818 47
1033 290
1562 198
3825 281
1 83
627 148
3165 87
2296 34
2786 207
3070 108
2211 145
1163 132
2265 83
2189 221
3135 64
3655 122
351 239
2465 180
1131 83
796 215
2761 85
2037 61
911 236
3432 122
2773 144
264 175
958 52
2456 83
3363 222
1867 269
1512 185
1444 116
864 112
2522 290
136 75
3366 286
1019 110
2446 162
412 179
3747 41
3464 96
3753 47
977 267
3230 151
4035 33
3827 43
727 268
118 274
741 203
919 52
61 253
3460 214
2428 164
168 133
546 83
2888 108
2942 187
2651 274
942 135
1525 170
1558 158
509 87
2107 82
2844 69
355 35
94 91
3201 258
3414 128
268 219
2465 78
3725 247
3608 235
2299 299
2351 68
129 58
3027 274
2243 250
137 53
3906 146
663 260
574 272
2436 171
819 187
495 122
2781 69
3421 214
2328 46
103 173
524 296
965 66
2901 82
2107 297
1739 217
858 216
405 208
3345 35
1136 280
2668 179
316 292
1599 242
292 253
3365 170
951 50
834 221
965 187
2728 52
1648 157
2610 78
2373 103
1779 297
3723 293
2336 120
913 164
568 90
1718 279
2856 251
558 298
1700 186
2007 85
1162 177
1092 239
3040 153
2745 76
3090 299
3143 87
3616 50
567 281
3130 223
3271 189
3016 175
2641 82
2292 92
669 112
3183 65
3418 87
2812 171
1921 260
2877 245
2596 252
1062 191
3238 95
2682 72
417 262
3221 31
729 227
1755 270
2504 48
2014 110
2587 135
939 181
2189 191
2098 51
3991 292
1110 172
2942 263
2343 138
1423 298
1696 99
256 134
1655 114
570 173
3436 161
3084 292
1672 171
3858 217
1362 90
4022 249
3614 298
1045 218
3643 133
3233 134
2881 249
3660 218
2301 297
499 268
2525 188
1981 146
2924 159
2786 32
2476 75
1179 140
1694 188
2920 44
3828 275
3593 209
3167 289
3383 233
1398 114
3066 178
447 168
1388 145
3179 297
2645 152
4066 174
2510 223
2753 176
1816 183
1545 232
1776 52
3127 125
1358 131
3806 100
1252 133
1216 207
2727 287
922 272
3508 103
2008 161
1768 221
3275 159
938 178
2037 199
3591 269
3133 72
969 272
1933 95
397 178
1262 140
2616 228
2445 194
1232 209
3189 181
3388 289
99 139
646 35
3089 258
285 148
1482 82
1323 225
1571 94
4057 152
1862 195
1979 101
1714 208
2841 295
1734 47
1703 39
2867 124
561 146
3762 69
3706 188
4017 181
2587 297
1924 30
2195 197
118 81
3351 191
4013 226
1529 55
2209 131
1008 98
3382 131
1577 113
1617 45
847 242
1491 197
2674 226
2331 143
301 175
2214 119
3362 108
1736 184
243 35
1746 94
10 59
1264 41
1980 42
154 290
534 216
582 128
3238 183
2345 76
3109 89
3827 270
337 284
1185 36
3657 294
3592 71
2493 105
1836 185
3472 262
3660 240
1314 233
3940 269
2415 150
4033 290
1461 251
697 226
365 190
2711 113
3845 231
2371 133
2767 296
2216 43
1729 190
2193 283
3139 40
1627 83
854 284
3867 119
3382 229
162 45
2906 155
4074 125
3997 277
1765 219
3214 131
1626 219
3922 123
1770 45
3387 138
2802 104
4098 132
427 56
1223 199
2587 195
1247 209
3515 287
34 133
1894 213
1061 149
131 283
1266 63
4042 98
3421 191
3825 58
2073 68
2576 285
654 136
1621 129
698 77
2105 193
1096 135
3250 162
3338 114
3968 58
2491 93
134 238
3147 252
3068 31
2856 220
1156 147
400 110
3850 93
3763 58
3051 266
3140 190
2735 123
2342 172
96 201
3500 73
2689 118
2714 113
189 84
3454 225
1644 121
2943 157
1950 187
2877 162
1434 45
2309 260
1635 293
1712 208
1349 99
2809 77
97 59
2739 139
1084 119
3453 237
866 84
592 255
1829 213
1613 53
760 178
87 295
535 239
2720 116
3961 107
3378 280
961 67
5 254
95 179
86 69
3731 143
899 216
90 94
2540 84
2657 85
3223 91
2880 35
2801 144
2544 108
655 181
1290 196
1526 270
2338 64
2787 273
431 82
3662 209
508 182
4089 127
3321 256
4093 265
2249 200
2992 232
2887 113
2737 52
203 194
1363 251
3716 63
1542 90
3799 216
447 117
815 33
1445 269
1733 285
1169 224
1839 281
1286 144
2901 101
968 279
1848 288
3417 30
800 112
737 169
1029 143
532 178
2981 60
2288 167
1444 153
1370 262
3781 132
1002 72
3766 62
26 272
2851 91
1202 125
2462 56
3405 222
752 238
2456 156
2241 70
1261 130
1796 218
2962 267
1040 115
1859 116
3059 276
3757 130
90 270
1075 171
1570 259
3157 299
3804 164
1627 194
2699 123
593 61
1340 128
2175 162
1419 267
1785 262
1950 31
3024 103
2706 199
3985 209
3543 247
1071 94
3448 42
1119 297
3187 172
490 254
2330 261
2245 110
2174 107
2764 83
1629 114
1426 139
4092 278
2481 97
1768 206
3018 240
3460 50
3024 125
2925 165
3981 249
3675 107
1708 233
1472 257
2266 176
1517 102
3011 251
3909 117
703 95
1297 85
2350 128
3396 173
2090 230
3122 233
2920 56
1277 88
3076 82
3214 285
2424 245
1767 279
757 39
3185 30
240 136
2658 35
810 260
727 88
3923 133
103 151
4099 125
3940 186
910 66
3217 240
1299 120
2437 67
445 184
1402 277
3960 297
4093 238
194 220
2283 40
3104 211
1025 120
1040 242
2769 47
857 56
3958 199
1117 262
509 207
2575 255
265 73
1217 154
3341 53
2376 215
4099 182
2672 227
727 150
1012 66
1742 130
4019 157
1553 174
626 287
1504 186
2327 271
3686 281
3210 223
1495 88
3802 275
749 159
1174 174
4075 71
2789 100
520 79
3115 120
3367 204
1686 179
2987 215
2960 240
2352 141
1107 197
3767 180
3474 210
2481 175
3248 108
2988 61
2160 221
1174 239
2662 94
649 193
1450 43
2984 41
2272 153
3411 285
3101 297
1591 65
3339 125
3812 202
3705 54
2522 205
1755 156
1244 265
302 38
3730 35
1095 102
3607 214
2394 159
649 270
1047 212
1168 216
38 249
365 204
2285 143
1497 236
2482 69
1764 215
87 42
1367 171
3443 134
3660 245
899 164
2349 276
481 153
3920 206
2004 244
3159 275
3151 104
3345 228
3216 239
706 144
1750 247
3875 294
355 77
693 270
377 120
1383 40
4056 196
2362 231
2225 183
668 192
204 132
906 288
329 100
4069 80
558 70
3697 122
2742 168
3739 175
276 279
856 133
2804 160
1256 107
1948 69
2857 74
1244 264
1441 141
3399 64
250 135
1928 34
3664 158
1024 275
833 134
1696 136
1003 49
2195 185
1217 248
1696 155
3009 170
2215 297
3989 82
1163 124
1683 67
1275 44
2398 130
256 155
321 169
3108 200
2708 129
3063 134
795 94
2582 164
225 180
2249 150
73 212
635 222
3287 250
2464 299
1544 157
3274 267
141 239
3562 189
952 189
3985 164
1917 130
3708 164
3172 169
1268 37
323 143
2557 87
1146 90
1547 284
741 234
3488 106
3440 71
2770 234
3990 206
378 107
1572 286
1103 208
342 156
3473 215
2487 285
3766 278
2223 269
857 124
400 278
3265 234
3720 219
1615 139
1555 246
3034 267
203 198
652 187
4027 138
2493 99
1801 38
2380 188
3642 154
2816 109
3953 232
3689 275
1227 41
1246 64
2065 239
2188 164
2983 57
746 143
797 43
2488 295
3151 163
2424 160
337 261
3970 96
3837 129
401 120
1582 129
2802 263
1534 93
2909 180
4057 107
2925 281
626 289
2171 175
308 43
2108 151
3033 244
2415 274
3110 284
3614 77
1332 165
984 121
1580 208
423 213
93 53
619 228
2842 272
57 97
2015 73
2136 139
2665 40
2044 81
3785 42
10 284
2405 193
1005 266
3305 83
2577 110
2950 185
326 53
551 114
983 157
737 57
3726 257
477 298
569 127
229 190
2649 255
2815 198
1804 128
1683 299
2854 67
2062 267
1897 177
3128 184
276 111
2175 258
3380 176
2762 85
1307 203
1309 287
3428 83
4078 33
1343 66
1869 100
838 137
3322 192
2459 106
3780 191
2132 166
3555 196
1315 138
3005 125
1895 93
1097 71
2784 149
531 145
2406 106
1379 236
1496 214
3939 266
1624 292
3042 176
755 178
241 167
1809 161
441 141
951 284
3991 248
1405 52
952 47
1436 199
601 49
2850 226
2100 174
1047 63
990 132
3403 199
283 268
791 278
3826 102
52 149
54 296
3923 108
1723 51
2546 145
3276 88
2749 175
917 299
838 107
1160 203
3196 32
3950 37
1181 209
2928 104
2229 131
2380 100
445 157
3714 63
1173 116
974 170
75 248
823 212
2278 126
2511 154
3515 226
1433 218
3184 171
1120 87
3663 221
1895 291
910 283
2414 271
2507 84
1353 280
3835 52
2608 285
776 59
873 229
3984 144
3216 286
3819 45
758 167
4095 236
1550 257
971 240
1557 39
2802 105
2437 142
3212 269
2185 171
2929 247
1169 238
161 261
333 87
2935 80
3975 81
3998 279
2849 292
1626 273
474 269
1458 162
1507 261
950 222
3687 75
2412 110
1388 110
2240 105
210 217
1666 210
3783 122
3441 90
1996 34
3226 104
2014 195
2742 54
1057 284
1623 229
534 262
3336 265
2275 229
3662 273
235 228
1834 63
3384 229
2001 96
498 212
2117 272
1612 274
1582 284
1851 112
3504 267
1879 140
2264 239
381 32
4003 234
2970 67
126 162
2830 270
2010 96
2396 132
2257 86
2423 214
4082 86
1604 237
3782 147
3379 112
699 265
3766 35
1885 140
609 164
3220 198
3308 160
1766 269
3037 108
1976 166
3614 286
1903 108
1482 252
3605 222
1531 197
3457 86
1822 91
2213 171
1968 200
3910 284
2958 108
2331 143
4097 215
1240 147
2330 276
950 79
1822 290
2417 255
2563 116
3015 104
920 136
1595 150
1028 111
2412 299
2936 290
1599 68
1282 149
3407 284
372 167
807 83
3429 176
3528 165
2126 246
2487 272
220 174
1488 169
3425 34
360 60
2688 84
3073 268
2542 91
1957 53
2502 170
329 36
1929 119
3280 134
883 102
746 125
408 52
3132 44
582 227
1215 86
1784 208
2527 142
2217 130
1846 87
4036 229
2855 118
3807 276
3576 105
1760 88
1107 181
2600 184
1433 186
3652 236
1660 295
2484 282
2635 56
9 118
2473 270
3727 244
514 117
1687 189
3328 212
707 118
665 98
1134 188
2099 226
2520 81
2390 273
3555 78
1845 60
1936 157
2650 224
6 159
3789 85
185 124
3720 69
2711 117
3435 280
16 63
1011 210
910 164
3953 233
1102 226
3878 144
3544 59
3761 172
1858 118
1353 63
3563 258
3397 174
3602 113
2801 150
2160 233
3923 248
3146 225
3357 94
2628 125
1706 218
3215 212
3216 97
2370 225
1392 103
1400 101
204 123
3816 197
1324 150
2879 128
2005 298
3947 256
306 93
2173 76
3128 299
382 217
3570 277
1830 124
1801 192
47 122
4001 261
3039 176
451 169
3117 88
3019 157
849 195
198 178
1855 92
656 65
2520 179
2508 111
236 83
23 108
1429 171
1784 164
1869 177
3729 44
3227 32
1700 209
2800 132
3138 49
1438 36
476 237
2661 104
2100 208
2149 141
1488 255
3863 53
920 160
400 180
3197 58
2320 62
2108 136
1341 101
1369 46
8 273
921 145
2560 195
1535 163
624 210
2147 92
3766 145
843 188
3424 192
1674 270
3521 75
2139 279
233 109
1263 231
1208 278
2629 133
2865 144
2715 50
2523 116
1871 113
884 36
1469 154
3723 116
3171 268
3005 127
683 224
1271 242
48 59
2382 125
3564 259
2936 219
2805 72
3241 101
1331 227
2825 179
1235 98
1683 116
232 92
3170 112
2790 250
3677 86
2131 89
414 106
3814 238
1888 70
3847 94
1392 125
3242 201
3366 296
2478 88
2921 33
2893 131
3816 90
1999 66
1724 239
2825 91
1072 74
3118 154
998 296
1163 155
2725 143
2939 193
1653 281
42 243
1833 224
927 257
115 273
3794 84
3928 246
499 223
603 181
1263 179
2392 229
2898 232
2653 208
3783 289
3649 286
2487 256
3067 102
1552 180
249 124
3070 186
2040 231
754 250
1725 118
2267 260
2344 100
311 270
1940 122
3369 176
640 273
1070 51
517 229
3817 210
1007 212
3966 141
1329 37
1024 213
949 58
3537 47
705 218
1705 36
1170 199
233 115
2352 44
711 111
1990 218
2444 172
483 212
3293 184
358 149
2976 223
22 231
3659 167
1973 205
81 145
2631 176
2944 282
4096 172
3712 181
1148 227
1859 142
1539 183
3852 265
2739 108
714 82
4072 49
1709 102
233 199
3189 197
2968 160
1922 110
750 203
2208 50
271 175
1510 284
4056 215
1688 206
404 272
68 107
126 266
3081 59
1260 213
1260 284
2781 188
388 294
3545 249
3574 181
1867 80
2889 259
2558 111
1417 278
23 53
651 34
3641 51
1670 270
2979 205
2757 168
3531 217
1895 244
2002 146
2790 136
3452 141
3741 130
2166 248
1389 93
3744 61
2403 127
3791 85
1562 234
117 35
923 288
3954 201
2698 272
1011 70
2542 246
3566 203
1152 267
1201 295
574 259
382 132
1874 167
3401 172
868 141
612 266
1857 213
1057 275
170 155
3815 37
3720 154
786 38
2266 193
1156 38
1057 194
1832 137
636 107
123 46
2688 67
730 84
1778 144
2724 88
522 105
3583 33
2030 240
3439 129
1192 201
618 114
903 246
3299 184
1664 298
1953 205
2156 162
2991 182
2141 190
4050 266
1490 69
4034 297
1508 152
3094 83
1795 114
1021 147
3165 183
579 181
3796 186
509 131
736 43
3993 254
3204 81
794 130
3360 108
72 173
1551 192
206 35
497 174
2166 234
3821 153
1964 131
3138 223
3919 129
2154 237
2828 180
2005 137
2553 39
674 53
527 272
1184 147
533 67
3336 49
3740 57
1735 169
812 294
2075 242
1937 136
3125 113
427 139
3676 89
887 274
1544 119
1563 267
1755 154
1196 159
1438 118
96 222
932 89
4096 175
1666 232
1541 96
3207 220
2598 32
1851 214
122 30
210 212
2921 83
3167 48
359 239
2432 130
1878 234
3852 244
1233 274
317 187
2485 163
596 220
2986 116
3501 209
156 40
273 234
1764 232
1375 84
965 40
1761 81
2187 72
2787 82
1709 100
1784 236
2596 42
2041 208
1829 103
818 86
1263 125
3336 81
2366 53
2583 250
1542 110
2090 259
2669 66
602 135
2787 58
1153 247
4023 170
3500 185
3658 214
3565 66
973 62
2477 160
622 190
2171 230
3543 118
3834 171
89 182
3052 249
2159 114
118 231
1912 35
3345 108
889 137
1287 292
3737 148
3668 165
3553 146
3991 157
304 158
2884 135
2108 291
3133 279
3355 274
175 55
3193 254
2493 116
409 175
2460 42
87 51
2043 31
1786 265
2839 121
2026 297
3527 126
80 83
1167 281
801 220
2972 153
2682 51
941 67
2488 144
1789 183
407 53
3277 239
3920 88
467 89
1527 189
2809 135
1994 81
2520 263
1223 177
3058 109
3106 54
810 246
1490 62
3713 236
3382 98
312 125
1754 154
3337 196
357 115
2000 96
868 59
3326 173
2064 222
711 259
3324 72
3232 102
2905 222
1613 213
2258 132
1928 74
3783 142
80 289
1358 229
3651 184
119 289
3520 291
650 176
2813 252
3418 201
2055 242
2231 81
1277 293
541 202
174 272
2134 72
378 62
1055 164
389 144
1468 164
2213 102
3142 47
184 144
1693 276
2699 200
2691 155
1028 177
3036 93
1999 179
2915 30
2581 152
2481 108
1836 297
3499 54
3115 61
4068 285
3965 175
733 199
3240 205
2570 200
732 83
1095 256
24 283
626 123
690 135
1723 260
139 126
726 153
1022 214
2323 249
353 206
1463 153
1091 92
3347 220
2328 173
1433 195
2083 32
4054 235
2753 240
3074 274
3721 179
1434 69
2374 48
811 182
935 33
2959 201
1984 266
70 167
2378 118
739 269
3949 275
794 279
867 126
3193 50
2108 195
3210 298
4095 279
2940 31
3758 73
3486 132
1563 32
1009 228
1574 62
869 246
2437 295
1441 88
3888 62
3148 197
1532 263
3545 294
1401 33
2853 66
2945 295
3515 94
806 37
1310 62
122 61
2276 238
1410 241
1928 188
2584 272
128 89
3395 130
2325 174
16 277
2677 266
667 247
137 59
1576 139
2787 74
3543 244
1944 216
3903 53
1060 78
3962 61
1429 247
997 211
2882 141
197 131
924 173
197 158
1111 81
3912 237
326 282
1982 53
1444 65
2964 69
910 256
168 49
964 56
2337 58
2115 155
3149 280
2020 124
2618 234
1009 290
2846 42
2593 162
1952 70
2292 247
1564 280
3611 133
1248 169
2818 257
4008 125
3995 56
3985 296
1698 287
1008 223
829 254
2051 54
2002 86
3838 106
3833 120
2729 80
3618 275
2517 169
370 258
2125 199
1384 220
3467 32
2895 109
20 229
241 123
463 85
3492 125
2719 130
1129 266
3425 276
1873 157
574 265
735 183
1105 52
2108 240
356 39
1365 260
1217 249
7 82
311 63
3603 161
3536 240
2149 112
639 295
222 122
90 114
2604 294
379 212
2133 174
1157 228
1083 166
173 162
3648 121
2852 206
3289 65
2919 193
1978 153
1806 198
1663 267
1977 180
3067 167
225 87
439 182
135 104
1829 163
596 251
105 144
1311 94
3332 178
290 123
3116 277
3481 58
2387 98
2885 136
1791 229
2310 299
483 43
1995 151
1521 245
1523 292
1551 58
2139 185
2351 247
388 259
42 104
693 145
2572 48
2906 233
2556 52
4018 43
1541 117
3951 180
2114 62
3514 59
1920 249
2667 290
1078 126
436 237
2274 55
1102 43
75 35
3686 124
1171 62
2734 111
2751 259
2268 176
1705 45
803 241
2659 240
1192 118
664 233
3961 162
1500 208
3181 295
703 109
1326 38
786 155
2308 100
2058 236
3527 116
1522 161
3359 186
1532 78
2146 274
174 296
1115 260
3372 189
3973 194
18 74
1627 178
3580 68
1016 191
3824 37
249 190
1675 249
272 249
2825 50
3432 164
410 188
1804 99
2486 201
2603 130
3009 78
2714 185
1759 85
1674 279
1777 152
263 244
3715 145
284 162
1246 74
624 292
1889 43
2975 113
215 193
2842 295
358 70
2055 182
383 88
1431 174
161 234
4006 204
1464 120
210 298
3422 47
2396 282
1768 160
3680 137
909 164
47 276
464 277
1667 144
104 44
283 277
3931 202
1599 287
1146 270
2350 47
918 51
1661 154
3992 207
417 215
2151 113
2498 65
709 219
236 42
1521 278
3328 154
2651 197
3726 199
1228 99
1390 149
540 38
3502 250
2901 259
3061 254
2831 81
2623 267
1225 174
2606 117
2627 243
3047 235
3293 216
1643 135
4068 108
4036 196
3936 266
580 70
2895 57
2702 39
1230 268
2711 267
2053 119
1462 172
1665 202
2463 265
3425 88
1394 287
467 229
1285 223
740 43
2656 102
1302 275
3865 35
2407 62
443 296
3096 82
634 279
381 188
2638 179
2936 197
3443 278
2663 37
3270 221
2355 248
670 99
3153 173
308 107
759 155
1918 85
3685 45
1436 253
180 166
1344 47
3644 144
3594 101
935 244
981 178
3570 176
4003 213
3101 60
1717 297
2484 120
3442 33
3283 273
1888 270
3533 75
3425 258
149 69
3453 234
3432 43
1585 230
2657 115
1445 219
1815 212
701 172
505 269
1789 103
2981 116
909 77
3294 287
1336 37
3758 266
2456 232
2322 47
1448 158
2663 251
784 236
3447 176
2260 277
3470 77
1876 97
3139 122
932 211
1196 266
1079 277
959 281
1078 280
2103 113
573 197
3876 278
2923 149
2223 122
2191 215
948 137
4060 229
1350 60
3322 295
393 231
1036 66
257 222
2958 138
2535 103
4010 57
2758 50
1399 205
1993 292
2874 285
208 211
3871 171
2797 91
4047 48
3864 214
870 41
757 145
3853 33
2525 263
1878 242
1131 159
2439 283
1611 287
1992 160
3489 189
145 283
2258 201
430 271
3551 167
3573 117
1166 44
3601 90
2753 246
2357 135
4033 233
972 91
4071 182
2018 104
372 124
1668 143
3529 80
2600 163
3216 107
3512 53
2135 104
3126 272
687 184
235 293
3671 196
1936 122
3412 76
7 59
1356 117
2445 287
1180 84
2560 157
649 142
2425 116
3667 150
3792 99
2657 249
3084 104
2634 255
613 262
3513 252
3580 277
3632 284
3962 220
2982 103
2590 161
150 188
505 261
635 62
1513 182
1603 289
3633 80
384 185
3474 299
2703 227
498 53
567 53
34 292
1993 77
2653 182
2035 225
362 224
2583 276
1147 75
734 62
2968 61
3702 167
1347 176
2315 89
955 59
3578 173
423 183
11 193
1444 96
2416 271
626 81
2686 152
4033 226
3439 89
2157 225
3123 298
1208 71
1130 293
2472 97
863 93
2921 83
2171 195
3334 85
3816 162
3931 263
2542 196
3368 142
1948 283
1294 183
1759 91
2489 58
1543 150
3624 177
3287 188
1655 251
1261 195
2716 36
1218 143
1173 68
3140 123
2612 279
3705 246
118 255
1699 284
2698 95
991 154
3927 41
239 282
1271 78
181 261
2033 280
3334 111
358 272
2578 274
674 38
3369 244
1559 115
758 132
333 145
1145 215
316 62
3695 255
2645 279
3182 93
298 36
3489 153
3804 288
3877 112
1197 153
875 209
1880 222
988 205
573 52
1079 161
1784 275
3932 194
522 37
274 151
947 200
2220 95
3333 185
2205 72
3183 236
424 30
1719 108
1781 263
4050 143
1576 206
1492 32
3222 189
862 102
3124 212
2831 183
246 75
59 220
2713 118
3170 223
3606 44
3373 179
4003 148
3131 291
2897 95
3952 118
2886 294
1589 128
1458 280
192 128
2679 136
1583 220
598 132
1472 196
3641 74
2751 204
1883 44
38 40
3896 49
3678 97
743 101
3085 286
1570 129
470 31
2888 211
3824 114
1247 71
3313 262
3262 78
1630 199
397 143
418 71
2637 179
648 113
3636 127
1167 279
3140 224
2000 69
2693 184
920 78
3454 49
1388 282
2561 246
3041 31
1343 178
971 293
2261 191
2661 196
3364 167
3999 288
2046 173
3607 80
1940 264
2340 83
1243 209
38 294
1070 112
2970 67
3555 235
2240 288
3302 137
430 157
1026 209
3700 54
3559 82
2678 44
3994 245
754 209
3278 56
2009 240
3580 83
3035 77
1522 170
3894 215
2938 167
2104 31
3889 271
1468 181
2033 296
423 249
1780 284
2853 185
986 137
2727 295
3138 297
2725 197
3761 164
2646 47
2848 93
2213 70
955 138
3557 155
1055 68
3672 245
2119 281
3101 184
1557 195
3281 149
912 72
996 274
3373 292
3733 38
2855 247
1213 276
1086 177
1405 98
2613 122
2089 183
3556 298
1656 97
3414 211
685 114
3240 214
2851 237
1893 200
2112 261
2188 76
2508 168
2312 68
3104 62
2877 82
2509 114
3558 269
3270 234
3070 89
1198 146
3518 80
3034 69
2942 101
1961 60
362 88
3923 276
2286 279
2819 140
1480 211
63 158
2324 218
3938 112
3102 269
309 275
3999 292
3189 201
2551 87
2680 154
928 266
931 253
1678 77
3980 101
2611 205
2207 257
3845 253
1055 83
1066 87
2188 105
2653 202
886 224
3559 56
965 219
2086 119
1224 121
1285 120
333 118
1754 66
1808 86
727 175
3164 62
599 113
607 49
1560 241
3503 209
965 49
1503 162
1631 127
333 225
2257 164
3111 80
2688 84
1668 51
426 137
2183 225
3607 42
3558 221
993 294
2652 174
3845 68
1804 87
762 292
393 155
3590 103
1548 57
4028 82
897 207
910 226
413 257
2499 223
3260 41
1571 285
899 237
382 134
3701 296
3915 239
2359 100
2660 99
927 212
1415 198
3862 92
627 196
1924 223
79 123
911 237
1083 198
2729 103
2564 251
1625 262
2068 40
2767 266
660 75
563 101
2200 272
3751 76
1409 89
3242 180
3909 101
517 169
3516 240
2495 151
2796 219
682 132
3062 79
4047 59
1980 40
1448 37
612 232
2236 279
2886 265
3537 298
2554 111
198 188
3452 92
372 54
1823 184
437 69
1576 94
2515 281
1459 234
1122 128
2913 30
1859 268
2732 125
3838 112
584 292
1802 74
2390 184
444 223
3970 108
3302 62
3746 91
1815 86
2830 41
2642 90
163 198
1958 213
1293 224
878 42
1667 186
3300 198
3224 45
4034 199
2324 124
3690 227
2541 145
3479 220
1603 204
2676 143
1509 79
155 45
2068 84
879 115
1321 116
1291 144
2048 168
3182 219
3032 296
677 153
2406 107
1597 253
2919 292
1802 255
348 167
436 159
1648 278
730 79
1176 217
3840 290
684 274
3520 105
1388 171
2955 208
2888 110
3444 241
1890 104
1610 100
2881 298
1710 76
947 221
1921 34
13 244
3149 246
3219 272
3159 241
3519 222
3120 209
1241 126
3917 51
740 36
3238 41
2737 238
2069 178
468 209
3121 48
1989 260
3604 108
2711 31
867 229
2166 194
3590 104
3403 270
3206 219
397 50
2618 193
4043 168
2879 198
3765 251
3989 43
579 189
4048 181
977 61
1168 216
3258 65
3015 218
3681 212
2513 97
3934 294
3152 259
3749 127
180 284
2098 284
616 270
2267 78
2391 139
3481 275
848 60
4082 146
962 224
2954 235
3535 190
979 58
3726 60
2078 144
1114 170
210 221
3075 141
77 105
977 169
2611 160
1213 279
1587 279
3400 32
3761 271
2315 183
1432 189
3328 211
165 83
3496 97
347 197
2083 43
3714 187
3075 143
945 171
2456 76
2831 227
1996 86
2147 168
1206 225
600 214
3977 168
1798 217
858 120
832 175
1439 70
297 288
2381 43
3734 71
3559 68
1652 46
3647 47
818 216
3979 154
1188 221
3380 119
2389 256
2596 236
275 258
3251 76
376 252
3068 155
938 188
1288 238
1352 182
3932 259
2058 209
1396 288
3604 46
3157 237
360 79
2300 225
1521 59
2403 126
2828 150
3168 132
1572 97
1988 199
381 136
333 288
1359 185
3376 201
1281 143
1744 185
1709 293
853 52
1402 173
322 111
421 238
2453 37
1715 40
1693 47
1584 120
31 245
1032 110
3648 257
734 272
2414 33
1856 276
916 240
2751 125
1924 165
3792 152
3913 192
1682 273
2668 74
1790 124
2390 72
3257 241
948 267
661 41
550 83
196 253
4099 211
1380 208
3482 157
258 163
1485 94
3671 86
1622 169
1458 152
3688 263
3942 119
3576 255
758 157
3137 292
663 270
124 222
478 255
1836 85
349 285
1738 261
1803 294
725 142
1136 191
1000 115
3318 62
1455 77
4012 166
2658 201
3945 279
460 38
1259 267
2667 158
3048 214
189 191
2680 270
3608 252
2300 251
3673 68
3078 216
2341 151
2530 41
797 246
3891 210
2361 102
4020 162
2247 185
1222 53
3609 231
337 82
3866 289
1239 241
3507 281
2109 240
285 147
3916 228
2450 195
1490 147
1540 63
3008 61
2921 291
2298 159
906 161
1295 83
3889 221
1961 36
1539 228
73 176
2025 111
3430 232
73 131
1373 93
1995 274
3140 151
1984 111
3388 40
510 92
2398 250
209 290
1361 116
2096 107
4002 202
3423 206
2264 39
1490 243
2847 53
576 193
118 112
1494 158
4025 286
441 111
3672 278
1384 183
2941 98
2227 53
2761 175
1299 89
2662 193
1794 47
3963 63
2985 115
205 280
1008 203
91 106
3060 68
764 91
150 211
320 37
1983 88
784 293
1186 57
3756 181
2206 116
3041 240
237 271
1586 251
167 131
2532 174
348 162
248 214
1638 33
3752 277
737 279
3438 126
1643 61
3902 258
4081 138
2555 281
1880 197
511 62
200 137
614 145
262 284
2687 159
2659 289
1476 44
314 57
1205 269
808 131
468 256
558 257
261 132
358 215
1733 120
1819 162
2714 190
906 259
428 297
503 245
443 104
3552 221
2236 242
2682 50
587 61
2593 161
1429 49
2007 272
3723 80
1901 140
3603 97
3302 41
3468 230
1414 223
3958 57
602 279
2037 116
237 133
2961 180
1817 186
3232 136
1971 262
3681 57
2759 162
3339 117
1641 105
3300 249
3224 62
1922 211
3586 88
2157 69
686 122
2195 169
2955 133
1096 37
192 299
3703 140
3500 239
3536 183
3448 151
256 76
169 105
1251 189
2903 37
1794 231
3755 166
1704 201
1131 35
3345 85
2617 117
1655 97
2893 72
3337 91
549 133
233 52
3601 223
989 210
569 284
2696 111
2237 284
1455 287
2466 30
618 100
479 30
962 244
4090 214
2183 72
2771 148
1150 175
3013 144
1069 113
2995 110
1189 98
3285 104
2303 36
1536 235
343 144
1924 40
3831 216
1985 161
1608 208
3664 109
381 239
675 244
1163 197
1680 212
2182 70
1021 246
3980 120
2086 261
1201 286
220 123
463 268
3297 298
128 41
984 34
1304 227
3590 186
2265 244
70 42
2335 287
1775 86
2267 184
2855 142
1951 119
918 164
154 59
155 226
3564 118
701 295
4089 109
1317 45
2350 200
3163 46
1602 66
3368 227
3022 46
903 228
3454 41
948 56
2086 168
516 287
2326 262
3191 207
65 180
2750 117
800 135
2933 118
2736 40
259 43
2636 186
2702 103
1656 168
3314 119
915 53
3652 84
1845 40
1426 223
593 130
2845 108
1451 139
859 143
3725 272
3726 171
2279 147
1370 200
1087 127
2711 178
1782 184
2863 158
452 172
3447 61
2600 90
2071 287
1809 173
2256 105
2860 250
2269 81
1987 220
1264 40
621 199
2582 203
4038 79
2802 257
1474 79
3690 47
2789 70
2071 43
2773 100
1973 92
2283 255
242 283
2472 40
3424 210
2188 60
1619 187
1325 245
2539 122
3960 149
2291 177
2573 266
3756 96
2710 138
3891 103
2277 267
3950 244
4094 115
320 199
329 163
3266 155
2308 284
3293 274
1388 291
3484 74
4037 244
3163 289
2789 158
620 146
3590 261
810 94
2635 258
273 77
3084 220
325 198
3468 32
1760 30
1723 191
669 180
1296 150
3470 113
2340 76
4069 238
235 86
3445 112
2962 291
3407 192
839 142
1481 140
1904 286
3513 172
841 216
945 138
3543 158
1698 127
3158 162
2506 259
3603 270
927 149
3786 108
694 113
2239 162
2147 155
1909 115
549 216
2632 75
2314 172
2715 188
3091 255
2150 298
3844 130
2301 279
2940 261
1691 263
2892 55
2153 71
644 116
2986 188
639 222
927 262
2049 82
2933 196
3086 100
270 263
3192 50
1182 235
1736 227
3010 170
2301 109
1005 122
155 52
2031 38
1044 32
3241 59
1349 44
3323 281
3150 296
2819 286
3416 190
3437 84
3772 105
3991 215
1150 191
2384 149
114 291
544 160
3559 265
2274 56
2727 64
1993 125
705 216
3446 36
1978 238
1638 178
485 78
2517 271
1573 107
3347 204
3333 56
1667 42
3132 298
816 204
920 189
946 234
2982 264
2414 225
3615 291
1664 64
3394 257
1631 58
3370 231
3958 99
3736 295
2448 103
2271 63
1100 191
1748 204
2598 241
843 184
166 36
437 274
591 250
2206 41
291 106
3248 214
2608 191
3421 217
2552 131
2822 86
1281 146
601 57
924 149
566 135
3672 242
660 192
4087 87
4029 131
1924 161
825 69
3595 275
670 240
2401 40
1778 269
58 135
1340 196
2840 59
3274 64
2644 166
1865 284
1580 35
740 204
3307 133
1171 156
2556 208
3705 31
2381 150
1199 37
1424 52
3055 105
3640 137
3956 116
2392 96
3957 67
619 287
3235 190
2644 212
256 128
229 161
3660 293
1632 94
1141 270
182 238
465 61
3441 90
3682 240
3259 142
3097 99
2622 200
1039 116
2575 226
323 39
165 282
2057 283
1200 274
3049 144
3032 141
2036 210
2484 268
1969 70
3013 37
2419 172
2780 249
1355 72
2388 70
1011 274
2187 212
3363 245
3118 33
2332 124
816 31
348 230
1966 260
3750 298
2539 105
2464 160
3974 199
2265 184
1426 142
501 287
3628 60
1604 67
1642 290
25 263
3355 146
3615 50
2077 175
172 58
1479 148
217 109
349 39
1229 30
3733 52
3385 153
31 266
1239 120
1469 91
108 205
914 174
2945 45
3092 51
2848 190
4003 267
3567 199
3573 286
274 281
1190 227
1235 292
3668 86
2707 168
1096 295
2589 269
1653 197
1803 241
765 139
2992 249
3447 89
1086 164
2324 230
3102 234
959 179
875 72
606 160
1186 282
3615 234
2817 53
2671 181
834 211
35 81
4048 37
3251 198
1068 158
1209 168
511 196
3024 84
2957 168
1589 176
2206 226
370 202
2289 131
1482 240
779 169
3470 161
1732 217
917 264
2747 251
917 265
3026 244
3746 82
1437 57
2363 30
81 108
1439 34
1457 215
1095 89
829 218
3014 233
1431 298
2488 70
3998 254
1024 215
1888 162
3493 31
217 100
2160 290
777 130
739 123
1309 225
3505 178
2559 134
230 219
2011 169
444 73
307 143
2315 261
440 278
2568 261
898 175
1343 94
3608 155
656 242
392 59
1635 207
3379 212
3405 204
1573 57
1217 76
1992 31
2816 172
3855 144
53 230
2224 293
2667 82
3177 58
3597 266
599 165
4017 82
3735 144
342 251
2721 249
2551 60
3382 155
1118 47
3557 78
1520 244
1392 173
2045 64
2432 176
2225 203
2369 115
1627 52
209 63
2555 298
1983 155
719 129
2254 249
2140 240
713 218
943 101
3643 254
304 227
3499 234
2184 109
663 182
779 250
3853 224
437 53
41 121
3926 146
2307 254
1115 174
3306 153
2585 264
3550 224
1289 103
3714 128
1074 237
964 199
3294 164
1138 279
2120 205
1576 138
66 231
1032 275
912 100
1168 111
934 35
3425 90
2145 138
1702 50
2929 149
2599 293
3576 266
1309 117
3031 183
226 232
2597 226
2893 76
3771 138
227 90
2030 98
3508 278
2206 275
210 216
3509 111
2372 267
2523 85
3514 178
1836 58
3928 285
3311 218
2518 63
2725 253
442 38
1957 267
2665 243
3903 102
620 43
1729 59
1871 244
3090 129
1859 183
2973 214
840 199
1098 153
3089 159
1811 141
1730 57
1154 120
2489 51
2910 163
368 97
2706 293
3721 120
3760 259
2170 203
2992 130
3093 228
934 126
3276 89
3049 249
198 107
2830 148
1 266
1515 288
955 175
557 108
3205 90
2250 240
2674 91
1368 83
3873 86
1280 254
671 218
1300 225
2975 58
645 195
2311 218
66 94
1080 104
1617 108
2004 69
1940 205
1054 116
3880 245
2087 88
1048 293
4032 152
1003 235
1090 34
1248 156
3914 286
2356 134
1348 208
2149 258
579 190
710 76
1939 297
205 230
3601 115
808 168
3118 65
2574 209
2676 100
2941 117
364 158
2508 179
702 32
3185 85
489 47
3255 254
3853 259
58 119
3250 245
1856 186
2205 71
2053 102
2482 248
340 57
2040 203
2059 273
292 177
1434 108
114 135
3330 137
2070 283
3914 148
647 97
313 256
17 166
3720 83
3233 131
932 186
624 172
1353 276
2502 173
450 270
585 32
580 67
2269 206
3388 250
3251 178
3378 101
408 175
2939 145
548 138
1069 213
1882 144
2323 169
1316 270
471 278
2415 34
2691 256
3445 230
823 33
785 37
889 37
452 50
4 165
3104 42
3060 273
2531 214
2021 48
3856 50
748 87
1672 180
3682 115
905 121
963 41
1028 269
381 282
143 82
3741 144
3741 86
1542 94
3421 65
3045 258
393 92
3371 208
2238 260
2280 241
1124 43
3237 248
1619 79
3946 161
1168 62
2220 140
2256 51
1693 171
1319 235
2078 97
1785 104
401 162
2775 296
1835 198
3694 45
556 265
3057 261
165 158
3349 266
1613 141
2696 131
452 82
577 245
2535 87
4079 112
3964 81
462 260
4025 66
3568 120
1473 140
796 256
1390 191
3463 235
2320 181
3318 297
1212 122
1638 292
3849 182
1200 144
3101 62
3782 93
1880 115
2637 205
1642 282
1367 171
1557 48
1365 68
3962 56
1229 124
347 162
597 128
3979 238
1158 206
629 163
1005 37
938 213
2044 177
3127 164
3128 240
743 155
2256 196
4014 203
1093 122
1880 59
2248 143
2881 85
3430 49
3782 170
3450 92
3266 110
3285 45
1280 64
3004 39
2075 110
276 77
1255 155
3282 196
3823 269
1281 74
2615 113
1569 193
3448 268
3114 280
3024 59
2711 208
3507 272
718 206
1643 261
3815 268
1811 104
3288 255
2984 103
1988 213
412 163
1593 249
1247 296
995 173
3239 143
1090 237
6 289
3693 121
1893 258
3546 52
95 236
3074 263
105 227
607 185
3251 207
2328 72
2810 60
4086 244
2644 249
3043 210
2256 114
1374 92
2869 42
2224 291
2047 50
2278 172
354 175
2712 62
869 99
777 55
344 290
2969 107
3104 89
1075 232
916 232
1948 182
2681 96
773 190
193 282
514 57
701 194
3907 197
378 266
2283 224
1793 160
696 133
1205 125
379 153
801 244
1074 203
1060 171
2710 242
1115 155
444 75
3409 115
760 83
3349 139
207 240
1864 204
2921 290
2131 203
1441 290
2387 114
2767 241
904 216
3463 282
4048 139
3279 271
2803 210
3509 223
35 192
1557 202
3799 208
1023 192
279 52
471 34
1552 96
356 125
1306 183
3143 46
1682 113
253 226
3198 80
2597 97
1559 52
1780 282
332 261
2932 261
1042 254
1995 290
3293 48
2590 41
540 199
1938 83
1988 131
2136 294
2121 213
1992 260
3772 209
2583 59
3066 126
1478 234
1963 140
823 38
2582 177
3596 47
1360 158
516 176
1808 281
2587 103
2426 95
2533 277
1655 270
2036 97
454 124
2202 134
3701 129
1922 212
3328 85
2713 37
397 173
585 73
1714 61
3119 108
2734 114
2641 95
2380 174
1115 201
3050 80
2640 165
57 79
415 142
799 193
323 99
224 116
3739 275
2599 147
1055 94
64 75
98 75
3930 116
2627 40
2613 176
2948 290
1386 252
2501 231
474 124
2627 199
3525 79
1955 223
1976 132
1298 254
2504 262
33 79
1523 42
3985 222
437 188
180 145
1217 283
4021 246
115 255
379 264
2136 63
199 221
3405 165
1454 123
3794 214
2309 163
1914 206
1234 193
3379 266
2126 85
3575 120
3521 30
1991 217
1841 249
3322 116
2869 180
974 148
2231 114
1729 277
1474 39
2959 168
912 157
255 247
721 244
3281 252
2843 144
1286 286
3030 176
3374 202
1224 237
1236 251
2283 244
1888 58
181 87
2667 263
2228 238
2768 47
3453 171
3119 274
2204 265
821 164
112 103
148 252
223 284
2206 224
3492 212
2725 96
43 185
3450 215
1846 50
2395 226
1609 152
1988 249
2216 44
2740 81
3135 73
3982 142
1740 294
1338 168
2232 133
3775 174
86 144
1893 282
2437 95
4048 185
3673 36
199 76
654 139
2569 290
3808 182
784 168
2132 80
1955 178
1929 242
3850 42
1414 244
698 245
3644 156
3536 93
1750 254
2935 76
3435 118
2305 229
2307 296
4047 265
4049 180
3673 81
267 262
2838 79
2638 97
3569 261
3575 192
2797 172
2628 243
2996 40
2569 108
2998 122
3785 94
2591 250
2179 63
2810 262
378 200
2861 217
1618 280
829 262
746 169
1756 90
1254 33
1426 196
1106 273
606 159
107 260
1912 195
119 91
3718 74
2979 37
2531 205
2705 58
401 211
2464 288
3019 195
1558 47
3192 51
4040 188
2397 39
1752 168
1589 170
3510 267
2578 116
1072 90
3777 213
2197 35
877 39
489 122
3680 114
3537 65
2863 43
4025 250
1439 39
2304 152
3750 297
3715 196
615 292
1629 235
2685 199
3961 153
2147 184
1126 285
1157 198
1368 40
3963 136
2508 284
3072 230
2131 85
3554 145
1137 85
2822 203
1918 187
3879 285
3102 278
438 78
1543 34
560 260
3051 177
2771 141
2322 40
2324 97
2479 104
3302 61
140 157
3495 54
1134 152
1533 45
2383 278
4008 71
1686 218
215 139
2529 222
3670 227
4079 256
1047 287
859 298
2989 96
241 95
2896 203
2326 226
2734 177
124 81
3515 98
4006 278
578 73
2657 100
998 290
133 50
1604 214
2452 41
1821 116
915 288
959 132
3530 46
554 275
2808 265
239 232
2783 114
610 232
2481 95
56 33
2998 50
4098 92
642 213
3704 276
1328 31
3273 61
3140 150
1494 114
138 173
2511 116
1567 228
733 156
589 161
3471 209
2514 181
2379 172
2559 266
1889 38
3255 180
3990 85
1033 140
1638 120
2172 295
3388 219
799 50
2579 200
1830 203
1426 148
3950 169
826 61
3604 218
3633 243
3007 223
1819 58
2198 107
2763 103
1892 190
3875 265
3551 267
559 129
414 113
3843 148
2130 171
1768 146
660 146
1764 48
1915 182
2872 246
3020 100
1900 274
2050 77
4087 39
2939 127
569 272
1850 154
1894 170
3644 125
2231 228
835 67
3434 235
2331 81
1229 269
3855 278
1562 115
3976 107
2801 55
2784 102
1522 136
1031 53
1084 201
1948 70
2457 164
3237 264
3150 40
3172 278
549 220
2764 138
2234 55
3149 202
3959 34
486 212
3340 276
3481 125
2491 253
1726 63
2620 131
659 276
2390 140
3955 150
3018 202
2266 262
3417 276
1248 125
3387 96
1401 151
816 139
644 36
1721 108
3938 61
1155 286
2198 163
487 140
388 179
1690 51
1787 98
1852 278
3468 59
934 86
267 71
3641 170
3023 265
1791 190
1835 262
1079 280
824 202
1169 93
776 254
2676 72
917 210
1255 224
2338 175
1489 126
3289 201
259 124
3658 271
3710 194
575 181
4093 79
123 80
3168 93
1998 203
3248 30
3775 81
726 119
3744 293
2635 232
1901 178
211 102
2379 271
3139 36
2724 115
2003 94
2301 289
691 75
3322 218
3198 129
2179 279
77 135
138 266
3234 206
2973 240
499 102
2348 143
459 66
1063 249
3233 265
1637 285
2875 161
880 191
1472 131
1275 275
143 188
2986 30
2574 31
2830 143
4012 160
1304 90
3651 117
3819 186
4086 48
1952 78
1237 113
402 75
70 270
558 78
537 79
4064 191
766 101
2543 287
789 233
992 277
217 127
1915 289
651 33
3685 95
2663 198
1124 254
3590 46
1816 112
1986 278
3264 69
1925 152
2696 292
3732 248
1106 103
3212 212
2210 209
2000 204
3857 180
1308 39
1238 42
2753 88
3621 98
761 46
1051 149
3948 284
2426 41
2192 273
2166 93
1388 81
3685 214
690 50
3555 83
3163 152
1390 181
1413 34
1699 46
1327 120
982 159
1360 279
1907 53
809 143
157 97
2709 139
3005 203
1618 205
3464 262
3016 144
1985 77
1035 95
2640 54
1819 226
3694 173
869 59
542 234
977 223
453 167
1196 88
250 112
3070 253
2577 35
3252 114
3454 55
66 268
525 49
2448 58
4049 224
2493 217
1848 194
3499 32
1405 83
1690 151
2689 247
2716 111
1097 251
948 197
806 180
3006 230
1834 208
3753 288
738 113
3996 77
7 117
4014 163
3085 96
3878 173
1408 294
1065 127
3130 181
882 189
639 72
2132 257
2144 76
916 195
2092 199
3344 122
3621 290
292 151
513 67
226 215
1423 156
1869 271
659 100
900 147
1687 32
1212 153
370 146
3621 35
1491 148
1526 194
1799 121
2683 227
2423 102
361 148
3495 87
3785 41
2877 179
1236 36
406 238
2177 39
2404 283
3124 281
49 237
2953 217
3782 88
1835 132
3272 95
3201 231
1343 260
126 277
603 195
811 221
4040 95
1525 97
363 61
1204 207
1965 211
775 233
83 292
3087 113
1014 152
2961 85
2391 30
1975 266
2511 210
338 241
2335 31
1814 265
1569 283
3415 242
2280 175
2990 252
514 152
3067 290
3836 207
3617 211
3451 204
389 134
3675 186
3518 184
1902 164
2550 295
3146 279
1989 183
3676 238
1274 299
3495 247
2564 107
548 54
1510 46
1263 210
3109 202
1048 264
1168 46
2884 157
2056 193
2859 38
235 129
3362 113
2986 223
458 128
3159 154
1101 108
2414 134
1953 274
1715 231
2091 95
1824 132
3702 78
1143 171
806 243
3536 97
1733 80
58 139
1536 54
2103 93
3389 228
2798 295
2722 196
2128 227
1179 215
919 298
3059 243
1296 62
1296 275
2108 223
283 212
2143 98
3947 106
2319 108
2400 147
1726 212
1531 257
1884 299
1467 64
3008 145
846 258
1326 194
2988 62
761 235
1511 117
2150 35
2285 96
343 56
1240 105
231 133
709 37
1635 52
3478 138
1925 175
3450 180
393 216
29 168
3519 137
2546 155
500 247
584 234
299 100
3178 277
3158 245
1791 174
325 227
3308 121
1900 265
2568 263
1764 262
3558 264
802 130
2466 71
2347 94
1688 201
365 186
2052 135
210 129
3948 271
1042 94
3725 115
2531 129
2444 224
3817 139
128 289
2396 234
1521 68
4003 169
695 248
1244 59
3264 79
454 108
1525 76
1557 294
138 138
1728 63
3945 258
1233 243
3375 182
3843 105
3431 172
1769 289
763 198
1559 279
2201 242
319 107
520 32
3255 235
1037 173
3060 130
2715 239
3256 169
1070 81
1378 107
4029 93
21 237
2661 218
497 43
66 260
3034 234
2568 293
1207 223
3362 240
1896 101
193 212
2715 254
1858 45
1865 286
3030 219
85 76
3868 125
2300 74
2333 32
3447 47
1099 175
1448 243
3676 86
1922 145
499 83
3579 274
1658 105
2946 154
3879 37
1045 76
290 53
2908 65
2901 286
3025 76
1044 257
2696 127
1903 100
2796 58
2256 84
1374 258
1356 113
2205 160
1521 226
1541 295
1196 99
3092 31
2365 178
3817 101
3072 167
1051 142
2395 162
3633 57
1141 268
1536 59
4 112
2409 142
1132 40
3915 122
2254 234
1065 138
3435 58
1683 77
604 284
2637 75
2913 122
1003 104
1544 105
1503 267
177 50
3949 184
3451 267
2842 148
798 199
2523 68
3364 107
2994 288
1780 234
3144 93
4053 106
2610 64
507 160
875 178
1995 40
341 105
698 58
3960 203
1061 61
2937 196
1043 299
1698 117
3342 46
2330 233
3113 54
652 79
364 55
3131 47
1906 224
1362 51
3456 276
1626 218
2946 274
2674 287
3988 55
2671 231
4016 222
568 48
2653 241
3247 127
3767 173
3855 277
2791 290
1973 105
1924 135
2711 206
1214 216
902 284
156 237
2375 173
3749 50
3638 176
1685 129
3859 195
2499 170
3085 256
3016 296
339 125
1438 276
2715 50
1206 234
1490 241
30 32
1170 258
3961 30
3611 52
3929 270
1386 156
2268 228
3861 168
1718 276
2544 253
1826 157
2498 189
1930 46
233 132
3127 127
586 177
1627 34
1836 132
931 136
357 295
2835 280
1593 248
553 82
367 248
1349 64
89 154
3224 33
1556 219
1538 138
1365 97
43 154
3096 47
1738 170
1656 214
1084 129
1715 73
2898 204
1981 278
895 120
923 203
1477 189
1908 35
826 222
1241 189
3828 195
2786 244
2412 40
759 82
2563 87
949 151
3740 109
1776 221
1535 197
2093 211
2709 167
3234 126
1876 59
2273 36
823 279
1842 50
776 269
1123 137
1401 278
2247 167
219 277
479 112
491 203
1101 47
772 284
523 230
1903 199
2497 278
83 266
2337 230
355 184
1960 65
702 72
3068 92
1453 155
190 129
243 185
3434 190
222 36
2920 173
2148 215
2715 78
2546 217
1313 195
2473 196
473 188
1811 297
3736 62
2992 209
3897 223
3823 160
3308 90
2297 70
968 44
3447 299
4055 229
885 270
1317 287
396 73
4069 197
3496 138
1469 196
2934 49
833 102
3133 36
626 256
689 112
892 54
1973 202
1240 238
2284 33
1710 158
2231 174
2635 36
1271 33
3914 31
3722 82
1478 130
3179 208
916 42
2698 33
3265 263
3041 47
2891 199
2705 166
1616 72
2905 46
1249 113
2794 151
1030 162
3351 144
1744 238
2107 71
422 223
2440 286
3514 106
2809 232
2866 131
584 226
1761 74
2671 57
763 158
2727 233
1965 54
1695 66
979 228
3240 119
1803 154
476 66
265 90
1898 145
3560 93
699 60
479 112
2163 140
3068 284
2457 230
3840 200
1710 182
1246 57
345 238
3204 279
1749 135
378 255
346 153
4080 189
1774 171
3716 186
3598 74
4016 210
3518 230
882 105
3886 221
2980 47
2023 136
77 86
1655 222
2032 236
3242 275
1495 132
2880 254
3501 151
335 74
2259 33
3065 51
1057 100
2912 62
359 173
2819 45
3026 208
59 98
3831 211
2942 298
2771 97
401 191
3729 32
2094 273
1266 132
2142 132
2202 96
935 84
1739 161
3434 70
2497 179
1350 96
3510 123
4025 73
2903 68
3649 70
3868 282
3720 177
3793 54
3245 259
851 69
2445 256
2878 70
400 203
1899 199
1172 286
495 194
1836 297
2874 35
370 189
2982 85
1048 32
2309 85
1440 222
855 95
3413 75
1442 36
1442 209
2788 95
606 90
141 118
4012 60
534 278
2908 166
753 267
214 71
3337 51
3714 172
1097 169
3826 91
1170 109
3822 141
3340 248
1303 238
1227 76
3164 138
3969 184
261 219
1130 57
2335 160
2192 149
2355 115
2335 145
836 210
3082 182
697 280
4028 91
873 122
986 266
3000 137
2769 120
2830 45
3252 153
2756 294
1865 243
3074 254
720 33
1216 245
2258 78
2138 237
755 118
2109 209
3410 55
1411 218
1827 124
3606 224
2006 207
1420 31
3516 45
2864 289
3948 127
2228 161
3611 116
3798 267
2397 83
1369 98
779 215
160 70
1258 83
3967 105
2503 88
1283 159
2355 235
2491 227
423 40
1245 142
4010 184
3383 87
1490 246
3403 207
907 214
2781 71
3293 110
1813 122
1787 70
3724 289
2606 160
3877 174
1268 263
1079 299
897 211
577 268
3423 50
3214 262
1957 160
2149 253
3587 158
1809 180
2824 85
2717 169
2064 283
1302 37
1751 218
383 252
1484 234
3774 241
631 142
1549 101
1328 79
2210 73
100 145
2287 217
2863 249
689 83
212 150
2503 268
1797 64
3547 163
1998 103
2714 265
2567 207
1630 105
1689 49
3042 98
1846 211
3347 275
3177 256
1486 51
2527 178
1270 134
2195 102
2962 285
2953 71
1269 54
2816 232
2660 107
2737 90
624 54
2919 68
3615 98
2662 280
1190 84
545 280
1522 219
2308 121
1862 123
1754 139
427 287
1072 93
2042 275
2793 139
2811 191
3492 223
2107 43
2553 69
1543 223
732 39
4096 202
2478 262
2259 231
163 259
358 298
1008 254
2076 142
1492 199
1263 250
716 243
2814 299
2152 207
3108 234
951 83
258 92
3199 230
857 279
127 53
2666 240
562 114
3047 279
1053 205
3574 240
1292 57
3074 111
3871 76
1074 203
3241 235
3726 236
2943 149
4065 278
1848 198
3973 157
288 280
3622 136
3096 270
139 289
1436 74
4086 167
2812 169
2806 187
2741 249
4074 267
3992 256
356 196
3350 299
574 257
1451 119
1043 135
3157 252
434 202
591 269
433 294
637 225
2128 250
3922 274
1168 235
1741 235
1482 293
2807 98
3789 200
1462 98
3696 199
1513 242
2789 131
3146 202
366 206
2166 59
3062 259
607 156
3154 144
861 119
1409 147
2673 140
235 39
2217 292
53 146
1133 267
2470 107
1352 100
3903 65
4 176
2483 220
971 118
3014 223
1027 166
4078 186
3735 99
780 244
3814 223
1044 284
2784 105
2685 218
956 197
2060 173
1655 168
2873 166
2008 258
530 211
1847 89
2166 167
3164 183
1399 265
2402 225
274 262
2037 220
96 47
3703 286
3537 76
701 115
2015 196
2445 121
1138 284
1283 281
1121 219
666 30
114 284
2781 286
1988 170
2685 41
3429 75
486 239
2662 254
1537 33
1413 241
367 234
3184 70
1497 120
4056 69
4060 126
3706 149
2706 210
783 132
2643 251
3914 294
2972 278
2736 78
2576 75
314 218
1465 289
3855 289
1772 216
2445 284
4067 298
1878 161
1574 252
3969 89
3267 37
1522 247
991 280
1726 238
3952 66
1115 251
1575 151
544 159
1294 141
3261 263
2643 111
1141 227
913 288
3955 170
1925 207
1947 58
3336 110
2935 107
1381 156
1241 299
1404 75
701 199
3653 212
538 58
292 286
608 50
2060 86
2942 185
211 104
3400 245
514 127
1815 295
2501 255
1343 177
2212 282
1299 32
1976 265
180 159
1674 260
1485 190
3660 76
1221 219
934 196
344 290
299 114
1270 140
3396 266
3225 39
2665 183
2556 163
3194 167
863 39
606 188
3145 40
2724 219
1988 258
3870 52
1254 219
2287 54
2151 115
2382 217
642 48
417 249
2494 50
565 98
336 90
3548 200
1576 71
135 101
385 256
2987 209
505 261
1125 273
3119 261
1231 82
81 68
3463 246
3337 173
1606 138
129 292
1869 189
1875 141
2898 165
3349 184
2134 151
3755 219
18 196
2804 256
1257 104
2364 77
3375 42
2734 233
2547 148
2377 285
2105 177
2528 127
3226 167
1035 138
3679 209
700 236
1837 116
3180 82
3745 35
3703 218
72 240
3580 215
2966 56
2084 234
1954 80
2719 169
145 32
65 216
996 190
3818 131
3089 195
193 121
3176 268
1602 80
3423 198
3628 291
4083 268
2234 224
577 73
1531 177
2412 36
525 61
3905 191
961 59
2607 179
3110 113
2157 99
700 215
3197 76
585 164
4020 83
1770 50
646 241
3999 68
2509 162
2279 194
1890 233
1180 147
4043 226
471 59
96 86
3669 280
2550 130
244 198
2349 226
3002 93
3240 156
3403 93
104 162
1344 293
1284 191
97 122
1437 197
2349 182
4061 61
3823 36
2472 249
3265 134
3941 114
1526 265
1776 183
2803 201
2117 133
1921 171
2321 191
2744 218
921 265
1175 221
4012 149
3902 99
2428 52
1097 150
2991 223
3787 106
1192 77
3306 255
3985 297
311 72
3034 104
1941 210
1039 85
2219 222
3129 52
1482 85
1692 77
1276 257
2653 292
1305 243
385 120
715 257
4081 216
3841 197
331 49
3846 194
358 97
3419 172
2453 222
1001 186
4000 57
3672 175
492 238
909 170
2748 107
1437 243
232 60
3412 137
1303 36
1692 64
265 238
2468 230
3444 218
1323 254
1438 83
2690 51
3484 167
2491 284
2413 39
3186 90
3274 58
3073 49
2671 65
1438 155
3718 182
1297 265
2269 257
1486 62
101 85
674 151
2763 299
3316 283
1402 183
1914 279
825 85
2087 252
1918 198
1481 158
2858 231
3576 227
2144 173
3097 242
447 245
2786 142
2937 207
3122 65
3487 60
115 33
1174 228
2664 246
3931 101
1968 271
2726 115
276 124
352 39
1502 49
3326 175
777 256
2769 173
4093 181
1774 199
2472 71
2819 123
2026 288
2566 208
1473 276
3458 133
3486 114
75 238
2568 47
1110 208
1256 36
186 56
1265 209
1523 250
3844 196
2589 296
4045 253
120 169
2812 189
3939 153
1730 81
659 74
256 212
2933 32
1800 233
3817 203
3606 97
255 111
3534 80
1557 45
1426 103
3652 238
1935 149
1762 286
366 140
3522 46
1196 114
3446 145
4066 186
2570 267
553 234
2535 144
3357 151
1613 173
2824 92
2168 180
769 254
2765 278
2655 232
93 65
13 172
3154 57
1575 197
1823 64
1949 72
1520 185
1916 95
1751 147
840 207
771 292
2126 126
2834 263
2913 283
320 205
2340 44
786 186
440 211
1070 264
1401 73
2197 98
1992 259
633 243
2777 173
1259 257
2972 202
3077 247
1539 165
3532 72
2071 66
681 277
1073 112
3675 299
394 110
3834 140
3944 105
3438 200
3157 113
3706 105
863 75
3420 47
573 32
631 31
2648 192
4065 38
1184 81
2251 284
2575 121
1876 117
939 145
2044 148
1598 114
3829 132
1200 168
638 186
2535 134
1182 86
771 188
2262 259
51 271
778 39
1809 173
1518 179
1118 236
2587 258
2553 58
3829 294
371 129
1927 188
1191 91
3752 87
227 275
506 74
1979 94
2197 43
765 125
3845 138
327 210
3133 224
3714 76
3817 280
3110 200
360 238
154 114
3932 228
2396 153
1156 74
2631 46
2122 119
3022 128
1818 238
3542 113
2364 113
2013 228
3061 258
3255 287
938 44
3103 215
852 125
1703 251
717 59
1868 178
634 162
3117 273
60 83
2509 248
3883 205
3816 234
1994 163
1179 70
2488 240
3424 45
1605 111
4078 168
980 130
2342 122
499 81
775 198
2626 140
1490 233
3077 275
244 52
1074 257
1814 185
3785 115
2812 229
2582 222
523 280
3463 184
3157 104
2407 221
2692 74
2582 108
3105 44
3152 112
1546 257
3693 30
3325 78
3668 67
2177 236
2202 172
894 76
2308 135
958 34
2909 111
3916 190
4010 95
425 131
2281 117
2610 280
842 147
391 237
1539 48
1525 236
2852 199
1865 217
2401 35
1878 215
377 83
3936 121
111 248
1382 271
1080 61
689 291
1514 140
4057 214
2093 217
250 81
3710 277
2472 149
1025 200
2286 131
500 195
510 242
1051 66
433 97
1086 79
1348 293
658 231
1726 290
2392 155
724 40
1135 273
3410 124
3501 296
2795 273
2969 231
804 178
126 45
3060 185
699 89
3016 76
3589 174
2606 206
2237 102
3468 253
35 246
454 245
284 159
2908 197
2665 100
3511 191
95 168
1680 92
541 258
2707 255
1522 64
374 121
2021 287
1314 40
793 119
17 124
1903 219
193 196
1136 62
2932 245
3407 52
1421 186
2520 218
2319 141
4042 153
341 138
2310 238
3565 87
2047 109
4052 136
3498 139
1155 153
2657 185
3564 72
3961 129
2063 267
2273 139
1580 217
1618 170
1194 299
390 105
626 256
251 142
1270 279
3938 154
922 257
1692 212
4041 30
3242 296
1669 105
1834 34
725 65
1380 131
2507 180
2532 35
519 111
3391 221
2398 100
3722 199
2733 121
3329 214
349 243
2378 108
1669 73
3549 76
1197 109
201 212
3645 159
1370 71
4058 166
350 222
170 242
77 191
3592 78
3196 242
996 76
2222 243
2107 77
2715 82
380 190
941 66
542 36
699 41
3970 40
3255 81
1668 259
367 80
569 82
3669 297
3924 234
3921 253
1931 196
745 211
514 288
2078 51
2966 86
760 231
1988 83
978 274
2582 243
3938 173
2689 182
273 88
2227 204
3599 91
1722 261
507 49
2463 62
3734 176
3382 48
1886 208
3633 156
1179 190
3165 61
3876 134
2241 213
133 135
2616 169
2974 189
2636 262
433 158
855 296
161 200
2873 172
3742 173
1739 42
2910 201
759 69
2168 209
1636 242
3883 255
1602 234
4072 272
247 219
2504 121
1081 171
2769 191
2471 129
2625 204
890 228
3965 119
1180 72
2544 242
768 175
1062 219
371 86
214 216
1340 39
3992 225
1487 78
3916 167
1250 50
1882 117
511 252
1798 278
1731 207
1578 217
1422 128
77 60
988 66
851 132
3010 199
3035 30
3953 82
2587 261
3953 291
2567 183
1473 66
886 63
659 193
1332 188
1835 249
243 294
138 242
2103 208
475 67
2355 116
2818 139
1261 266
2444 256
91 147
3433 150
2398 272
931 99
3290 274
4066 135
2066 286
2476 226
2504 121
1577 232
3098 167
2700 201
2220 192
584 77
3307 161
2168 170
2393 158
1249 103
2822 193
984 245
1664 71
3580 264
475 271
1112 154
1003 236
3710 42
3364 289
3495 96
1214 103
2132 60
2302 282
1260 199
479 109
2651 51
789 68
2923 154
335 199
3289 298
2432 216
2420 113
16 285
2050 136
2025 82
3332 272
1878 242
3278 100
2863 261
3622 288
4037 271
3185 97
2016 158
645 77
3479 82
1456 194
420 46
2798 36
2876 144
401 172
2774 243
444 78
3339 241
548 108
3065 180
159 235
865 236
1925 135
3079 46
393 39
2709 298
2245 152
856 288
193 91
2408 89
487 77
3631 75
3743 100
1245 243
1969 252
159 179
1759 182
2453 161
3634 91
3537 271
2519 265
2972 95
1621 66
605 91
2965 275
2108 199
523 98
2903 295
3596 223
4014 143
2604 251
2547 102
1787 183
1748 274
872 113
1128 164
2476 70
1921 76
1647 100
1925 183
3359 262
3917 137
2329 140
1279 43
3528 34
3037 229
3927 166
1478 276
2638 71
3659 252
841 154
1556 194
3592 135
1426 152
1878 215
3660 257
3374 171
1680 170
2765 225
670 238
2280 242
2344 299
2125 294
1370 72
3530 241
918 95
542 154
274 195
2788 58
2969 147
1439 101
2857 193
406 146
3123 96
1149 49
299 213
2345 100
3659 164
2246 50
3152 165
3541 166
1959 251
742 39
3344 92
2686 114
864 184
74 110
2398 75
3486 233
3378 48
3391 157
1000 273
796 75
3934 272
301 247
2088 292
4053 182
1790 201
2699 71
4085 99
38 57
2989 157
2223 67
10 37
1865 141
757 127
3341 278
1101 79
2645 281
1609 101
1233 33
2359 148
943 259
2723 285
1986 190
3956 30
1158 51
205 221
1587 164
1459 93
3644 94
2346 273
2307 263
2700 280
986 211
233 201
3500 89
1915 270
3269 96
392 31
1527 219
693 70
2660 251
3250 292
1322 281
71 43
3695 288
2577 53
3197 277
773 203
942 225
2768 118
3539 154
207 272
1444 280
2093 273
23 143
3063 157
3900 95
3684 206
1012 107
543 239
1406 145
2707 69
2136 40
2360 216
3140 292
3217 244
3086 42
1639 285
2543 89
1788 170
1570 90
2243 173
3662 195
1573 68
1068 68
15 110
1037 240
452 67
2998 230
3769 192
2291 58
2732 160
1947 92
4031 98
3899 92
2629 128
3008 107
1914 104
276 245
116 172
4096 54
2756 272
1085 224
1753 260
829 185
417 37
1778 264
1135 35
1023 213
2478 159
2935 211
2717 257
745 119
2855 112
4 43
2943 270
2309 281
895 244
1915 246
3616 58
701 197
2234 84
1253 237
1739 179
2670 221
2046 79
938 169
1907 268
3579 46
3305 250
2657 267
1351 99
1029 100
1911 57
3318 119
3388 189
747 224
2163 151
124 152
1241 142
4079 231
2431 202
3261 151
1540 42
2066 245
2566 170
2317 227
3170 218
2957 47
687 75
2 60
3478 82
362 225
208 286
3415 236
3323 206
1059 198
821 192
3175 64
3797 165
1800 120
2295 186
3369 122
2530 31
3516 237
3598 98
4059 89
460 275
2478 96
1350 106
3923 197
769 146
3804 129
1655 220
1535 180
3544 69
4047 262
1176 65
1604 217
3418 276
1571 205
3194 164
2072 135
91 135
3292 64
3125 194
824 197
2480 57
142 243
1742 114
3917 88
498 79
650 88
1504 183
2738 112
3375 146
2825 238
2025 252
1408 215
1839 218
2526 140
3914 191
2912 261
2945 144
3710 118
1610 85
737 272
2861 102
1363 161
3515 186
1914 256
3407 293
4082 36
200 135
1947 80
986 129
3197 204
1566 97
651 255
1357 141
3291 119
3658 60
1739 120
3557 45
400 227
1249 178
222 258
2321 153
1320 271
1265 281
3910 36
3146 263
3516 132
3688 130
3589 135
3974 185
1472 155
2121 288
664 152
1674 99
527 91
173 76
2605 281
3610 194
2442 154
3528 199
3973 74
3004 179
1441 277
3376 146
2056 175
3232 268
2537 163
485 265
3911 76
2052 146
3221 232
1679 273
2895 59
1720 53
434 190
1793 209
3470 185
541 144
1641 72
3137 261
3249 171
228 299
449 81
3120 296
2173 281
3387 284
2634 276
3984 219
1737 163
2084 220
1091 188
1873 149
2289 102
3118 117
3269 147
3961 165
2361 284
763 92
2271 90
3206 150
73 90
2923 281
1700 299
3500 154
2911 225
424 206
701 46
928 164
1601 241
322 208
3290 178
1453 240
3008 265
2753 138
1894 92
1061 137
1108 115
580 30
3539 265
1081 212
742 95
2056 60
3218 83
2369 165
1300 187
113 81
2469 35
1861 68
3432 30
2760 217
371 181
1553 276
2197 138
3730 241
1657 193
1378 258
2131 33
3340 290
3801 56
4081 62
1710 207
3756 38
2314 75
2047 165
1573 243
1988 165
937 143
1295 163
19 150
2210 203
479 285
445 247
1216 133
2508 189
1182 169
3642 141
3730 74
2867 232
1204 257
4031 162
3444 268
1471 234
2238 148
2634 135
37 59
668 124
2909 207
761 194
1221 202
3549 58
850 211
1190 212
104 71
736 217
411 127
434 140
3922 149
1255 292
1129 221
2644 236
1630 99
909 272
1278 147
1247 68
878 138
1351 276
2119 236
797 53
2867 62
1327 169
2501 252
1611 154
1977 95
12 252
1039 109
3977 173
1812 164
3030 218
3530 117
665 295
3564 134
3042 36
3702 250
2648 217
1345 52
127 67
3238 258
1234 166
1148 244
3178 206
1576 295
3696 228
3249 123
1529 224
846 209
2368 94
2958 154
2645 283
3346 263
4048 280
1672 108
339 105
2011 95
1005 82
3447 243
3422 181
2651 67
1823 110
776 110
2809 104
2866 55
1337 182
1761 117
224 154
3777 136
2592 99
591 129
3605 185
2575 68
1278 273
262 32
711 249
509 229
712 112
2690 76
1817 161
887 80
3070 72
1774 232
824 269
3810 121
667 63
358 269
2561 78
503 223
1256 87
3040 116
3153 95
3752 292
1093 234
3940 240
2732 90
1231 110
3825 112
1775 281
2194 37
4064 102
3478 59
1188 131
1823 263
3738 169
988 189
683 152
3998 167
1625 160
2232 164
2133 150
1423 119
1427 122
3076 122
1345 154
2569 53
2282 98
2345 100
3047 267
2384 202
3105 188
1238 88
1370 143
1994 261
2539 41
163 222
3673 61
3925 278
1092 55
83 94
3878 53
3642 270
1689 270
603 58
3169 222
1740 127
1623 166
1601 47
1199 137
3386 224
2674 82
173 253
3001 294
2805 212
3035 96
2002 51
1133 42
267 125
114 277
2696 95
1543 185
3746 100
987 183
4005 126
3004 128
1441 129
2930 168
462 237
868 50
1902 106
2772 37
1880 223
2602 115
558 91
872 236
1459 71
2414 43
1133 264
3224 224
3578 45
2298 275
1064 294
792 137
2452 162
1453 101
1764 57
1300 298
713 257
4099 30
1167 261
303 85
1011 98
1322 289
1655 44
1019 297
1081 292
710 192
134 281
666 226
2690 106
99 213
2126 173
2182 132
1115 141
160 101
1243 155
812 242
180 50
1171 65
387 136
1367 73
3698 74
321 270
2444 174
2478 288
474 76
1656 85
300 130
31 185
3693 115
3938 79
1981 101
479 159
174 59
2506 232
3099 163
2313 227
4086 95
1481 188
175 242
793 191
1816 78
2270 250
117 67
450 258
1237 143
1218 144
2761 218
1971 127
2915 105
2470 167
2213 162
448 57
531 195
2996 91
3248 60
1955 269
2740 270
1266 117
2587 44
2829 162
1899 44
4040 209
2693 169
2778 148
3100 45
688 53
2886 284
1662 275
1422 287
1668 281
3574 219
803 150
1957 272
3129 40
3082 267
3065 204
67 192
377 294
283 181
1107 188
57 217
1793 90
671 204
2435 70
2032 94
2298 292
1954 276
2256 43
2716 106
2707 34
24 276
3500 86
2096 133
3755 116
721 64
884 38
580 113
1625 177
3650 188
4 232
948 208
2819 182
859 80
3609 231
1175 236
2958 271
1694 222
4037 117
1439 54
1584 182
3025 145
3204 237
2252 299
3975 173
3353 64
2119 59
320 113
1030 31
3753 128
1587 99
3044 197
2500 284
2377 117
322 151
1727 295
628 279
2850 140
1180 34
1522 202
720 74
221 192
1172 262
1100 95
3301 66
3987 176
958 92
833 228
911 41
1403 48
3385 101
2062 35
2521 65
3256 186
61 123
183 197
2096 262
2390 137
1642 251
1938 130
3289 254
904 99
713 262
2725 91
1277 264
2726 108
3936 202
600 270
2047 232
3577 218
3147 206
3859 105
1712 290
348 200
2433 59
587 276
3196 61
2678 246
2884 57
1572 93
3725 39
1623 96
260 196
541 68
1964 131
3095 236
3064 179
439 169
38 41
3950 95
2755 83
2233 258
3323 154
2118 158
66 157
3022 236
1469 194
939 142
3312 272
1991 88
792 204
1964 133
356 286
21 103
3959 33
2663 178
2411 37
2542 291
3223 273
3799 158
845 95
1251 288
3852 127
3039 236
3437 236
3775 284
925 50
291 292
3984 173
1471 142
3411 58
332 283
1798 68
263 75
2749 247
1979 86
3097 103
2563 229
1940 161
2134 194
1335 186
2608 156
1130 271
738 134
2122 81
3907 143
640 99
874 191
3021 284
2328 88
2306 275
82 189
292 160
3127 131
1353 233
417 224
3803 209
3460 91
437 258
3611 36
2049 112
1496 281
3123 187
2655 112
2293 153
63 54
2124 293
1511 120
3341 95
514 139
3582 86
412 198
313 227
918 174
1325 44
3471 156
776 106
3491 246
1957 110
3355 199
3243 282
2705 66
2337 94
2502 180
4061 107
1005 292
2359 182
1449 160
3492 158
415 222
1991 96
3418 105
3147 295
1039 60
4060 240
1067 226
1933 163
3504 146
1816 152
3568 196
823 194
1348 107
352 141
1358 99
272 148
1996 184
253 62
2654 126
3125 234
2790 287
3313 234
3108 246
2618 190
3245 213
2654 124
1870 136
841 58
20 69
3735 80
3007 40
1284 249
331 254
729 104
2595 123
2591 51
1821 221
696 145
2535 281
3308 278
3286 116
1975 59
3542 113
2091 218
3768 51
2305 109
1223 128
2237 176
4091 48
3114 212
360 191
2486 269
1020 157
1620 106
1820 57
2899 93
2596 284
2925 64
4059 238
72 160
3806 88
866 123
388 137
4000 255
514 151
2960 178
1758 56
2578 123
1249 82
1927 272
3907 232
3877 157
2955 82
2142 96
4003 31
3862 154
1958 238
2114 87
2331 204
3699 48
3627 34
3577 154
3571 134
793 294
2229 150
1686 129
2786 89
3924 36
664 33
782 40
3435 96
887 250
614 122
3611 209
341 230
1066 214
1868 267
585 272
3207 109
1764 86
256 114
318 204
2321 98
1977 105
2780 143
102 49
3172 258
915 261
1166 160
2983 46
1741 116
330 158
854 210
2943 85
1694 229
432 203
1148 62
3853 105
701 281
3943 232
2649 248
3660 221
445 213
63 287
1765 115
1021 36
705 146
4029 225
3657 180
3188 79
578 99
3532 209
1048 133
3914 242
2456 211
1655 244
2661 137
216 120
1897 32
424 216
1994 267
1112 258
3915 142
4035 153
794 293
3692 218
3138 83
183 134
2438 195
2759 200
2884 178
32 93
2772 58
3479 37
1724 227
2611 109
351 145
1516 45
2337 223
1103 141
2357 66
3292 127
3841 231
2173 187
1864 187
3153 284
3461 31
2545 67
2815 265
875 49
1335 213
3952 216
3411 212
739 280
3535 135
3832 196
4004 219
2920 98
4032 168
3052 99
1018 251
2244 115
3551 216
3947 156
1858 92
3863 83
2390 227
584 82
198 180
3902 84
462 202
355 199
2739 84
4035 173
2107 118
3467 125
1082 205
713 54
2673 180
3702 165
612 176
3919 105
599 132
4048 95
1733 74
537 101
778 206
1970 291
3906 213
456 173
2286 68
2897 299
2462 163
2899 46
413 33
757 192
363 121
2750 274
239 39
556 255
2529 236
3989 195
466 145
143 237
2474 127
3297 195
1294 107
358 281
3767 91
1679 152
2326 112
1398 174
179 130
3892 243
1324 61
638 76
2600 125
3585 71
64 44
1479 52
3238 65
3582 184
135 132
678 163
2119 183
230 225
2311 238
1956 291
1111 234
2684 41
3546 268
3093 210
2330 117
376 38
164 287
329 175
1834 87
2529 108
2763 198
2169 109
680 189
2650 62
3249 100
3268 257
2823 63
2129 208
3880 61
3875 282
284 58
420 31
3393 217
3408 296
561 240
3036 62
598 182
3764 138
2125 228
3437 82
79 266
3117 238
2101 292
498 173
1987 85
1963 220
1632 245
3837 278
1158 108
3682 107
937 227
2378 216
3839 265
1081 290
120 87
339 76
2044 271
3987 123
3410 157
2490 179
2609 228
2707 162
2535 297
286 38
1794 235
2879 41
2509 245
3986 185
656 152
2596 219
1983 38
1202 297
2178 141
3763 262
2110 233
3356 114
1733 125
607 207
658 299
71 139
3710 97
1382 245
1271 275
3293 150
3104 183
2653 176
1624 30
3445 234
2993 135
459 61
1218 146
4060 135
2346 107
3924 70
1528 110
3750 238
1589 231
3057 218
1546 269
2634 277
3187 220
1817 234
3946 279
2247 172
3605 127
3186 155
1380 249
3223 280
2036 183
3944 193
3032 207
864 43
210 163
2194 65
2948 242
3440 230
444 247
1507 164
1852 238
1482 136
1726 166
574 60
3533 179
272 173
256 86
2501 156
2209 125
712 78
1096 152
680 272
3912 151
3816 77
2668 253
1856 230
3044 211
813 112
894 105
12 43
202 97
3918 92
769 214
2736 190
840 262
1186 295
2988 291
2486 261
2445 163
4091 215
2923 63
1811 233
378 152
4063 110
2064 40
4093 91
152 297
1837 90
1134 268
2101 136
2448 90
1708 147
1537 63
2768 93
2034 83
2778 166
2088 256
3410 245
7 264
2242 157
2496 219
1313 282
2506 168
3497 205
2246 179
3929 172
350 217
2862 73
2092 182
2855 62
581 166
2432 115
2511 74
1812 159
1420 140
3057 296
32 278
3813 46
3043 277
3416 287
2876 74
2401 135
2582 141
2888 180
61 146
1091 298
4006 52
2941 273
133 274
1735 185
3526 131
3992 50
2854 299
184 116
1947 138
1717 79
3208 174
1816 253
2972 78
769 114
3602 284
1007 248
1485 194
1667 44
2732 252
2549 77
2545 242
2487 229
255 36
2511 220
1466 185
1836 90
802 129
579 83
2993 273
860 108
848 34
3633 217
1691 229
3636 74
2995 166
3577 232
3522 86
1983 256
4064 47
2132 141
1400 168
88 119
2470 120
1292 218
3182 137
1954 260
1565 235
2915 126
3591 193
3334 184
3209 164
3519 39
1910 104
3587 135
3892 69
3102 267
180 187
2845 110
2972 39
2872 50
582 104
3293 247
1644 289
1879 163
2903 42
1394 183
1403 116
2179 290
1642 112
502 268
2028 296
1739 148
201 247
3612 213
1158 188
1057 128
95 273
3146 194
1851 219
1027 136
2274 76
2910 214
2719 246
3882 72
2749 187
1924 126
3371 134
3844 131
2473 66
868 259
3486 218
2704 231
3387 254
3504 157
2391 218
3517 76
1040 238
3324 239
3956 231
3709 161
1175 182
855 41
464 238
1404 42
1720 290
3433 273
3167 163
3735 156
1196 253
4053 215
5 229
362 164
1239 66
1387 101
3812 273
4078 89
2130 150
2886 267
3690 116
1054 291
4062 88
892 271
339 242
3081 247
208 38
3471 81
843 278
2058 205
444 102
2983 180
2737 90
1285 267
618 138
2493 152
2962 104
3489 167
795 158
347 152
3358 202
3414 155
3312 225
2609 260
545 173
1110 187
31 283
3971 42
2997 258
3111 199
467 186
106 77
3806 203
84 182
2310 44
2532 184
2147 168
901 295
3949 294
1536 160
2945 183
1441 293
3284 155
2547 243
1679 94
2162 125
2874 95
691 280
1492 43
2882 144
3254 285
394 217
209 194
2353 80
526 227
791 114
947 130
3408 134
2251 174
650 102
941 298
3485 161
1719 149
3171 294
1767 257
3691 259
2094 87
997 40
1 92
1179 257
3657 290
1406 157
2909 192
2762 281
2727 105
3730 180
3075 238
2737 54
1260 167
2989 85
2531 291
2433 243
1071 279
1439 34
3993 45
3824 152
922 77
3903 192
1302 147
200 100
2768 220
174 186
3258 295
68 67
696 213
2718 290
1069 155
2955 185
2221 59
3061 266
3101 108
1923 147
1214 161
3447 201
394 60
4021 288
3104 52
1498 88
1756 246
3175 291
3693 122
3982 233
3444 136
3598 187
118 40
3265 291
1929 231
2778 60
3090 171
1836 108
1071 268
1801 146
3733 152
4055 76
1884 297
2591 97
1352 266
88 164
3406 117
1054 128
639 283
2293 189
757 205
2301 55
743 54
1074 158
22 222
747 255
2180 115
789 179
1850 55
3115 251
2085 137
2230 189
167 44
848 234
1521 266
528 132
905 290
2200 166
1160 262
884 184
441 272
3616 50
2907 86
1678 286
2428 102
731 101
489 189
56 138
867 144
1040 204
3605 55
4053 247
1691 262
3786 276
1454 214
3677 294
2755 236
399 265
3607 206
1848 193
3841 130
930 151
3164 192
316 242
2733 273
2279 296
16 164
3754 126
3841 77
3348 58
4075 96
1945 299
2033 196
894 143
3427 37
3044 70
3270 205
951 36
575 147
38 210
3168 156
3517 54
3536 207
3590 290
324 123
2448 50
3454 219
4033 137
1286 195
2843 128
3803 60
2309 246
1671 89
2407 142
2924 199
2592 168
111 65
985 293
1456 44
696 289
2613 104
1585 95
3706 161
3486 34
587 210
971 140
2637 248
657 223
1473 245
3058 144
888 249
1459 138
3763 76
2689 270
4023 186
385 188
431 227
2550 137
1455 173
1693 68
2509 104
2755 279
1358 60
3952 121
3627 139
2169 127
397 61
3473 45
2637 227
546 242
107 33
1805 109
322 145
1322 259
197 253
4038 124
1811 31
307 266
3911 261
964 161
875 170
838 277
1762 61
1677 250
3676 148
1223 73
651 65
1841 129
3261 232
3637 254
699 275
3369 54
57 90
3190 148
608 236
3030 172
2342 89
841 298
3452 263
1170 194
152 180
1810 74
3857 97
937 49
1837 241
170 43
2025 106
2585 154
1817 169
2440 86
1866 209
2992 199
1204 48
572 118
3953 142
1369 153
1651 230
3468 135
820 170
1702 156
4032 137
1766 291
3091 59
3191 40
115 235
991 145
648 85
1221 135
3701 244
3316 104
689 47
3631 215
2181 203
2181 76
3583 74
567 266
1946 40
1470 50
1818 213
1426 116
175 267
696 221
63 85
3904 195
2937 219
1194 231
3731 79
975 290
3778 240
1925 33
1240 142
3767 272
3047 60
3804 62
4084 200
760 291
2874 143
3208 121
1198 89
1721 282
491 299
1414 128
2390 57
3984 286
836 253
3006 94
773 247
3462 281
1302 54
3536 282
1902 151
1605 58
747 229
2661 73
2318 137
1624 174
3840 163
1873 247
28 162
1363 116
728 80
3540 145
3310 193
1067 161
2770 209
2463 219
1953 272
1913 170
762 50
216 38
1200 79
392 32
2433 230
518 118
2375 214
2776 179
1808 216
1535 298
801 210
3318 76
63 110
577 194
814 72
3501 197
1217 93
664 60
1794 226
2638 67
3242 194
3230 122
2247 69
1271 33
3438 93
1492 89
3989 92
3668 137
2087 120
2320 126
2679 185
3849 145
320 235
2540 118
3660 105
3023 257
2142 277
3933 237
1650 185
3774 39
2056 67
92 152
2329 263
1182 299
3665 80
1928 34
438 204
2928 158
120 80
385 66
2453 68
2866 205
645 199
945 213
3622 198
3082 73
2554 52
3234 157
516 65
472 39
797 248
1367 143
1351 141
1315 114
1563 260
279 168
3210 151
1476 221
110 86
1525 199
3415 279
1580 185
1058 33
1475 203
4065 213
1762 192
2278 198
443 84
4035 142
3178 175
1320 112
4073 36
525 259
1710 272
1507 285
3657 134
262 33
452 81
2339 39
803 138
3232 106
2762 251
1981 65
2819 201
1890 246
1674 53
1207 92
159 174
74 124
2988 288
278 87
3726 235
1691 143
3824 293
2898 98
1149 223
1258 103
3450 38
967 192
1029 154
1191 262
2319 144
1016 283
3926 252
444 119
2072 213
1595 93
722 148
787 159
973 150
995 154
2887 259
2718 168
2615 77
1685 184
2914 98
2742 150
2941 99
1603 177
1324 279
1453 85
3422 39
2273 257
844 221
687 56
1787 93
2379 38
3944 270
2674 48
424 61
1901 286
3359 167
3479 80
264 162
942 117
1036 42
923 222
3911 96
1647 119
3321 228
393 108
3299 67
1874 206
2386 107
977 144
3703 205
656 289
3198 138
154 220
603 190
3511 245
640 97
2316 256
2656 125
3831 278
2063 212
3045 205
976 142
3495 62
2579 299
3882 236
1595 108
941 272
901 56
912 190
3240 150
1251 286
1484 87
2869 94
1156 209
2442 120
3455 207
464 182
3554 248
2928 42
1432 81
154 275
2114 234
4090 294
3977 131
1184 232
1103 214
1905 111
399 280
3379 122
2186 270
3723 242
2816 73
936 202
3249 216
3120 144
2067 169
2408 230
2737 226
2438 233
1340 68
3779 71
1732 46
3935 56
609 61
3097 185
1547 179
2819 250
1998 222
190 155
4025 76
3315 195
2159 253
2196 215
2745 192
803 223
736 263
2724 89
463 96
1622 69
864 196
1684 95
1081 203
2897 221
2498 161
2927 287
949 86
1799 295
1533 101
1963 211
2387 214
2637 38
380 246
2384 76
29 146
1097 145
147 122
1710 138
666 160
140 147
2205 55
4035 237
3950 247
710 283
815 133
3474 202
654 40
324 81
3941 280
1069 239
589 234
3934 109
571 236
472 212
2046 206
3427 61
3089 95
1157 117
1742 205
1952 104
3317 136
678 112
2407 183
496 272
3900 226
2986 293
2352 142
2163 252
1618 34
279 197
4092 272
576 144
3802 149
1662 277
3682 175
2556 40
1400 44
3875 147
154 125
3880 157
2569 283
1698 146
3529 102
1201 287
187 53
2578 249
1550 42
45 209
2169 85
2213 33
2857 242
2852 45
1199 245
3972 61
1490 88
141 248
1440 184
3191 146
143 126
3243 56
56 238
2956 221
751 251
621 124
4063 236
803 257
566 119
3770 227
1283 254
1270 132
1006 287
312 293
2438 170
1287 88
1177 48
913 272
3629 221
179 226
3322 43
1993 234
4031 75
2882 39
2300 211
3964 91
3852 121
980 143
1484 43
2885 231
2551 292
1955 179
3166 214
2031 116
1073 201
3176 40
3634 51
1162 248
1959 250
3764 282
542 118
3108 90
245 193
2463 201
660 151
2296 97
3075 90
3497 177
988 154
2894 190
1656 94
803 277
3417 89
372 161
2590 132
2147 31
769 204
671 75
3469 171
2085 202
2127 276
2220 197
3019 197
1116 234
2198 50
2368 116
3209 160
1890 58
3469 199
1644 85
3681 229
380 270
1762 82
859 195
2103 146
1521 95
90 141
3862 180
93 256
3027 106
3671 157
3326 263
838 266
3762 35
142 63
154 111
301 120
1733 35
2291 171
226 151
1349 112
2635 246
2321 174
340 150
1890 249
1240 152
484 40
746 200
1595 207
2249 298
3290 177
469 101
1928 50
3988 204
2558 268
3487 141
585 31
2810 169
3108 61
3023 113
573 105
6 130
3127 244
455 53
1272 89
2601 183
3085 218
457 37
4040 206
590 267
3216 36
1805 223
286 124
1579 71
1803 204
687 227
2495 50
426 267
943 194
1349 105
984 93
1982 88
3126 70
1844 153
2606 30
2426 181
166 147
200 238
637 267
359 252
2544 55
2945 63
1247 179
2311 62
1051 234
113 42
859 36
2936 280
1629 250
3112 262
1805 182
4076 181
133 109
1740 270
2271 35
3682 258
503 212
1590 243
3996 47
3017 111
3735 65
3115 248
1410 53
2040 179
3152 248
138 244
3439 121
3508 84
575 167
781 262
2157 154
1640 158
2275 65
2109 38
3181 231
3343 105
2056 205
355 56
2540 132
1290 60
2344 33
449 73
228 125
2993 163
818 141
104 160
315 288
535 292
2686 86
1926 164
1922 109
655 62
2684 205
1511 227
70 32
2280 111
1580 258
3317 291
4092 118
3226 277
118 245
2533 276
1680 198
2630 86
1496 281
870 199
627 163
4035 185
3390 107
2961 161
2175 155
2836 291
2280 31
575 280
3723 168
1914 205
43 287
1022 79
3889 266
492 170
527 77
1722 76
1652 169
3969 141
1007 162
398 220
764 276
2036 280
765 195
660 35
1660 240
3532 56
2244 111
1882 280
3564 92
3537 230
2254 135
2763 179
355 192
2389 222
2817 74
1168 146
2965 179
3093 177
1321 35
3846 37
3861 150
3006 256
2781 44
3631 99
779 128
56 69
2250 84
1314 125
319 200
1779 97
3783 63
1814 170
2562 91
1977 279
1247 72
1679 207
1693 141
3022 40
2421 191
2532 173
680 130
139 220
3504 188
3557 269
2407 135
4088 216
48 288
196 91
1671 219
1539 71
3016 229
425 59
1445 79
1601 204
2910 80
2410 254
1403 35
2520 176
368 71
3264 201
1664 109
4028 110
2379 47
1853 250
2218 295
1622 124
2257 240
1136 133
3501 159
1153 271
3347 208
3730 62
3919 40
479 130
419 144
61 220
882 189
3518 185
1136 50
110 261
1810 198
2977 189
4013 215
20 234
960 242
2480 101
180 109
1522 100
152 149
1466 241
3852 32
706 180
2018 31
412 276
2276 216
51 120
545 245
3532 129
1248 79
3181 72
3926 112
1192 174
1768 163
1657 103
688 96
1430 150
2253 247
4086 249
726 183
564 78
1481 144
3434 211
204 294
3538 196
2236 43
3620 193
1151 55
3868 212
1291 197
3919 208
2060 264
789 136
3543 138
1833 183
1155 55
3697 204
3546 80
351 192
2601 96
1558 72
3615 228
3487 99
293 61
2120 136
178 297
3273 215
782 255
3760 112
376 72
1403 278
3427 287
998 261
2291 169
1805 112
3564 248
2843 147
112 84
1708 233
2764 191
3215 248
4006 57
2437 196
29 243
999 129
643 277
2862 116
2299 80
2397 74
1767 216
3706 70
1263 253
102 147
922 30
2416 209
1181 291
140 287
2103 84
2805 189
2551 227
132 288
2766 91
437 130
2294 233
3352 126
259 294
3230 156
840 64
3858 230
2263 228
1859 73
745 151
2820 224
182 243
4064 213
373 121
931 292
2372 129
2000 43
1775 77
2572 210
1693 75
399 274
4021 113
2204 226
1155 101
2976 33
2033 196
1650 278
1954 126
648 280
903 46
256 114
3100 219
416 287
3543 206
1744 45
1058 63
954 252
1541 229
3429 39
2277 147
2092 215
3406 245
3648 131
3107 262
3000 220
74 147
3551 45
566 81
263 199
1903 146
3007 270
2959 224
1835 136
3023 151
2313 127
1743 165
384 97
3473 194
616 204
1985 168
1301 56
3984 218
684 227
2468 275
3413 94
1509 139
142 56
3702 196
2504 106
1782 248
3310 257
2433 182
2512 286
3844 246
3214 282
2355 189
2781 178
2434 31
3291 107
1595 52
1799 190
459 30
244 203
2454 32
3813 103
155 33
354 169
1049 72
1169 46
1462 263
1326 279
3676 110
1347 112
1440 177
2850 296
2887 60
1135 260
992 247
3610 234
3849 272
1909 119
1440 147
2066 265
2370 55
2871 256
949 159
3530 51
3585 212
624 259
2753 276
523 151
2888 95
2981 85
2268 229
3844 199
3632 170
1131 219
3052 126
4051 274
3677 213
3800 159
3782 138
2929 189
1542 158
888 82
93 84
3967 199
1097 273
1111 89
2088 104
2134 150
1913 152
1588 289
4021 249
3711 280
3119 79
3385 57
939 203
2252 201
2983 156
452 150
2886 103
2081 139
1836 68
1398 80
350 231
4050 295
912 56
3216 119
2962 112
2749 65
1761 133
3438 253
2953 296
3606 282
2253 178
2240 268
2380 94
1221 249
2547 292
3363 134
3700 107
508 137
3015 239
1455 232
2632 209
2314 226
229 214
3427 49
1993 185
213 269
669 215
630 195
2051 183
2797 106
2462 202
2890 71
328 240
2592 297
1693 213
1574 187
2272 251
1115 295
68 145
3371 78
458 245
4079 76
3404 191
899 230
2101 45
511 255
354 128
2761 231
2654 191
2165 35
426 288
1142 79
546 272
856 106
1166 58
117 185
2772 65
330 172
1436 272
1480 219
2981 56
2574 245
627 223
915 98
2899 90
1170 89
1585 67
150 98
3866 195
1840 287
2133 110
1975 249
2919 113
1465 36
2333 277
2810 182
1545 106
3138 242
4094 126
4081 217
851 145
2309 187
3232 33
2040 99
256 121
742 249
2062 111
1798 57
68 291
746 57
3577 163
2104 65
3459 79
2870 119
2997 96
376 130
3945 113
2579 229
2676 288
772 248
1395 213
2990 138
2298 116
19 111
3853 203
1371 84
1248 235
2906 149
3383 30
871 75
2012 153
896 115
3759 262
2206 50
3627 61
435 130
2233 260
3669 186
523 73
3840 249
3113 298
4 164
700 218
3986 106
2373 82
1831 145
985 223
2774 261
3344 189
143 200
134 198
3000 218
2909 97
466 201
2104 145
3966 34
3912 152
2274 288
49 256
2830 177
3744 44
3091 193
83 45
487 207
184 253
475 178
2816 220
2720 160
122 102
2562 212
1533 112
2033 190
1415 81
3959 294
1212 84
3798 125
3885 200
3931 148
2024 173
34 175
1771 220
1177 103
2687 191
3377 73
2170 292
2631 255
1031 103
1237 183
3205 188
3049 250
14 289
1274 102
2914 284
1971 252
2020 119
52 112
585 211
2633 156
695 250
3446 211
3957 258
3669 39
1634 273
2329 299
1967 256
2163 113
3880 88
3170 49
2155 111
1479 145
2243 125
1174 120
3988 134
3099 284
3994 251
3706 195
3453 129
1773 215
1567 89
1601 265
3284 134
2421 160
1390 181
2841 218
1263 98
1513 117
741 254
3913 160
1376 89
3335 146
1736 205
2896 213
1548 168
1090 47
1969 205
2741 179
3112 213
415 69
2742 162
2942 117
948 41
2434 267
901 272
1640 74
155 257
1613 144
26 274
2841 174
1762 153
3553 224
3545 266
1365 58
3140 163
1357 250
2467 74
3501 263
2485 246
12 117
3342 230
2473 67
823 56
1866 40
3362 110
697 105
341 245
989 201
1614 168
2085 244
1675 249
601 283
2228 287
3129 295
1853 278
2885 109
1375 274
3953 239
1301 65
204 157
208 232
1179 82
3613 103
3937 241
2305 269
452 116
1180 271
472 292
922 277
3882 266
2022 45
3770 229
2497 37
690 94
1925 153
3316 204
3634 299
683 74
47 52
413 87
1638 146
3778 248
3389 148
3226 223
2108 102
158 184
1605 163
3959 122
1141 108
986 61
1711 184
1530 125
3962 171
3125 94
284 231
3689 290
2607 32
1079 93
3712 135
1896 271
1369 281
2853 31
2417 166
1929 151
3490 170
4003 201
1945 175
912 215
563 97
1640 99
1119 67
404 254
592 270
3615 229
3882 90
3690 202
3376 271
2185 270
3100 164
1587 256
138 155
667 273
1892 154
1387 211
2622 203
3235 78
1238 243
3361 38
4009 205
451 238
2549 202
3346 240
3728 213
666 272
3657 44
3310 127
2905 109
1052 70
3910 210
2789 113
422 175
790 157
4055 249
3428 283
4061 238
382 30
2303 108
2374 219
2272 211
3867 43
502 230
2932 179
400 202
1451 63
3218 74
1293 44
3217 167
2860 279
119 111
543 90
3208 144
1327 109
945 220
3209 61
1694 246
332 129
226 174
1220 217
2099 273
3456 204
3957 117
896 162
159 195
1440 42
1694 86
700 263
2211 48
3543 164
1876 207
2540 292
1209 104
1956 69
2408 219
1428 207
150 121
337 227
1674 120
2502 206
4000 212
3434 293
3735 184
1389 212
718 86
1794 244
3235 46
2338 102
3617 199
21 226
3945 268
419 89
3820 128
320 148
3561 133
2089 298
1704 99
3017 282
380 192
1205 198
755 152
1975 258
3933 150
26 56
3982 210
3159 145
215 42
4042 136
591 254
568 181
2455 246
3567 188
3131 157
2410 166
3719 283
1319 64
2369 167
817 126
3063 78
645 293
3228 215
2865 191
3769 99
3437 239
1771 290
1267 104
2062 242
3825 82
3282 45
3558 207
3280 107
861 41
2328 112
105 97
267 38
1066 193
3134 193
2106 166
3295 252
3964 254
657 193
1873 66
2785 165
2521 100
2781 273
3041 167
2823 108
349 82
2296 243
4040 89
2414 86
194 95
4045 156
1652 87
223 197
1825 200
3686 100
3668 63
2829 182
881 81
663 199
3659 281
3599 184
1102 190
3111 85
1761 61
784 209
2156 187
2679 284
1079 185
3834 217
1251 193
3500 228
3659 101
3757 288
1963 287
1953 111
961 210
843 272
874 114
1110 190
131 62
2372 225
4007 199
644 185
618 64
2359 146
2764 69
2639 73
693 178
1178 131
267 204
648 72
3350 109
514 286
635 276
1567 157
1197 242
3239 212
3850 290
756 294
3523 254
892 106
3085 88
2312 88
2467 157
2736 253
3293 292
2138 251
1618 104
2495 72
541 52
1849 87
875 248
1715 98
1349 99
1360 96
3445 188
374 165
2100 114
1066 257
2555 150
2621 106
3900 279
3435 60
2871 237
2744 230
912 88
3541 31
874 102
3322 41
2497 216
747 146
1436 275
2840 105
3235 37
2168 186
3474 33
1444 61
286 63
2511 248
3505 287
3008 190
3174 79
99 287
2742 261
1046 284
2125 184
1133 123
3240 146
3543 130
89 266
965 275
1986 143
3955 220
355 252
3795 150
4041 53
2865 60
1632 278
1731 181
3401 82
2501 155
3858 290
1890 273
2601 173
3617 106
2318 47
2367 203
1735 134
2421 274
2728 74
2157 77
1505 100
967 231
2960 228
1197 263
527 232
3839 275
2488 183
143 245
270 214
1210 164
1901 256
2109 291
378 185
841 144
3698 131
16 176
143 230
2548 209
3066 75
1700 139
3996 215
3131 226
2181 92
2912 178
2459 243
3254 289
1381 244
942 229
967 143
2016 110
56 109
2406 236
871 136
2572 293
2858 104
1429 245
2418 145
1972 61
908 187
16 297
1479 240
3233 233
3354 283
781 278
466 58
2450 258
2499 147
1587 183
3044 202
968 175
718 52
862 213
798 218
2640 68
1715 155
806 206
2739 228
2341 181
1131 97
1046 279
334 160
3666 93
666 172
1432 196
2377 239
2233 45
815 127
933 214
1457 109
2125 51
2963 76
1819 249
3055 146
352 63
2028 292
721 174
1398 139
1623 129
1434 297
2004 78
3712 121
3676 267
744 240
955 92
1344 258
3863 277
1760 256
3330 222
319 87
1705 214
967 231
3731 188
1389 278
669 155
25 78
37 194
2158 269
2804 295
2958 31
2462 124
3703 284
2294 80
807 122
3418 101
2070 144
3800 88
219 222
1066 214
565 193
2215 227
1204 116
3821 102
3395 55
1222 102
1829 256
3098 168
1588 247
2108 139
1414 79
1042 129
2097 207
454 293
1231 230
145 59
1662 251
2083 147
1955 232
2361 283
3461 206
102 108
426 217
98 203
3954 298
140 228
3462 154
1796 45
3462 197
1102 153
592 52
1777 275
294 54
3291 32
2967 224
3211 113
1706 77
1525 189
796 43
768 132
2747 259
99 72
772 286
80 185
3397 120
3809 89
3406 259
732 59
2934 155
3633 198
1213 243
445 177
889 74
2504 142
2250 207
1725 138
1461 277
3535 256
267 295
3654 56
3586 40
908 228
2111 151
3318 269
4081 157
3352 135
3996 71
1328 158
1360 103
2334 208
2969 144
1319 222
2035 259
2195 153
935 130
2197 61
1777 41
1054 113
2204 32
252 135
528 106
2979 131
1545 130
1797 246
32 284
3626 48
303 287
2467 287
2549 47
349 39
3018 246
2675 267
1749 263
3839 284
3387 68
2736 151
45 296
794 138
2525 279
1761 200
791 281
2432 55
1793 164
1238 176
3466 183
3559 86
3397 208
1827 255
3907 116
1073 246
1168 103
3198 141
133 54
3803 100
340 280
2272 209
1669 87
3837 196
2358 248
2047 241
2344 236
2309 191
842 34
1050 268
3108 72
3153 128
3895 161
2256 207
2726 108
879 137
3650 50
1269 256
29 179
2573 265
1247 92
2319 87
429 240
2944 179
529 176
3913 37
1867 167
1043 35
469 100
2248 134
2220 291
1704 53
62 194
151 169
943 161
3939 40
3030 31
1742 58
2744 181
4063 261
1814 48
458 163
2302 159
3064 124
2889 105
3954 187
2098 229
2180 44
2635 183
548 206
478 83
1437 33
1427 164
3450 68
3747 129
151 249
2402 214
3815 264
3775 56
3607 246
157 175
903 267
3557 70
1556 146
1168 278
1708 110
1625 151
3320 262
3805 54
3919 36
1021 275
782 198
2578 170
2713 240
475 73
538 72
1183 251
620 259
2980 238
1826 86
3860 30
3623 181
607 83
1969 214
2726 119
99 57
3533 52
1281 207
425 155
597 61
3654 284
1970 179
1416 107
552 67
3618 150
924 186
3186 149
3828 208
621 184
615 283
3342 84
3904 183
918 44
1441 285
1604 49
1249 107
3577 147
2156 235
2426 65
3138 165
546 97
1882 247
2536 252
2191 265
2561 151
1237 234
1155 148
1081 179
3134 261
2730 32
3404 96
3961 296
1841 60
1447 86
1087 37
1125 115
801 189
3672 82
504 92
3397 263
2005 202
1598 186
1203 41
1357 50
878 172
1003 191
1343 144
1492 233
999 212
3552 204
3489 87
2583 298
641 63
506 35
1533 34
1687 267
3917 274
827 267
2395 184
3237 104
173 42
889 121
3286 55
3887 276
766 225
2867 248
3583 290
1391 133
3300 260
3068 258
2768 132
2548 51
3909 41
3623 101
575 266
2125 43
3127 249
3638 203
1776 297
1306 224
336 289
2503 154
226 238
4018 130
2272 271
1250 183
685 73
2894 97
949 240
4086 193
2486 46
3635 224
3918 73
3454 40
3207 167
3871 269
1593 284
2167 115
3790 218
2922 181
428 293
2330 156
2728 66
3649 214
750 94
525 231
2891 250
765 135
2503 73
1064 119
3177 272
1137 258
416 71
1401 170
3755 290
521 216
1578 206
1347 204
1156 96
3684 117
3631 131
3938 99
84 153
3662 110
2133 257
2321 69
2093 271
1741 190
924 190
2745 86
3411 55
1237 232
3936 187
2079 67
1205 282
2815 132
3314 35
134 144
1542 70
610 135
1665 246
144 135
1047 35
3140 227
1131 83
3750 273
1724 196
2835 258
410 256
3060 209
1984 71
1722 200
1858 230
3412 165
4025 157
1394 57
420 265
3327 124
3252 193
2638 213
3727 59
606 283
2470 191
2008 194
1003 95
3277 50
2157 80
4005 99
451 117
2327 116
2197 212
730 266
242 240
717 155
3020 89
1634 290
19 238
1003 247
25 81
2510 152
339 214
2229 160
3103 278
965 275
2329 43
3467 295
878 226
1224 250
3627 232
1002 236
801 244
3187 33
2581 122
205 42
129 291
797 189
2115 219
2712 30
1091 292
479 230
2076 273
505 176
1968 256
3238 147
2267 66
4035 86
997 178
3442 118
3571 160
2643 299
3954 37
772 152
921 70
3525 273
3331 291
2764 122
3342 118
3320 240
3583 270
3106 142
1297 98
599 66
2366 280
2296 292
99 231
1783 135
3265 181
3256 61
2469 60
2919 170
830 90
89 232
1572 152
573 258
2972 260
1258 106
1582 46
2223 147
1051 187
2209 295
158 239
1466 249
145 42
2119 278
3908 185
2789 155
1953 121
2804 294
1142 41
1136 237
26 149
1737 152
2012 256
339 262
2385 296
1794 103
1146 86
1015 141
2989 212
3771 287
854 31
1655 42
2280 282
132 44
3693 117
2493 236
379 99
462 149
971 193
2944 75
1166 230
1286 155
2171 131
3799 49
3408 59
2798 74
1103 170
593 249
3426 106
1271 249
2331 43
2686 159
3347 297
2891 194
927 177
4001 187
2281 30
1746 96
570 250
681 69
1354 124
563 57
2331 243
2147 44
4083 94
3576 275
3183 164
1848 120
1998 91
464 90
111 65
268 259
3694 212
961 192
796 99
2607 198
3971 247
4024 121
805 273
3335 202
2399 292
2618 233
3133 199
366 137
1903 178
1646 91
2967 178
520 88
429 188
2459 184
409 92
159 150
2092 127
2282 213
513 207
3218 271
3776 172
3013 206
1355 266
223 196
3930 229
3373 80
3742 138
1585 142
172 167
2287 191
2410 230
2750 249
3683 211
3574 137
1046 87
3947 73
561 171
80 208
3404 263
3485 37
572 286
894 62
3632 111
137 205
2770 86
2368 181
2605 253
2715 197
498 222
2910 204
2618 279
3046 217
2442 91
3865 54
325 262
425 139
2949 277
729 118
2065 212
2063 139
998 155
831 136
2604 216
1028 37
3289 136
1063 223
687 185
1901 234
378 124
2533 272
3677 218
3928 215
2051 227
2628 273
651 243
58 220
1869 87
237 176
2423 266
4023 258
2474 30
2297 74
3503 221
1875 199
230 200
137 63
768 272
230 56
4085 164
44 66
960 248
2431 91
2988 145
1675 100
714 39
1288 290
3211 218
3327 152
539 134
2110 142
2806 53
1502 289
677 136
2364 79
2016 195
488 267
3962 38
1566 153
1926 114
2954 196
692 161
2296 187
3281 124
3661 141
3148 213
282 201
2186 98
101 99
3670 118
1781 225
2710 138
2408 112
2438 125
239 193
3036 56
313 122
3332 193
3402 251
1236 89
83 46
2434 248
2827 217
1442 165
399 200
3835 192
2501 194
95 133
1806 189
1529 283
2906 132
2961 43
810 265
71 152
3140 47
1500 107
903 116
1299 290
2302 162
2544 274
274 262
1991 177
1901 250
1976 204
1939 130
1991 115
1615 264
774 71
3963 283
2056 114
3658 205
587 157
3478 219
215 188
654 188
2527 284
485 92
764 279
1371 278
3125 121
1146 48
242 247
1184 256
1733 56
1877 126
1858 224
3513 277
3603 275
3755 162
983 56
1496 244
298 86
1479 51
541 241
3853 146
3624 166
3795 280
721 254
1331 202
3008 270
1076 49
2696 140
880 177
1852 297
1155 122
3596 183
2847 275
1100 70
1050 44
16 45
24 54
2696 134
2102 267
269 157
1554 101
214 67
192 177
2272 281
1353 257
3220 205
3962 141
387 225
2606 115
790 244
3110 182
3885 136
3888 214
520 180
2637 215
2960 99
3611 186
3763 69
3946 219
3407 97
3760 227
4085 267
3730 176
295 268
3938 191
2850 164
3770 47
3748 221
3085 43
1888 78
624 30
514 274
2377 143
3660 149
1064 194
870 69
160 227
2735 163
789 81
4095 270
