999
12 14 14 B
31 7 5 B
33 13 2 A
53 14 14 B
63 6 8 B
68 13 12 B
72 12 12 A
77 12 2 A
91 7 5 B
97 8 16 B
106 8 8 A
118 11 15 A
130 5 6 A
144 12 4 B
160 11 4 B
164 5 5 B
168 4 8 A
187 4 10 B
188 5 9 B
190 9 5 B
199 12 7 A
213 7 16 B
232 5 11 A
239 5 9 A
254 10 5 B
271 7 15 B
285 11 14 B
291 9 12 B
308 8 3 A
313 8 8 A
316 11 13 B
319 11 13 A
337 11 8 A
344 6 11 B
353 7 8 B
359 5 7 A
372 7 3 B
376 14 10 B
395 15 8 B
405 8 14 A
423 6 5 A
432 6 5 A
450 3 16 A
459 5 9 B
470 14 5 B
476 7 9 B
496 5 10 A
503 2 12 A
511 5 16 B
517 9 7 A
521 5 5 A
535 12 15 A
551 6 7 A
559 3 3 A
576 6 12 A
586 11 8 A
604 15 6 A
623 11 8 A
626 7 16 B
640 2 2 B
656 9 12 A
657 13 8 A
662 14 13 A
677 6 16 B
689 7 12 B
690 9 13 A
694 4 9 A
696 9 11 A
714 9 4 B
717 3 16 A
718 14 12 A
731 2 6 B
737 8 16 B
743 2 5 B
750 15 5 A
761 8 3 B
773 8 10 A
785 3 2 A
801 14 6 B
802 3 2 A
807 4 13 A
826 5 12 A
837 10 4 B
854 5 3 A
856 5 2 A
867 3 3 B
869 13 14 B
889 11 8 A
897 5 14 A
910 13 9 B
930 14 11 B
935 8 13 A
948 2 7 A
952 4 16 A
958 10 3 B
975 3 16 A
983 3 11 A
988 3 15 A
993 4 6 A
998 7 8 A
1006 10 11 B
1016 15 13 B
1023 4 3 B
1025 14 15 B
1036 7 11 B
1053 6 14 A
1065 3 13 A
1082 6 9 A
1100 13 8 A
1107 11 8 B
1126 8 16 A
1127 11 7 A
1135 13 9 A
1149 2 4 A
1155 6 9 B
1166 11 4 B
1173 9 10 B
1189 4 10 A
1198 12 9 B
1202 4 15 A
1205 3 3 A
1214 5 2 B
1231 2 16 A
1237 11 16 B
1249 8 12 B
1267 2 12 B
1274 9 13 B
1287 11 7 A
1290 5 2 B
1307 6 8 B
1323 6 9 B
1327 7 3 B
1339 2 14 B
1345 5 14 A
1353 8 15 A
1369 15 4 B
1387 11 2 A
1403 6 15 B
1404 11 4 A
1406 7 3 B
1408 15 10 A
1423 11 15 A
1424 11 7 B
1440 7 10 A
1441 13 14 A
1455 8 9 A
1462 6 3 B
1476 15 14 B
1481 7 6 B
1500 6 14 B
1510 4 9 B
1519 6 7 B
1522 14 2 A
1527 5 13 A
1528 12 9 A
1547 2 6 B
1551 5 14 A
1569 15 3 A
1570 13 9 B
1586 14 13 A
1605 8 16 B
1610 7 12 B
1616 12 11 B
1626 12 15 A
1635 13 7 A
1638 8 5 B
1649 15 8 A
1656 10 15 A
1676 3 5 B
1685 4 12 A
1686 4 11 B
1688 6 13 A
1694 2 7 B
1711 7 13 A
1715 9 9 A
1731 13 9 A
1738 10 3 A
1754 3 16 A
1768 8 11 B
1781 2 16 A
1791 13 15 A
1799 6 9 A
1802 6 16 A
1818 3 11 B
1823 12 2 B
1841 9 6 B
1860 10 6 B
1864 12 14 B
1881 12 4 B
1893 15 7 B
1901 7 14 B
1919 14 5 B
1921 14 4 A
1933 12 16 A
1935 4 7 B
1952 3 6 A
1954 11 10 B
1963 2 8 B
1977 15 5 B
1987 14 15 B
1995 2 5 B
2014 13 6 A
2033 6 8 A
2042 13 4 A
2053 12 6 A
2063 15 11 B
2068 4 8 B
2085 2 15 B
2098 11 13 A
2103 13 6 B
2108 8 9 A
2121 8 4 B
2126 6 10 A
2143 10 2 B
2150 9 11 B
2165 3 13 B
2167 11 7 B
2182 5 8 B
2185 15 14 A
2205 15 2 B
2207 10 12 A
2215 9 4 A
2235 11 12 A
2242 15 16 B
2257 3 4 A
2270 8 6 B
2282 10 4 B
2283 9 16 A
2286 7 7 A
2305 9 15 B
2309 10 8 A
2310 11 2 A
2324 13 16 A
2335 4 13 B
2343 11 8 A
2345 13 11 A
2361 12 10 B
2376 2 16 B
2388 5 14 B
2396 14 3 A
2414 9 12 A
2422 15 7 B
2441 5 5 A
2445 6 4 B
2463 3 15 A
2468 4 8 A
2482 11 9 B
2498 4 7 A
2500 9 16 B
2504 6 2 B
2509 15 5 B
2514 3 2 B
2522 12 16 A
2538 10 7 A
2539 5 2 B
2559 9 16 B
2570 13 16 A
2585 10 15 A
2595 15 4 B
2604 13 7 A
2615 5 14 A
2620 3 6 B
2622 4 10 A
2627 15 3 A
2639 10 14 B
2640 12 12 B
2644 5 2 A
2653 11 7 B
2672 8 6 B
2684 2 13 A
2690 11 12 B
2704 5 16 A
2713 12 16 A
2732 15 7 B
2738 3 9 A
2745 7 11 A
2758 11 8 B
2770 6 13 B
2781 9 6 A
2787 12 16 A
2791 13 9 B
2809 11 2 B
2822 5 6 B
2833 10 10 B
2846 7 2 B
2856 10 5 B
2871 8 16 B
2882 5 2 B
2898 9 13 B
2911 12 11 B
2930 12 2 A
2949 9 5 A
2953 13 10 B
2968 10 7 A
2983 10 2 B
2992 15 9 B
2996 6 11 B
3013 4 16 A
3016 6 13 A
3023 6 14 A
3029 8 3 A
3038 13 12 A
3047 8 5 A
3054 8 5 B
3056 9 3 A
3072 12 15 A
3086 12 15 A
3088 6 15 B
3090 9 15 A
3092 13 4 A
3098 2 9 A
3103 11 3 A
3106 6 11 A
3116 12 13 B
3124 2 8 B
3137 11 13 A
3150 4 2 A
3154 9 15 B
3166 4 11 A
3183 13 3 B
3188 11 7 A
3204 10 12 B
3212 12 6 B
3230 10 11 B
3238 12 9 A
3251 14 11 B
3252 14 14 A
3266 9 16 B
3285 13 6 B
3295 9 3 B
3312 14 15 A
3325 14 6 A
3328 6 14 A
3337 10 3 B
3341 10 13 B
3355 4 5 B
3364 6 14 B
3376 13 3 A
3379 10 15 A
3383 8 7 A
3389 11 10 B
3405 10 11 B
3420 3 5 B
3438 12 15 A
3447 8 2 A
3459 10 5 A
3468 7 9 A
3473 5 5 B
3482 6 15 B
3486 13 14 B
3505 8 6 B
3514 11 6 B
3527 4 9 B
3538 5 6 B
3545 8 9 A
3561 10 2 B
3567 10 6 A
3585 15 13 B
3603 12 16 A
3620 13 6 A
3622 10 4 B
3638 3 5 B
3657 6 12 A
3658 2 13 A
3671 5 12 A
3691 9 6 A
3698 9 15 B
3713 9 12 A
3731 2 11 A
3743 15 4 A
3751 5 15 B
3762 3 2 A
3775 15 12 B
3788 7 11 B
3800 14 5 B
3806 12 6 B
3820 2 8 A
3831 11 7 A
3844 3 14 B
3847 7 14 B
3859 6 10 B
3878 12 6 B
3891 3 15 B
3898 9 16 B
3901 8 12 A
3914 11 16 B
3915 2 9 A
3926 8 10 B
3930 6 11 B
3939 14 6 A
3940 4 8 B
3941 3 14 A
3955 3 10 A
3957 14 12 A
3968 12 8 A
3982 9 5 B
3993 12 5 A
3995 10 3 A
4003 3 6 B
4011 15 9 B
4026 6 8 A
4043 12 6 A
4052 10 12 A
4054 10 15 B
4071 2 6 A
4074 9 4 B
4090 8 7 B
4107 6 15 B
4122 11 15 B
4126 9 6 B
4133 11 15 B
4143 7 15 B
4149 6 3 B
4156 7 16 B
4159 4 7 A
4167 11 10 B
4173 14 14 B
4191 14 7 B
4205 2 16 A
4212 15 10 A
4224 14 12 B
4240 9 9 B
4255 10 12 B
4273 5 6 A
4278 8 15 B
4284 5 3 B
4300 10 16 A
4302 4 3 A
4317 5 15 B
4331 6 10 B
4334 15 3 B
4339 2 7 A
4341 14 10 B
4354 3 16 B
4356 7 11 A
4375 3 5 B
4377 15 4 B
4388 15 15 B
4403 6 11 A
4409 7 13 A
4417 7 7 B
4426 9 13 B
4441 14 15 B
4448 5 6 A
4458 6 2 B
4467 8 12 B
4471 14 10 A
4480 3 11 A
4481 9 11 B
4487 10 14 B
4504 4 10 B
4509 8 16 A
4527 14 14 B
4542 5 12 B
4559 14 10 B
4563 14 14 B
4569 2 9 A
4583 7 6 B
4587 11 8 B
4602 9 11 A
4609 5 13 B
4610 3 15 B
4628 2 5 A
4631 13 12 B
4648 9 10 B
4656 2 13 B
4671 7 9 B
4689 13 12 A
4706 2 10 A
4726 7 9 A
4740 5 15 A
4756 2 12 A
4775 9 13 A
4782 15 9 B
4794 6 12 A
4801 3 3 B
4806 9 10 B
4814 6 14 A
4830 6 4 A
4832 14 9 B
4852 9 3 B
4859 12 13 B
4875 11 4 A
4893 4 10 A
4905 11 5 B
4918 5 13 B
4938 8 15 A
4950 12 3 B
4951 7 4 B
4955 13 9 B
4971 2 10 B
4987 4 3 B
5006 12 13 B
5010 3 10 B
5026 12 15 B
5030 4 2 A
5046 12 2 A
5048 6 10 A
5058 7 5 A
5061 10 2 A
5079 8 8 B
5083 9 12 A
5100 10 3 A
5115 7 8 A
5132 2 6 B
5145 13 12 A
5151 10 16 B
5162 13 8 A
5164 15 6 A
5171 6 12 A
5177 8 8 B
5195 10 14 A
5208 7 13 B
5217 15 13 A
5219 2 4 A
5222 13 11 B
5238 5 7 B
5254 15 6 A
5274 6 13 A
5290 2 10 B
5297 14 5 A
5304 13 16 A
5315 15 16 B
5322 2 11 A
5328 3 7 A
5346 8 3 B
5357 6 9 A
5365 7 6 A
5372 2 9 B
5374 9 4 A
5375 10 16 B
5380 11 2 A
5394 9 14 B
5412 13 16 B
5432 4 6 A
5452 15 6 B
5471 10 16 B
5478 7 14 A
5479 8 10 A
5491 8 10 A
5507 5 6 A
5524 2 9 B
5534 4 13 B
5538 3 10 B
5551 2 12 A
5554 13 10 A
5557 15 3 B
5573 3 7 B
5579 4 12 B
5597 9 12 A
5608 14 3 B
5610 7 8 B
5624 5 13 A
5634 2 15 B
5639 2 3 A
5656 12 14 B
5671 2 2 B
5681 9 2 A
5685 10 9 A
5688 11 6 B
5702 10 6 A
5707 10 5 B
5713 11 7 B
5725 7 3 B
5730 4 15 A
5747 6 4 B
5755 6 4 A
5758 6 12 A
5763 2 3 A
5773 4 6 A
5783 2 2 B
5789 6 14 A
5806 5 15 A
5818 3 16 A
5826 14 13 A
5831 7 9 B
5847 11 15 A
5850 15 15 B
5852 2 10 A
5858 3 6 A
5868 8 16 A
5871 9 5 A
5889 6 12 B
5904 9 5 A
5907 13 3 B
5922 12 5 A
5934 6 13 A
5949 13 16 B
5954 4 13 B
5973 10 7 B
5986 7 3 B
6003 13 14 A
6021 3 15 B
6034 7 16 B
6049 4 9 A
6063 6 2 A
6072 5 9 B
6089 13 14 B
6095 9 2 A
6099 2 4 B
6105 10 3 B
6119 4 15 B
6124 15 8 A
6141 4 7 A
6145 12 12 B
6151 14 8 B
6155 8 3 B
6172 5 5 A
6191 9 11 A
6196 2 5 B
6202 8 7 A
6218 11 13 B
6226 14 12 A
6245 12 3 A
6258 4 3 B
6260 9 15 A
6279 12 10 B
6297 13 10 A
6307 10 2 B
6313 4 15 B
6327 8 8 B
6342 8 15 B
6344 8 12 A
6345 9 13 A
6350 6 11 A
6361 3 10 A
6370 7 7 B
6389 5 3 A
6400 14 13 A
6403 3 3 B
6413 5 10 B
6418 12 16 B
6428 12 7 A
6436 8 16 B
6453 7 7 A
6463 9 11 A
6466 14 14 B
6482 13 6 B
6496 2 11 A
6512 15 16 A
6529 7 4 A
6539 11 4 B
6551 3 13 B
6564 11 16 B
6570 2 5 B
6588 6 14 B
6599 3 16 A
6614 12 13 A
6619 14 11 B
6621 2 9 A
6624 8 7 B
6634 7 12 B
6651 7 13 A
6655 15 3 B
6667 11 13 A
6671 4 8 B
6679 9 2 B
6683 9 5 A
6684 15 4 B
6703 8 8 B
6723 4 10 A
6739 14 8 B
6752 10 15 B
6765 3 16 B
6783 9 16 B
6788 5 2 A
6807 6 16 B
6816 9 14 B
6828 6 11 A
6830 3 14 A
6833 13 4 B
6838 2 16 B
6849 11 7 A
6863 13 6 A
6876 9 8 A
6886 7 2 B
6898 4 12 B
6909 14 15 A
6925 2 8 A
6937 2 7 A
6942 5 15 B
6946 13 4 B
6951 6 5 B
6961 4 9 A
6964 4 9 A
6980 2 10 B
6991 11 7 A
6992 14 3 B
6993 12 7 A
7007 5 10 B
7020 12 9 B
7036 5 11 B
7050 2 14 B
7053 6 7 B
7056 2 3 B
7062 9 3 A
7079 14 13 A
7084 2 8 A
7087 15 11 B
7098 3 11 A
7110 8 8 A
7119 15 3 A
7131 2 16 B
7142 8 12 A
7144 9 11 B
7163 5 8 B
7170 10 6 B
7175 4 4 B
7193 3 3 B
7200 11 16 A
7213 14 6 B
7214 12 5 A
7215 4 6 A
7227 13 2 B
7238 12 14 B
7257 3 13 B
7272 12 12 A
7284 7 2 A
7288 11 5 B
7301 4 10 B
7310 2 5 B
7312 3 8 B
7328 4 3 B
7329 6 5 A
7348 10 5 A
7364 8 12 B
7372 11 2 A
7386 5 6 B
7394 10 3 B
7395 9 8 A
7406 14 2 A
7424 11 7 B
7427 3 3 A
7437 2 16 B
7446 15 11 B
7459 15 12 B
7479 2 9 B
7480 7 12 B
7484 14 4 A
7488 9 16 A
7494 4 10 B
7496 6 4 B
7506 9 6 A
7520 8 2 A
7535 11 10 B
7536 15 6 A
7549 11 10 B
7561 13 2 A
7581 9 14 B
7586 13 3 B
7594 7 12 B
7604 15 8 A
7614 3 5 B
7620 6 9 B
7626 4 12 B
7627 14 13 A
7635 11 13 A
7646 4 6 A
7661 3 10 B
7674 4 2 B
7675 12 13 A
7677 11 8 A
7682 5 6 B
7691 13 9 B
7709 15 11 B
7712 7 15 B
7722 13 9 A
7738 14 14 A
7753 2 10 A
7757 13 14 B
7763 9 10 B
7764 2 15 A
7772 8 5 B
7787 7 5 B
7804 9 8 B
7821 6 9 A
7832 7 9 B
7841 8 11 B
7860 5 4 A
7861 3 10 A
7874 5 11 B
7883 14 14 B
7899 6 12 B
7906 8 3 A
7924 6 15 A
7938 15 6 B
7948 7 11 B
7951 12 3 B
7954 6 13 A
7967 12 7 A
7969 7 2 A
7981 9 7 A
7989 5 13 B
7996 3 16 B
8014 6 13 B
8018 9 9 A
8027 7 14 A
8036 14 5 B
8046 15 7 B
8057 3 6 B
8062 15 13 A
8071 3 12 B
8090 9 6 B
8095 8 15 B
8097 3 5 B
8111 11 7 B
8112 8 7 B
8130 15 3 B
8131 3 3 B
8137 6 11 B
8148 11 8 A
8157 9 11 B
8166 12 4 B
8179 10 12 A
8181 15 9 A
8188 13 5 B
8191 2 6 A
8192 11 7 A
8198 5 4 B
8202 13 11 A
8209 9 16 B
8219 5 2 B
8238 10 16 B
8251 14 4 B
8253 12 7 A
8271 8 8 A
8285 9 16 B
8290 10 16 A
8299 8 7 B
8318 4 3 A
8322 8 15 B
8327 7 4 B
8342 12 6 A
8349 9 7 A
8365 7 10 A
8366 8 15 B
8370 15 14 A
8376 2 15 A
8383 10 7 A
8387 15 12 B
8395 5 4 A
8409 10 4 A
8416 14 16 B
8422 4 15 B
8428 4 8 B
8437 8 6 B
8450 10 16 A
8469 5 4 B
8475 7 10 B
8478 6 2 B
8494 9 15 B
8508 10 14 A
8509 8 9 A
8518 9 5 B
8528 10 4 A
8540 13 7 A
8545 9 9 A
8553 5 16 A
8572 10 8 B
8574 14 16 B
8583 9 16 B
8591 10 3 A
8602 10 12 A
8622 10 4 B
8637 3 10 A
8653 6 12 A
8661 11 4 A
8666 14 8 A
8685 2 3 B
8688 11 4 B
8693 8 7 B
8698 9 7 B
8702 13 8 B
8708 9 16 A
8714 4 8 A
8727 9 15 B
8728 6 10 B
8736 8 7 A
8747 9 4 A
8759 3 3 B
8762 11 4 B
8776 9 16 A
8785 6 12 B
8790 15 7 A
8807 7 7 B
8810 6 10 A
8824 10 9 B
8826 5 16 A
8844 6 9 A
8863 15 10 A
8877 9 5 A
8892 2 14 A
8905 8 14 A
8913 3 9 A
8927 7 11 A
8944 14 8 B
8949 11 4 B
8956 5 9 A
8972 12 2 B
8976 8 10 A
8978 6 6 A
8998 15 14 B
9018 10 9 B
9035 14 3 B
9053 2 13 A
9058 11 15 A
9072 8 10 B
9074 11 4 B
9087 2 15 A
9094 6 12 B
9113 9 13 A
9129 6 8 A
9131 9 14 A
9138 10 2 A
9152 15 9 A
9167 6 12 A
9174 10 9 A
9183 3 11 B
9184 9 16 B
9202 4 11 A
9219 3 13 A
9238 15 12 B
9248 12 13 B
9253 14 15 A
9270 4 5 A
9279 5 16 B
9290 6 6 B
9293 15 8 A
9302 15 13 B
9315 13 5 B
9327 10 15 B
9328 9 8 A
9335 3 12 B
9345 4 6 B
9350 10 2 B
9368 5 2 A
9380 13 2 B
9396 2 16 A
9414 3 6 A
9420 6 4 B
9429 5 3 B
9445 13 13 A
9460 12 11 B
9463 10 14 B
9479 3 11 A
9490 9 6 B
9501 9 10 B
9506 7 5 A
9517 13 3 B
9529 7 11 B
9539 8 9 A
9555 11 6 A
9556 2 10 B
9560 7 13 B
9578 7 14 B
9582 12 3 B
9597 13 3 A
9605 14 15 B
9611 8 5 B
9613 12 10 A
9614 11 11 B
9628 15 7 A
9630 11 16 B
9634 5 12 B
9643 9 3 B
9645 8 14 A
9654 7 16 B
9662 15 16 B
9678 7 11 B
9694 11 6 B
9714 11 3 B
9721 11 4 A
9727 9 4 B
9735 3 3 A
9738 4 12 A
9739 13 9 A
9749 6 2 A
9760 11 4 A
9769 15 4 A
9779 3 2 A
9790 13 9 B
9796 2 4 B
9809 8 10 A
9825 12 7 B
9842 2 13 B
9844 10 2 A
9862 8 7 B
9878 7 15 B
9894 12 15 A
9914 8 13 A
9918 7 11 A
9919 7 3 A
9931 12 16 A
9941 5 6 B
9952 4 15 B
9967 2 16 B
9978 13 8 B
9994 5 2 A
9996 2 15 A
