10 500
332 544
496 585
519 790
251 395
510 665
82 156
141 383
286 368
452 678
633 777
464 562
333 467
444 614
657 737
394 560
426 614
279 395
668 761
445 574
311 390
227 303
132 254
358 451
621 824
640 825
93 333
90 222
348 535
177 278
731 900
559 727
329 534
568 729
569 825
231 301
420 615
131 392
85 205
537 807
469 538
568 811
590 825
468 551
323 415
669 787
472 661
492 583
622 824
332 445
708 812
54 257
525 742
71 210
333 543
226 327
142 284
236 416
427 582
111 191
95 224
201 376
450 575
295 495
90 166
702 946
335 500
608 704
393 467
695 830
332 494
372 566
298 565
189 350
470 695
420 610
425 657
83 175
234 394
225 353
274 517
516 597
261 454
44 294
712 976
514 658
110 318
490 754
357 473
427 671
371 619
85 228
60 129
279 441
592 753
584 780
691 799
117 347
536 764
199 446
439 713
295 467
717 947
421 503
655 784
327 538
275 447
322 561
36 297
407 596
257 472
282 421
445 544
527 623
596 666
588 740
106 294
574 804
679 839
140 258
690 904
153 346
167 222
734 857
596 655
273 390
706 849
729 975
541 763
250 352
94 239
551 806
717 928
462 583
191 426
550 807
69 211
90 330
690 951
90 255
300 453
225 369
70 183
378 643
572 641
203 406
444 636
191 277
302 399
619 880
46 153
618 813
395 559
670 760
333 515
670 847
309 400
476 654
187 418
136 328
495 606
305 523
407 489
255 445
585 739
596 774
177 260
92 349
403 465
309 395
302 396
66 183
421 663
90 350
355 466
706 807
503 740
284 372
131 352
638 884
135 211
373 567
225 353
89 182
224 419
213 368
706 966
463 712
558 778
297 550
610 853
693 902
43 210
638 785
201 471
665 875
57 132
599 766
105 204
32 180
517 645
257 475
670 884
400 497
546 618
631 870
198 449
622 757
464 573
469 561
495 610
321 527
474 694
550 622
326 498
543 756
668 733
394 623
199 326
126 281
294 475
235 396
225 445
549 739
233 418
715 897
499 743
257 527
261 418
166 427
495 620
111 366
119 188
284 369
400 471
537 730
320 588
570 822
154 230
454 670
419 490
151 254
223 502
719 920
425 635
495 685
444 548
86 213
495 568
511 711
595 783
110 320
661 804
143 233
542 713
619 751
464 595
30 203
204 397
323 406
694 801
106 287
494 655
203 416
730 933
259 440
609 863
647 887
612 710
515 599
535 717
635 787
286 541
582 663
204 296
110 381
190 359
707 968
406 584
678 906
252 393
451 712
116 374
395 664
666 896
251 418
178 310
200 452
599 759
295 545
63 230
309 473
271 550
661 798
103 179
251 417
272 547
224 421
355 455
498 756
114 383
209 405
129 223
426 567
419 630
263 466
542 682
69 128
42 202
201 453
294 563
255 499
206 294
117 205
70 322
594 786
656 726
263 491
229 377
354 547
342 515
560 645
444 638
260 467
682 829
90 355
568 663
331 538
126 359
227 469
637 911
375 637
262 486
41 212
741 870
463 730
686 931
352 424
358 618
346 442
586 760
678 929
56 135
56 157
669 757
67 234
462 598
511 780
510 594
261 400
45 223
60 250
686 860
376 450
474 572
525 690
477 737
466 691
641 799
355 571
37 137
671 883
344 453
487 733
686 882
425 534
321 525
150 334
198 325
126 295
632 705
307 450
560 712
80 259
32 183
541 777
380 525
321 522
535 735
479 636
534 687
468 585
128 248
656 784
416 494
306 551
372 639
469 690
249 372
534 762
30 167
547 663
464 639
545 799
541 621
718 873
730 909
276 521
647 712
79 285
275 359
107 302
560 788
494 658
658 726
391 558
126 255
34 235
445 571
390 518
449 657
86 343
728 802
400 596
448 644
371 608
596 814
712 958
392 560
584 848
708 784
334 431
654 738
445 707
358 472
573 782
639 848
55 129
151 235
584 669
323 405
105 251
440 542
713 822
612 787
342 565
631 847
542 656
324 570
79 180
551 767
128 273
47 113
70 335
32 253
655 902
589 780
703 782
739 977
271 350
716 801
416 589
272 474
592 784
366 610
370 453
163 421
254 390
695 894
109 330
301 401
534 756
514 732
657 774
609 767
454 526
346 608
190 421
741 828
471 630
202 404
685 825
254 390
661 849
559 743
287 439
90 233
703 872
60 136
667 731
565 739
345 551
38 238
453 598
366 573
427 655
210 322
669 911
423 589
231 427
550 662
705 945
396 475
670 926
494 661
377 442
394 646
255 443
540 639
136 249
429 691
