5000
236 246
974 142
657 263
124 338
946 274
948 89
405 129
937 165
1020 153
107 237
1339 218
980 2
128 99
1 150
164 315
1405 355
1173 279
680 70
639 127
694 243
1154 172
326 259
1341 283
665 239
1296 125
1291 133
410 355
941 120
315 224
1426 13
1025 147
396 279
475 300
205 194
896 111
1267 228
382 93
1380 74
1332 317
24 333
1206 175
640 91
668 234
1007 290
98 355
811 144
1197 250
468 260
801 226
532 266
462 204
221 173
1485 53
851 145
30 292
480 60
162 251
958 304
556 94
691 68
363 24
272 286
1372 239
1075 307
361 147
998 241
262 127
1018 300
260 27
384 176
973 225
1186 317
855 345
1017 1
38 50
697 327
413 24
913 311
949 270
1199 200
1345 181
390 93
541 222
1155 14
98 265
1355 23
1390 17
1345 3
373 356
807 294
1170 185
412 234
647 271
870 45
1148 275
1345 109
131 22
364 66
1456 299
4 170
694 358
606 194
1042 43
189 23
788 270
1056 305
1070 100
1108 335
894 251
1439 332
543 159
297 271
1385 188
257 81
984 338
511 152
1188 150
446 13
845 166
649 120
884 20
1122 296
439 3
86 349
965 122
682 8
204 181
546 217
121 71
829 214
152 266
132 188
1220 238
964 313
1348 177
146 33
383 179
1321 322
1186 174
208 301
97 332
1285 30
1406 345
813 6
616 17
1113 108
1368 292
912 353
123 261
1423 341
218 336
961 249
850 135
465 80
457 26
849 193
274 102
1473 121
426 331
850 200
73 81
1187 41
1460 286
98 311
573 274
77 355
214 327
672 350
1305 181
1137 209
434 227
1033 12
226 233
1076 143
1248 336
764 44
1343 334
592 59
1250 141
198 292
475 132
690 40
323 6
1101 23
1241 45
407 200
891 191
179 318
904 229
1239 69
1374 327
1419 251
1133 345
1432 87
1151 3
1083 237
326 224
235 189
911 205
333 243
218 18
300 213
730 34
1464 181
793 259
1491 340
977 34
572 249
1260 38
1391 288
1404 186
416 110
1374 289
1010 235
236 271
550 146
60 135
849 154
1173 34
830 209
589 241
827 82
360 62
214 213
694 15
244 127
292 245
1463 159
964 233
1011 228
1231 212
918 107
767 100
4 11
310 223
54 86
1262 264
148 33
227 202
813 348
488 134
48 172
1167 212
707 104
105 301
586 155
1411 328
634 165
187 152
1365 175
1237 292
21 241
22 133
1476 250
1146 169
177 113
80 254
769 192
390 346
954 294
314 317
350 226
721 66
989 151
206 279
302 149
724 229
819 220
1063 139
303 240
46 291
501 23
179 266
1255 220
799 206
924 70
1253 142
514 95
1159 135
448 266
238 187
946 302
1461 113
217 103
407 90
321 296
104 275
1018 185
1491 261
330 318
1318 2
1459 124
1274 358
1324 183
270 216
731 327
232 71
1420 354
620 264
328 232
1352 245
994 69
1404 202
508 225
637 87
181 150
316 203
396 235
791 210
136 181
423 83
921 224
359 312
706 293
1024 360
475 42
301 133
321 234
398 106
1280 35
805 99
316 260
105 309
1104 104
224 195
1437 60
77 82
8 57
1025 311
45 257
1117 274
976 36
1486 192
1397 116
1176 261
187 266
170 247
777 308
1000 55
335 17
1413 121
11 277
1114 264
87 137
1023 293
442 39
1376 339
943 124
1303 56
1230 108
1068 338
109 346
381 49
214 123
1464 148
244 56
1086 203
617 334
775 3
493 53
58 120
505 20
288 243
689 82
760 22
900 40
634 215
1334 346
406 316
118 12
801 16
57 90
279 298
1047 298
38 91
536 187
194 142
698 284
988 89
894 3
851 39
770 245
483 360
588 318
852 141
974 18
459 58
159 42
617 308
1316 194
1455 42
493 271
324 151
1452 338
53 211
311 135
134 69
790 220
1013 310
288 283
1345 324
670 343
574 114
674 356
621 53
112 285
1180 303
816 221
399 303
629 230
887 175
627 317
383 278
611 44
1461 168
333 308
915 212
1499 82
1104 145
290 34
1189 216
380 48
1131 5
987 177
1106 7
200 19
136 170
971 108
661 307
524 143
532 290
761 187
19 283
316 301
370 89
8 167
493 148
193 342
199 1
959 111
1026 285
1282 1
1500 273
291 177
669 59
184 101
1327 72
635 80
1170 179
1373 146
1382 282
1343 82
1398 176
875 77
988 13
871 338
758 154
1082 112
1161 58
637 294
493 63
984 350
224 275
1012 52
568 165
1374 215
117 19
825 248
1285 17
151 138
1375 354
633 161
525 336
1074 353
261 282
794 139
1179 166
1453 217
1304 26
1471 345
1472 81
1104 273
417 35
1055 166
609 318
926 112
300 312
803 271
950 211
272 189
729 338
531 20
1413 186
427 332
171 342
529 340
37 148
1107 244
319 146
1252 157
1104 112
1306 119
940 43
1076 2
226 49
599 275
635 74
627 34
936 356
629 158
672 154
1025 91
582 10
1368 37
958 103
1288 223
960 169
30 359
102 187
1168 335
683 4
1045 145
105 188
950 324
118 227
850 356
141 154
862 248
446 304
109 14
104 51
96 25
1256 163
419 95
1431 306
171 178
1443 7
897 292
1300 181
557 256
204 36
1372 62
1148 16
1353 246
955 256
631 129
1372 222
757 249
1067 182
970 191
1397 118
13 152
519 160
446 325
1055 291
319 330
870 289
356 273
185 22
74 341
1452 170
1230 9
677 261
1112 339
382 315
433 352
1348 252
81 266
558 130
54 311
469 276
1500 130
799 324
1159 258
1260 162
314 196
1365 163
833 67
591 335
923 358
973 89
861 63
1369 89
593 16
206 216
1403 120
1302 168
606 165
511 98
684 348
630 38
575 307
623 291
905 30
418 218
661 90
1298 149
235 287
259 12
1468 133
370 187
1484 275
578 20
235 136
677 195
277 13
667 300
20 349
1168 132
468 204
129 234
951 131
987 38
410 301
1468 302
602 300
1426 320
477 105
243 322
238 96
114 132
178 147
1301 129
532 169
691 276
50 123
896 108
1034 351
285 104
907 112
1086 184
808 321
920 74
32 180
47 345
1136 333
1003 206
752 303
1002 111
1205 115
929 206
877 178
319 276
1030 256
831 227
212 86
282 110
18 208
511 283
753 147
656 227
1322 52
694 68
226 246
606 13
496 91
1179 91
6 264
590 332
390 161
60 109
570 99
1050 135
616 112
215 330
401 285
1198 248
449 84
212 64
13 306
1263 210
439 190
185 237
161 348
931 213
1220 102
764 204
1442 70
1420 7
950 54
600 263
635 255
409 348
758 244
206 194
1366 6
1143 145
997 306
1240 165
16 245
1397 8
637 337
320 84
291 346
921 349
635 322
480 108
593 331
795 182
618 288
892 130
383 135
1445 221
43 241
46 89
1095 281
18 225
964 90
497 76
573 62
748 304
224 236
1453 178
950 50
11 74
827 104
1148 20
525 274
675 70
722 230
436 351
1349 322
720 32
1403 124
1040 277
1042 213
428 130
1189 192
55 183
388 162
753 142
192 220
1481 41
196 345
640 139
350 350
685 51
801 15
626 208
1475 22
930 119
1490 132
1033 225
628 233
944 267
1024 296
899 358
1161 69
858 266
1071 103
397 143
1028 298
1384 168
670 111
1485 184
337 285
337 116
559 300
63 58
1206 350
449 144
519 188
159 31
982 185
1110 54
1241 150
462 105
897 149
330 31
1105 19
1135 301
1444 102
187 318
1140 20
57 119
800 53
515 318
861 214
803 2
1051 23
449 174
394 251
1499 12
584 259
1369 317
1458 50
1274 213
460 209
171 197
580 330
1256 353
609 82
560 267
733 56
1206 157
942 177
1120 203
1153 225
1004 188
1295 95
994 312
1332 250
1354 80
1469 245
223 57
146 100
415 184
518 194
451 12
147 198
1271 122
893 160
69 14
932 150
1058 91
748 258
897 189
639 28
1294 49
228 250
1499 318
980 269
381 106
1360 297
849 50
1188 46
1476 275
931 152
1040 163
1014 332
324 165
165 220
1104 158
731 252
99 102
456 177
1374 129
1029 286
1488 111
949 340
712 209
290 347
525 56
888 188
1401 38
589 145
228 154
824 264
460 35
1429 358
960 138
1045 241
1398 101
681 179
1368 177
1218 135
980 241
1422 136
1489 110
517 121
733 65
365 214
236 35
92 289
1011 97
1270 156
342 295
867 216
22 82
1430 209
330 153
696 169
37 198
553 94
1334 209
940 184
595 311
110 164
71 177
4 320
1386 183
986 323
809 309
1188 296
910 188
1142 15
694 285
1063 268
21 216
967 174
264 323
337 273
1118 74
1350 38
16 29
508 322
696 229
1242 190
1394 120
96 359
465 344
746 347
1122 132
1253 219
333 182
154 238
907 360
443 231
15 297
1442 218
726 16
788 125
1424 5
1246 176
599 285
700 221
157 59
699 200
1067 253
120 201
1440 357
970 253
1374 320
284 53
1403 262
285 191
1277 309
190 195
256 161
457 346
231 275
919 85
1134 104
677 87
714 314
836 332
396 352
136 77
1136 55
705 145
1271 42
96 307
530 101
558 175
1138 200
509 114
504 74
860 87
1270 345
283 72
189 226
243 307
1056 267
1046 296
1 6
594 329
854 27
668 360
571 22
366 163
849 55
60 98
949 296
655 53
1483 123
732 316
1039 214
1245 302
89 309
719 70
664 87
1338 143
372 13
798 270
1421 187
945 3
208 264
762 164
1178 106
301 52
446 273
1267 347
555 205
230 287
1069 269
1253 322
1295 221
1331 26
1216 291
373 52
757 238
448 100
1213 227
623 48
101 231
633 156
1349 335
378 187
1304 323
1324 355
991 71
625 41
174 251
564 286
1116 120
944 327
836 306
83 76
820 44
667 29
568 182
1044 213
415 7
759 318
117 319
559 347
1114 72
678 266
1248 303
996 63
855 325
1047 251
1278 276
262 63
815 93
1021 328
1095 154
1116 316
571 280
772 8
76 160
820 250
511 353
724 81
466 292
240 358
1069 122
976 173
599 296
519 194
934 253
742 5
568 204
723 94
1194 278
533 341
830 24
696 247
6 327
1312 150
770 108
895 273
13 332
405 315
549 165
29 292
330 223
1176 165
615 253
49 199
58 37
165 200
727 282
607 24
201 344
35 170
797 306
1012 66
390 129
1033 188
701 123
726 305
307 56
908 188
1025 112
254 1
418 165
1322 357
487 94
464 248
1027 202
953 16
862 285
1269 31
445 317
1429 334
39 118
1141 242
418 201
436 317
1277 242
449 241
452 325
1166 264
1407 264
142 52
165 261
674 206
1182 295
953 205
165 202
884 141
32 215
682 231
1311 316
297 36
90 14
272 125
165 253
364 226
636 275
565 165
771 125
840 20
937 339
822 234
1475 85
1419 93
1078 4
1422 197
252 159
1481 21
869 58
1151 90
348 317
1006 171
99 352
1194 124
1139 66
1281 227
537 59
1299 278
231 11
1444 96
155 149
694 122
1266 184
791 337
607 180
812 88
569 349
1257 275
456 229
192 310
124 52
1150 37
158 193
1311 54
107 265
762 52
958 199
789 161
244 31
405 115
1226 313
983 116
740 225
613 312
616 313
1223 311
681 20
1125 90
788 296
325 76
1456 79
448 15
1271 156
80 323
880 285
1407 47
416 297
1252 63
86 225
688 147
1411 71
1404 32
96 263
1224 348
489 81
125 312
1206 284
874 213
749 242
769 141
756 169
1151 126
422 352
653 11
663 236
578 142
758 20
342 64
1190 67
930 143
706 58
222 306
270 331
557 2
271 326
60 282
196 108
1262 226
106 95
1077 188
1224 70
506 77
61 267
1410 279
1232 167
128 116
853 158
313 320
450 6
403 273
222 195
748 227
1459 157
332 222
1328 197
871 119
241 15
642 357
400 52
1275 314
202 64
313 40
1350 64
87 152
829 249
1419 325
448 348
455 240
1072 158
218 347
475 222
984 84
721 7
978 358
723 239
279 315
1065 69
566 357
1072 137
248 58
1239 123
1340 333
522 285
1333 36
698 165
1492 165
787 43
881 290
1124 122
1373 4
144 23
1305 247
351 11
31 193
1336 357
344 220
729 226
180 358
52 191
1201 192
1380 296
1197 330
1426 29
997 53
457 203
1119 169
192 63
109 323
1145 137
1216 182
653 278
993 284
731 331
658 48
1466 68
565 77
639 265
105 119
81 315
911 194
565 268
578 319
343 98
579 53
344 174
868 193
369 136
1429 31
452 295
1216 272
681 171
566 295
1375 192
891 64
1088 40
320 263
855 125
120 122
262 5
1280 15
112 57
65 320
1225 53
1244 90
744 268
743 13
869 81
636 46
147 22
1393 356
1220 279
29 94
1263 283
1141 91
1496 316
1485 263
990 300
1092 222
127 317
586 22
887 81
1012 326
43 91
1476 316
350 289
1124 250
1227 332
668 64
561 192
626 306
255 338
583 333
906 7
739 313
709 2
731 74
457 314
1277 77
121 41
611 90
832 138
345 239
406 299
96 173
547 161
940 139
272 349
494 70
294 262
1473 105
175 127
1045 64
963 108
1145 225
1293 244
757 261
281 158
1126 253
1175 271
1323 254
105 273
803 243
408 307
919 230
1122 200
634 43
626 344
164 207
1207 8
431 165
626 45
424 2
626 274
1196 238
771 188
504 204
837 267
1041 291
113 239
741 14
46 166
989 166
1397 104
112 335
1180 172
112 12
1338 247
1034 159
1473 222
1495 254
755 300
670 254
897 71
493 94
908 37
58 251
789 309
1070 32
431 147
284 194
366 189
390 111
752 247
992 298
84 271
865 91
1480 286
389 186
71 114
4 344
168 126
185 313
692 234
185 126
1124 262
1231 276
567 4
567 61
963 197
382 191
222 53
365 247
424 191
771 296
134 4
321 327
851 301
244 350
839 56
1019 295
426 92
431 74
1096 223
253 156
367 169
830 94
1142 343
412 207
721 319
1059 57
484 321
1101 298
474 88
155 278
394 291
1374 170
210 100
611 155
1082 31
1209 187
40 203
1439 102
181 112
463 51
225 207
900 299
944 255
1495 309
653 8
65 211
1050 221
1331 143
840 8
59 221
1459 314
1017 72
244 193
924 100
617 282
394 210
592 43
777 304
1300 260
1069 9
1065 119
127 242
607 331
1440 358
50 33
81 280
797 164
156 128
1424 256
830 338
1204 297
645 211
1187 286
879 221
913 98
257 113
1284 17
63 306
1170 67
607 167
452 220
515 110
409 99
1016 219
90 24
839 123
1019 37
776 277
1117 49
713 329
1374 235
1356 220
441 356
401 175
868 31
304 213
950 310
1448 264
1034 64
1205 62
797 124
1386 184
1135 34
270 293
1290 267
469 252
969 26
615 92
1202 58
1164 119
1366 38
1408 241
479 8
1146 263
1312 175
1393 233
1328 307
1408 342
1382 7
527 234
652 274
1142 257
1074 213
153 123
1011 270
806 16
70 69
1391 343
1253 318
1144 144
631 200
96 152
944 294
164 104
15 211
260 283
1210 150
1166 261
1149 132
137 166
1459 215
1349 201
182 193
623 230
1334 218
1158 42
1034 267
681 274
1070 159
56 316
485 83
1261 139
919 292
429 301
374 73
1482 325
707 42
143 289
501 127
803 175
1113 83
742 214
296 94
995 184
1156 349
563 63
574 336
154 100
1153 209
1007 310
462 200
768 72
1081 270
32 162
1181 259
777 154
1175 46
365 2
758 217
72 9
1035 277
637 53
22 308
1041 310
1394 29
810 46
335 101
986 102
1084 65
1202 161
993 225
505 41
669 149
1181 281
1439 338
1307 207
1442 332
88 282
128 40
850 120
1102 272
946 357
1371 266
910 195
365 349
145 223
189 356
1296 347
814 19
1315 255
1080 264
468 31
1189 164
110 15
1341 137
936 238
80 1
108 328
513 36
281 106
1327 235
409 122
303 79
80 302
924 137
1421 219
451 167
188 247
1303 280
57 353
407 310
1268 332
489 307
684 118
1490 53
257 18
1199 2
1215 261
564 163
856 166
1173 217
864 241
242 348
1182 319
591 131
483 65
1065 308
170 98
1356 318
1243 182
829 21
1267 189
1154 347
1407 349
736 129
1465 329
1200 211
408 161
1242 167
885 227
1220 181
237 285
1001 155
1433 258
502 348
517 14
1035 73
947 66
937 358
570 221
1423 233
1006 304
1398 224
367 227
413 246
535 289
291 319
1185 245
983 78
1420 43
442 157
294 98
102 60
217 77
789 53
682 195
1307 66
1435 272
25 237
994 181
756 300
1342 277
227 290
982 165
146 297
208 214
972 86
816 293
25 217
1013 210
1254 42
1252 65
719 287
264 243
244 318
803 49
910 89
972 310
776 337
489 237
205 76
5 290
10 23
208 37
180 266
938 231
39 8
802 272
1329 256
685 257
950 18
588 191
727 34
1354 82
236 263
805 109
97 122
947 36
1037 201
203 161
855 326
527 330
871 32
611 17
1135 221
155 5
887 114
406 279
1284 230
776 287
1332 335
1335 328
650 16
1381 268
1319 262
340 60
1245 342
1023 237
947 84
1264 65
1057 145
254 130
1044 88
1498 118
971 251
39 98
513 265
815 231
74 311
1223 191
472 350
500 288
1323 339
1137 44
36 255
117 83
1252 270
735 174
122 188
81 77
947 121
1043 68
221 310
434 240
1103 237
901 245
1269 231
336 311
1280 172
802 337
179 100
1171 98
977 317
1010 195
623 110
900 295
598 5
1322 129
325 36
587 67
431 178
415 192
1437 120
1077 323
343 17
598 84
1132 267
852 218
495 298
1289 291
1247 244
413 34
353 48
976 10
116 41
1163 308
1471 112
211 285
262 209
208 130
323 349
1011 175
1046 171
191 221
776 169
665 209
611 231
1496 322
1183 290
1284 308
1300 23
1006 146
1346 63
1384 133
730 71
1377 98
68 175
569 275
1390 264
969 247
23 189
723 28
852 268
93 340
643 312
98 8
1187 244
97 63
463 63
312 159
604 281
1422 195
1419 157
12 225
1280 233
113 52
578 171
1101 43
464 76
209 236
152 77
1109 169
1031 345
623 330
683 179
411 288
839 167
1107 157
745 158
1062 298
824 171
1214 138
342 146
817 83
364 4
533 126
582 76
67 96
1380 32
1014 79
1332 297
1122 90
235 12
338 56
1024 53
161 154
516 288
984 197
534 63
44 105
623 176
1056 148
125 21
1162 224
618 295
839 93
1114 213
756 309
953 286
1153 130
790 285
1419 117
269 40
1258 144
1381 138
554 164
1368 182
799 14
1202 87
1320 132
1192 44
1197 108
1182 126
637 113
443 337
168 20
259 247
704 247
286 88
105 112
794 359
448 117
1400 18
908 160
763 115
905 75
1263 156
1236 133
200 340
962 180
1016 38
1192 360
536 5
1003 341
180 330
419 116
817 192
868 230
700 292
145 265
669 167
310 19
255 101
1383 258
580 218
72 336
772 148
1000 24
1324 150
811 332
871 315
1494 86
85 339
1021 47
257 93
712 230
1172 178
705 312
1194 359
60 36
1147 130
814 309
33 355
32 95
941 68
1289 97
516 333
1095 102
1462 179
1273 140
1334 100
1415 266
1119 157
804 215
1468 47
1175 309
821 352
1357 339
1262 299
21 255
1113 92
785 144
698 271
142 21
349 309
366 217
265 252
742 242
155 123
578 199
1012 225
859 296
954 96
978 166
306 305
1338 223
1385 326
1089 34
717 185
408 276
744 358
914 167
1407 247
65 283
735 190
1226 243
375 224
1193 243
358 84
899 233
531 26
1208 110
1412 119
693 148
1152 113
385 117
132 53
1034 353
430 338
533 90
803 164
1195 190
1230 134
154 138
1479 36
690 121
86 69
1363 26
310 207
466 60
702 267
128 124
831 351
321 71
176 358
1302 93
891 166
593 354
386 197
762 283
176 271
608 342
1005 176
259 314
253 259
956 193
985 24
1498 126
1145 7
941 252
978 170
1350 134
285 126
653 92
1431 247
45 117
1468 331
831 129
974 97
1280 36
622 93
742 213
260 40
449 33
219 132
987 85
503 258
1320 14
549 307
537 268
1450 147
1165 316
1498 157
542 13
490 56
196 276
216 67
229 333
1416 273
483 335
1036 226
708 31
675 126
816 205
640 279
192 151
697 53
212 293
697 21
1147 224
1178 281
125 33
1210 154
151 290
1310 55
1396 184
549 211
660 184
58 50
968 88
184 210
696 131
335 143
332 69
1077 85
893 91
1056 255
434 56
173 163
78 235
539 226
418 44
1128 60
90 231
361 327
1237 238
638 143
456 161
906 149
749 264
601 280
419 265
1442 321
670 288
567 203
1448 277
1318 180
280 278
1360 333
829 12
1051 175
423 291
779 195
957 134
1343 358
362 285
24 292
1399 119
708 95
685 198
1190 118
471 266
1366 116
27 180
558 229
1117 303
1398 170
834 183
783 115
1106 168
250 261
1370 181
274 325
303 219
601 317
760 60
745 76
1442 195
492 199
263 221
72 85
19 130
1179 27
1403 60
130 69
974 147
245 254
586 296
966 104
224 28
1233 19
1278 4
89 231
791 12
411 118
356 311
1291 269
19 343
1261 264
831 204
312 90
54 110
370 159
824 185
58 140
1038 196
611 173
196 100
1256 19
686 337
1113 56
1387 282
281 232
227 83
30 148
847 169
1205 90
1069 234
263 193
45 57
802 254
530 53
1 237
37 213
189 286
17 318
313 357
269 188
1078 43
95 330
1278 302
162 90
996 75
806 169
1156 84
737 90
1420 359
111 160
1050 35
623 322
667 22
1474 283
629 280
622 219
474 355
218 342
289 25
503 300
637 205
46 67
1363 187
269 88
763 112
1132 4
859 304
1200 107
1262 144
585 61
1061 159
1205 146
1199 126
1371 36
1280 91
944 15
292 169
1168 20
232 101
952 133
522 257
65 187
1476 95
1044 280
704 31
148 55
1163 336
142 211
103 226
4 258
1146 223
66 156
679 180
189 217
1448 330
405 243
154 229
330 82
237 135
1312 286
271 36
902 35
934 184
965 118
611 248
621 173
582 85
1180 37
506 115
1080 58
451 156
1365 257
1279 301
172 286
1404 191
1071 29
1384 296
955 356
426 291
1247 321
903 296
928 137
975 192
255 107
1400 50
392 73
776 275
921 255
157 39
955 167
1314 41
1327 103
66 100
1264 131
941 75
1157 354
96 73
889 57
716 39
1134 26
1193 34
346 318
1121 64
532 131
111 233
334 132
1040 42
896 187
930 123
220 323
180 162
600 28
115 189
749 278
958 100
24 151
1330 24
16 180
609 50
68 250
1147 83
1390 296
1044 217
997 30
871 176
1159 126
655 79
520 173
1016 140
953 119
181 56
566 155
137 281
1461 147
1335 271
1278 111
61 89
1096 7
1290 248
837 182
237 16
678 208
475 30
1205 137
160 339
298 319
1109 102
584 130
1028 125
1172 193
101 74
430 244
257 54
927 57
1375 294
683 73
1035 54
419 344
455 137
1370 173
1436 258
311 259
492 109
376 170
514 187
584 295
971 93
1173 148
158 159
1075 44
291 329
1023 266
1436 159
181 341
1032 28
720 270
736 351
374 262
709 258
1278 328
705 69
1359 145
659 9
134 152
559 100
1081 33
317 320
662 168
947 116
994 63
1206 70
168 282
1020 160
966 332
492 167
1006 104
972 90
417 310
1432 273
380 314
1220 1
82 300
1309 181
52 198
523 332
681 208
1168 281
498 101
1064 198
929 65
515 345
230 28
951 3
1431 8
758 39
875 93
1376 214
1179 250
522 357
256 62
612 187
223 22
1271 107
247 131
873 2
1159 46
1024 302
212 90
1043 299
384 311
323 338
559 255
1053 287
1248 261
1350 341
559 30
59 112
272 140
335 324
577 165
1058 283
463 358
176 3
1004 249
668 69
858 145
935 184
1367 336
486 2
453 4
1169 258
262 300
358 9
562 82
1267 313
1215 173
830 68
897 300
250 287
625 204
1068 234
1155 307
691 244
1106 136
515 69
238 252
658 285
657 4
1320 323
1281 188
767 78
6 153
1292 323
893 95
214 177
532 190
1120 243
512 32
69 7
1025 242
859 174
231 247
958 157
812 2
248 89
371 37
977 71
376 122
1476 297
1027 91
769 278
760 121
1430 238
443 358
773 69
968 327
72 253
340 95
556 107
242 230
1141 156
835 128
145 163
542 119
415 272
1416 234
188 141
384 110
556 336
595 169
287 332
559 130
1430 301
535 338
766 104
1086 73
121 120
497 299
1465 35
1030 283
126 114
803 337
865 84
127 12
695 60
107 315
182 69
858 317
1233 2
1051 211
1379 218
381 190
1043 17
1091 100
328 351
1362 75
851 355
796 242
911 55
1289 85
1129 196
1421 199
1108 107
478 119
1119 189
834 131
747 323
1283 192
339 124
863 292
795 212
189 49
1036 200
1102 281
895 183
654 170
381 22
1163 286
827 99
114 336
292 77
474 294
1432 10
1235 179
791 252
1403 37
723 158
56 113
967 78
558 128
115 357
1093 350
523 185
1395 203
830 225
33 185
1424 290
231 312
192 235
321 231
1238 322
698 171
1493 203
566 136
1482 4
589 182
115 253
1296 232
793 127
228 258
41 16
538 49
1294 184
691 255
137 100
435 149
290 91
337 358
1348 360
1485 116
1323 114
1304 265
501 328
613 50
1130 213
384 114
354 286
791 31
1388 244
264 355
484 90
861 311
1314 345
924 331
789 37
353 150
154 296
865 257
1384 311
607 134
1295 81
655 63
1315 168
1324 338
306 160
900 64
277 5
830 153
937 186
393 242
894 78
784 333
79 250
990 16
612 191
1221 255
800 99
619 61
391 23
74 164
385 195
84 125
952 222
975 260
816 171
1000 48
590 319
660 4
893 210
1188 286
1165 307
1400 151
530 251
992 346
728 38
200 210
1340 151
753 245
131 58
1363 82
571 74
196 249
1181 38
923 66
99 316
193 82
1042 64
498 326
1282 305
805 103
444 178
393 223
553 289
1286 154
842 278
1008 256
1168 150
434 114
269 234
1398 245
760 174
245 318
661 255
1231 266
1171 31
614 219
335 168
771 116
470 335
190 20
1416 85
743 159
269 297
402 154
167 26
1047 226
330 203
77 193
687 63
199 195
965 6
326 16
1311 33
52 284
333 61
980 342
703 172
1424 330
1158 214
210 51
944 340
1041 276
199 100
170 287
295 108
1270 55
1365 269
941 279
287 179
401 343
495 115
1493 190
1483 254
1076 77
1362 178
305 153
972 136
1485 336
274 146
1158 184
85 287
434 310
654 34
1305 101
1367 5
1475 145
1194 118
298 26
139 256
274 29
556 294
1357 10
664 154
372 18
1059 144
404 144
1193 132
1444 73
855 98
907 158
548 26
758 271
462 128
1182 124
1128 338
1056 221
964 168
103 63
1180 130
841 159
1440 44
552 315
87 163
157 356
587 132
534 4
931 249
1246 299
271 270
1467 17
25 349
1140 181
746 314
1209 182
411 29
362 326
25 132
284 217
411 240
366 175
314 12
207 214
900 106
279 332
683 174
574 224
525 261
475 4
472 264
1483 354
372 164
1305 346
373 96
1200 71
1279 180
1136 188
93 44
561 227
935 340
533 56
186 35
701 273
206 20
825 357
1127 16
778 132
463 242
102 140
425 312
833 123
1031 34
391 159
1310 288
955 113
557 269
1414 88
717 60
583 68
1342 186
927 266
1228 331
947 95
234 63
382 162
1243 297
831 53
16 250
460 236
1053 316
370 170
525 116
1039 143
1146 217
975 100
79 120
845 353
848 202
214 101
1291 180
910 68
896 294
1101 209
808 184
448 242
20 327
411 182
1138 196
389 182
210 78
931 45
1257 277
690 292
295 293
472 101
468 194
468 285
906 84
91 76
1031 340
940 262
193 251
1160 281
12 192
1069 261
752 114
1017 183
251 324
338 89
170 131
1163 34
394 360
1041 282
1191 321
365 268
1099 15
644 124
1142 128
135 183
138 318
1486 50
173 235
267 239
848 223
943 75
998 110
1209 170
540 38
955 62
68 196
395 8
1392 213
436 123
1030 297
825 53
275 331
615 279
101 43
1370 169
1239 237
87 91
741 29
42 334
896 271
1091 150
1301 331
1359 296
999 242
1062 244
750 158
997 115
1198 349
368 292
209 316
1451 321
814 293
979 227
352 322
1177 164
706 351
364 288
1262 200
231 166
335 229
499 150
1317 342
1018 37
680 25
1335 323
1399 39
98 71
814 341
575 57
770 243
1163 197
831 336
468 123
1285 346
234 171
79 59
243 274
60 212
1268 69
304 178
835 321
490 274
631 303
749 355
535 334
477 253
1494 4
343 187
765 297
427 241
665 310
956 316
322 67
1446 124
1397 181
764 13
1273 83
450 274
1466 138
31 309
230 275
86 184
1391 26
914 170
527 100
814 243
662 5
207 305
387 244
1003 301
678 86
269 51
596 220
229 299
388 257
429 25
1131 56
1226 225
246 21
1204 60
1420 295
554 65
503 201
1187 224
356 37
222 122
1155 27
273 266
54 99
1148 78
1012 74
609 126
538 328
1112 89
403 328
1309 108
907 101
753 153
935 326
1349 298
151 210
1222 160
1113 114
1218 172
58 64
243 318
1327 350
736 93
408 132
1362 305
107 218
10 48
135 168
459 195
461 78
1419 73
1162 15
173 88
777 150
1356 338
303 266
742 129
303 131
868 128
50 246
1080 145
397 254
1339 44
1309 290
132 39
324 330
726 279
1074 138
518 214
371 290
665 53
333 286
244 178
927 78
1053 40
463 317
808 83
1405 359
276 262
909 48
1203 259
1449 62
937 228
1016 237
137 203
885 275
1098 123
175 30
1270 190
755 136
410 289
287 261
140 265
765 265
914 166
278 320
757 308
1182 232
1446 75
1401 353
1419 48
893 184
607 145
1302 28
673 343
1445 301
822 308
304 145
711 160
1444 243
1456 234
353 331
1090 115
974 276
1436 234
781 129
373 236
1319 287
1049 72
273 218
809 279
814 224
230 325
420 50
1457 228
267 161
48 205
253 244
347 270
902 11
774 15
1178 173
1111 52
1210 104
1403 328
615 218
905 166
609 286
1317 313
204 176
679 181
532 256
211 299
386 119
1128 41
734 56
895 239
929 170
530 310
1280 28
19 305
318 150
289 275
160 288
1486 341
231 338
490 119
934 309
62 260
239 139
862 96
155 190
166 149
75 122
438 13
1279 173
550 132
1344 183
671 255
1305 262
586 177
1339 50
578 333
855 223
1412 51
1023 285
1409 28
197 145
7 35
1227 253
338 201
349 103
1043 27
471 56
748 220
15 73
613 194
1334 29
931 134
489 273
119 355
218 225
926 317
1404 264
174 319
711 289
764 284
1365 10
629 268
999 36
274 161
422 300
515 321
1383 97
1080 86
174 247
126 74
758 327
801 301
1351 56
241 187
939 86
422 227
848 212
748 298
661 125
414 263
471 76
608 320
199 56
1204 15
1479 251
160 94
1034 136
1403 287
22 337
1310 118
1214 48
669 58
1071 197
570 201
798 290
1311 55
207 164
325 106
875 57
1122 140
1305 77
646 72
379 91
371 260
98 122
584 135
257 315
1237 87
638 77
1492 167
468 277
780 39
967 201
1003 150
251 26
228 36
304 127
436 25
124 20
780 318
110 190
525 124
789 203
1226 256
999 300
177 86
1421 190
1415 114
1157 140
631 44
334 31
79 141
200 185
809 305
215 219
687 211
27 348
635 192
1009 75
950 236
1406 164
708 100
1394 134
1303 138
11 178
980 208
1296 206
1058 157
445 329
1421 39
1354 297
1130 187
500 171
166 336
1020 135
503 140
25 30
343 182
521 290
913 166
155 9
1106 352
49 3
363 347
923 24
655 113
663 358
797 226
1198 185
932 207
12 355
562 113
753 172
325 234
678 82
948 183
1075 279
1089 92
839 140
1227 217
674 123
550 235
1325 180
579 318
432 132
103 207
841 52
932 194
179 47
1276 272
70 183
366 216
796 271
1456 115
556 306
252 224
792 337
284 87
521 201
373 101
487 14
733 293
926 240
828 215
326 296
1409 24
1041 266
305 346
91 213
690 227
851 120
1295 68
889 333
24 106
1378 72
706 26
1120 70
592 325
415 169
940 339
952 296
1116 111
665 92
470 278
1414 196
1106 251
88 78
239 120
348 185
238 177
674 209
372 67
420 151
551 52
821 106
1487 64
1089 270
128 66
716 92
1145 143
1429 214
874 108
1039 270
1492 11
1430 271
1485 352
859 242
474 7
963 125
242 181
611 214
989 202
1248 345
280 73
55 166
1336 53
359 247
868 247
321 87
1050 86
676 198
149 281
915 160
302 117
1250 298
282 32
410 315
1453 45
774 335
183 24
1364 153
561 58
1216 90
1326 290
768 1
295 167
1122 123
813 298
31 232
440 322
606 246
658 31
563 194
312 220
606 142
590 304
75 314
74 201
1009 288
749 1
908 2
46 182
730 133
711 259
58 112
641 4
311 149
599 41
289 114
989 54
872 148
1188 176
374 222
437 116
298 179
1047 260
294 130
630 21
459 7
425 139
781 8
1002 82
307 271
1462 278
962 258
580 205
1463 229
582 260
813 77
1222 1
1230 314
886 286
1264 243
1340 1
1141 244
1403 240
4 158
879 147
300 148
1128 238
349 231
366 228
50 24
294 45
1233 52
1080 77
1179 221
1148 357
1218 182
48 218
390 242
695 359
7 144
796 53
123 331
916 263
1082 75
1296 333
561 36
1161 189
111 164
360 18
1444 136
800 109
763 169
1296 11
319 201
731 344
1209 333
1122 248
1170 210
1403 201
626 82
926 238
234 322
883 38
848 164
305 134
1390 32
790 118
41 63
215 308
481 183
1395 245
194 14
1302 296
129 320
1143 36
624 139
1245 56
665 202
1222 71
801 91
1007 109
926 88
1153 2
528 116
3 191
403 136
809 113
1104 159
1231 357
237 2
1322 106
413 73
1102 33
928 89
1362 190
449 26
619 63
297 152
30 237
841 326
901 65
670 46
934 173
995 273
1322 139
956 52
1169 332
637 43
1237 302
712 165
1251 213
739 168
376 223
1074 239
1418 281
62 211
95 17
541 261
1467 133
749 251
1405 168
375 307
1409 154
1060 217
880 348
345 221
1023 286
1070 112
991 244
835 208
1448 113
553 250
1366 322
1167 276
1411 312
792 305
934 34
144 144
556 119
1069 214
1405 351
435 214
750 193
1131 291
594 240
49 137
688 15
375 54
1373 348
12 306
469 295
49 235
1206 313
331 326
228 63
1272 210
707 96
1212 233
729 266
377 45
1053 137
536 35
1446 318
960 227
122 356
1404 228
268 93
1322 256
1475 347
1013 5
488 214
724 249
1353 42
492 53
863 54
1148 265
227 353
1238 19
589 20
1090 117
1192 265
230 303
746 306
1465 75
536 21
969 77
1420 353
431 264
1335 169
553 336
1305 236
185 182
1198 80
1399 326
641 88
245 273
33 19
591 178
965 195
1323 205
381 47
1339 37
242 114
947 241
917 330
1364 37
133 92
601 137
265 298
584 264
1369 336
29 316
99 18
959 355
169 72
726 22
528 16
1197 79
640 196
1351 294
433 270
188 222
796 144
408 291
1435 348
874 351
49 39
230 205
1417 271
378 109
1392 18
855 245
700 60
782 332
825 144
248 313
5 74
1444 196
432 86
451 278
298 216
887 210
1319 130
438 325
1203 62
772 214
141 189
1123 328
992 287
1442 81
1321 271
145 295
1075 104
565 51
145 202
185 160
1050 105
1204 300
669 107
1385 21
1158 261
689 261
318 276
196 195
1133 36
46 50
979 289
976 11
1246 187
506 72
1341 245
207 225
178 292
1057 218
5 26
753 56
234 26
825 151
883 180
531 81
1441 295
280 358
199 58
624 312
1205 12
660 345
425 332
1262 53
1235 348
620 323
939 99
187 262
695 68
132 249
744 258
769 154
196 262
837 160
778 334
127 40
924 31
93 299
1050 347
363 64
891 44
750 107
799 185
237 149
613 172
938 109
1474 266
48 257
320 316
101 265
691 261
703 145
1030 353
349 167
299 237
236 201
585 139
1179 201
1038 253
593 145
294 294
1332 68
421 284
552 41
1387 328
51 158
1243 355
987 11
1474 346
824 173
1131 68
647 31
1317 288
510 16
1443 121
548 107
1129 209
1327 296
1125 224
411 159
890 86
432 282
1284 252
1496 9
1391 116
1312 268
393 31
1182 257
962 296
1401 220
135 108
115 219
992 98
785 226
1380 103
587 280
347 327
344 112
674 54
1043 3
538 224
553 325
747 95
1417 306
311 119
45 282
379 268
866 200
245 215
17 250
525 338
529 96
899 352
333 140
876 54
1181 65
1289 239
1021 3
1250 61
1106 197
1310 256
410 89
1020 83
935 24
1410 254
533 31
636 15
98 55
738 264
1036 5
1268 259
1456 242
534 93
1071 284
1375 44
1208 77
1409 179
839 120
563 192
453 82
750 56
956 144
801 266
839 85
710 70
71 23
1139 360
916 309
1391 152
1316 341
158 77
491 242
802 8
89 89
1448 267
1268 78
708 40
293 223
1049 327
172 340
442 289
678 263
438 270
681 339
1069 349
976 280
1178 30
365 275
710 120
13 200
105 67
353 121
1211 183
530 267
1030 215
1411 123
121 212
1071 176
580 282
720 244
927 104
255 3
570 35
1370 95
1480 37
238 174
734 238
1277 189
588 298
913 83
1309 259
128 139
1247 204
1241 30
424 12
600 134
1315 224
783 13
630 277
418 227
405 160
39 283
1154 334
224 23
493 340
566 206
654 206
414 358
720 14
938 71
1055 256
23 340
385 140
73 286
1120 350
863 40
1239 88
1085 97
371 134
1320 23
1014 101
33 297
279 249
708 249
1292 35
408 229
335 2
618 173
657 336
178 174
353 78
741 5
227 94
1061 309
1165 161
47 326
1275 250
312 204
1440 310
784 122
1154 49
123 61
1158 298
1371 64
273 98
712 263
140 34
61 348
291 16
545 99
365 310
948 165
882 312
727 58
1441 114
1334 96
124 218
474 339
1150 197
872 35
1041 40
1442 295
58 290
294 211
751 230
277 288
686 265
1390 131
1235 119
44 50
1483 137
1223 105
1066 207
696 267
1304 180
432 191
1417 94
750 248
451 350
473 65
15 256
107 178
442 144
1208 216
920 294
1149 208
981 175
485 78
693 274
736 68
304 170
72 1
56 95
843 74
1276 50
194 27
380 84
257 193
996 347
771 238
501 287
490 88
1287 167
858 345
834 18
15 206
1095 186
759 17
994 117
87 117
585 187
1158 219
491 354
970 202
699 358
687 177
946 282
1257 344
359 149
894 72
1432 240
807 76
643 291
270 249
320 271
1111 279
41 355
205 190
624 17
421 325
1110 128
1201 76
479 306
988 134
845 214
277 134
1109 238
1256 134
1307 96
334 333
539 6
211 177
1450 326
1049 52
444 251
593 33
1462 34
1276 168
1381 215
588 232
797 340
59 248
238 42
90 27
607 48
1274 143
885 240
290 243
885 77
799 280
273 72
238 128
1492 295
1391 301
356 55
1377 79
436 323
1063 33
129 133
1417 188
530 74
897 162
1303 188
710 80
24 340
1158 338
890 117
1241 305
185 359
674 134
944 19
546 121
1036 311
719 320
58 24
570 136
1061 255
1228 71
1161 106
1450 158
701 57
613 45
347 34
638 154
1449 163
1114 193
952 294
273 321
40 280
62 72
288 56
606 323
648 87
678 276
600 217
897 190
175 111
1166 221
957 9
84 312
1025 295
556 154
1369 314
274 339
214 91
1190 140
598 254
247 154
92 9
21 276
888 241
1397 6
1158 331
1395 344
350 301
12 270
555 346
710 30
221 137
1062 261
1281 91
1407 189
1238 8
1384 137
605 207
873 239
1311 274
1461 223
311 212
523 210
992 88
158 2
507 82
1248 72
552 311
1137 354
1352 151
981 199
244 18
277 23
260 104
1107 21
722 51
379 99
1211 259
645 317
1225 333
508 122
1422 254
68 309
1193 163
957 131
718 314
1204 8
571 243
1047 192
1087 5
296 78
249 165
956 283
346 225
999 106
157 85
1357 353
493 118
1017 28
991 351
465 202
18 290
1466 102
1267 73
1449 16
940 44
864 31
200 141
1078 276
36 192
1219 255
159 217
982 241
461 283
580 351
167 130
202 155
1476 314
199 345
838 55
412 60
1078 237
9 339
311 238
1290 341
55 107
1352 197
1201 226
1068 17
542 265
1462 315
100 122
564 221
1497 336
500 157
641 217
504 282
664 96
1201 84
435 225
1173 115
964 335
48 74
1243 294
1497 106
1326 7
255 357
236 295
720 164
1026 197
963 350
1169 109
1358 122
1413 287
769 214
1386 8
506 45
171 57
64 171
1094 323
792 171
231 197
1223 98
1474 139
148 64
413 214
328 323
136 325
1448 48
398 165
109 311
307 352
470 37
166 165
358 351
659 255
403 25
942 50
911 227
757 160
161 146
1403 254
149 268
1144 81
131 169
340 163
799 44
2 97
1144 240
77 7
1410 90
1402 290
63 197
32 97
601 181
1414 27
612 181
1347 281
541 77
335 297
1176 159
900 32
1119 238
732 294
971 176
448 82
745 323
794 13
733 213
1453 339
722 129
313 103
299 326
1326 160
1354 285
842 318
678 69
169 46
677 46
593 308
386 44
570 185
10 172
770 149
562 321
1163 177
727 351
314 312
1272 8
792 78
757 270
980 62
1311 247
1049 240
1121 293
680 20
703 282
966 125
347 285
1027 253
989 108
1162 20
406 355
902 352
751 204
1102 342
1263 202
445 354
711 107
1371 47
600 158
818 12
1010 105
828 3
1190 23
826 193
958 211
990 109
17 87
163 218
248 206
1219 119
322 333
413 339
974 186
974 231
821 115
1460 112
1392 262
587 83
1013 14
939 345
68 228
827 132
910 15
462 150
420 275
666 291
81 86
96 19
142 155
1 95
1441 46
1196 167
1179 210
1196 21
1015 180
292 115
1467 45
456 237
906 175
700 29
1480 134
503 315
84 277
1364 3
1078 120
1182 174
1241 304
1050 181
742 356
1415 109
122 91
171 115
555 190
424 98
1461 114
100 313
1469 138
454 37
1026 272
102 171
658 195
1147 100
1060 62
598 32
642 221
265 39
894 174
177 284
1165 108
492 10
851 305
1039 128
1416 345
414 201
329 19
522 331
947 144
234 198
1488 168
589 311
1370 122
1290 286
97 135
521 45
122 343
57 340
533 292
613 96
59 197
541 38
1171 358
37 353
1422 336
18 15
618 166
745 8
147 130
634 216
1306 147
745 95
379 47
1111 27
944 21
251 123
206 47
1030 319
983 121
249 120
1483 264
1257 165
117 56
64 284
236 216
650 75
1353 345
990 10
1025 110
1016 74
218 324
201 34
696 39
1359 41
167 278
1279 230
169 195
1354 272
256 206
1148 101
428 153
839 295
153 133
26 180
40 16
1391 244
404 113
1121 337
921 196
1204 85
609 106
764 339
603 35
1494 350
175 6
718 70
1241 98
1304 109
1060 330
187 121
65 353
58 301
55 295
372 351
100 4
1492 266
258 58
1127 4
1348 78
1423 85
902 5
936 326
1410 270
162 13
743 134
876 220
1252 89
451 40
60 308
1163 285
1060 74
1083 146
730 197
1445 7
638 340
158 327
1489 256
1351 157
815 141
788 87
265 180
205 316
591 247
883 99
723 273
251 141
19 258
8 20
881 3
43 260
786 152
662 349
335 182
698 153
144 250
614 296
387 141
108 91
647 92
1076 58
470 202
1382 332
424 252
1096 261
209 172
323 114
1078 59
969 3
400 227
277 87
932 272
1033 285
424 124
1303 355
859 324
1259 254
864 336
1177 81
1299 163
650 135
373 128
854 341
1258 9
225 331
1218 273
673 102
634 253
1115 169
764 254
1301 245
226 192
1493 97
288 269
1290 16
363 194
879 233
783 211
731 121
1082 120
456 41
1488 152
1114 294
1278 135
1292 335
1258 64
596 194
1272 332
1156 11
841 318
1486 31
380 235
444 343
906 254
318 3
594 208
1120 123
1262 91
6 295
74 215
129 6
1402 283
138 205
341 192
439 222
490 39
1386 283
58 353
18 143
1133 245
110 207
1194 288
979 83
916 327
130 87
236 27
42 307
915 19
1022 119
471 85
1141 58
555 9
683 311
1155 105
961 321
242 107
1130 148
1325 348
1398 185
1487 325
67 62
386 336
78 301
1214 212
236 332
372 122
529 300
777 179
932 313
1177 214
1369 103
825 33
420 222
1281 169
1156 77
283 245
17 107
923 217
1092 360
1088 14
1331 101
101 304
1293 358
1185 197
875 352
1033 146
1148 85
91 282
315 328
1008 218
1109 214
1015 61
6 304
190 270
797 12
841 175
647 83
638 231
1067 100
588 303
41 40
620 117
503 159
882 161
328 256
1343 180
62 189
360 149
789 152
1082 152
686 293
551 117
711 49
64 163
597 21
1417 237
1144 112
974 271
586 125
1179 80
61 226
840 109
535 356
110 58
1394 230
144 147
849 33
565 218
435 240
997 224
386 280
80 320
473 172
882 66
781 92
1175 5
1163 183
1217 349
529 144
34 292
486 141
351 327
25 305
1423 90
899 9
141 289
232 349
306 212
888 30
232 225
1096 67
955 208
460 47
1056 194
499 87
419 237
1017 13
171 283
874 228
340 74
298 254
655 187
1163 13
593 256
169 259
1115 192
62 169
1212 97
12 97
425 204
766 115
339 36
924 209
512 174
653 335
340 337
1199 327
483 244
1201 136
507 199
865 279
667 153
42 115
1149 334
1285 244
588 162
1434 138
453 56
1299 30
1361 265
268 291
1264 50
577 289
1400 137
509 40
561 170
289 269
1454 104
1262 37
840 229
1465 305
424 57
1084 53
592 164
1149 275
572 356
800 84
778 69
1492 39
1475 301
1469 332
843 304
1146 239
196 360
695 308
773 158
1362 345
541 201
1222 120
1306 265
735 284
812 164
102 78
1096 283
951 34
1412 97
39 90
1397 321
288 312
804 332
762 28
188 330
228 200
321 23
1005 217
445 238
512 326
642 81
795 331
546 207
928 173
1451 54
13 105
976 248
138 232
1040 97
1425 346
742 119
511 185
128 74
893 264
462 263
1111 297
959 288
602 273
249 202
377 277
1464 100
688 355
1388 79
1256 250
914 271
260 343
1108 242
413 108
1496 114
419 8
1243 206
1410 324
1341 121
779 193
536 259
756 90
735 161
605 352
475 320
1342 323
891 100
1207 191
503 50
851 229
1159 277
1272 169
766 326
1349 251
384 167
810 313
1419 33
1189 71
366 113
1375 253
336 106
1364 35
687 75
411 134
705 344
1090 177
768 180
1041 20
260 83
46 272
389 121
906 227
873 40
521 153
1226 337
1098 67
283 263
365 11
900 222
1036 213
1047 129
1306 26
1479 99
867 31
605 337
409 42
466 301
477 83
432 147
999 143
1034 203
148 319
864 236
911 132
1483 132
705 331
7 106
1435 336
243 215
114 200
682 17
1347 182
79 199
707 254
1257 259
21 8
957 234
335 59
629 62
651 83
179 124
69 213
441 256
1253 168
1205 113
1302 51
517 60
904 322
992 18
1111 216
1103 174
715 21
115 204
963 118
1281 306
919 54
70 27
605 251
929 257
1207 263
888 190
942 2
488 225
229 258
298 219
429 107
1496 352
880 351
70 5
841 16
176 302
1477 198
1162 157
1266 262
1151 287
1331 195
6 38
1287 314
917 57
280 3
231 202
654 254
913 54
181 315
1129 9
18 267
1394 344
1350 132
952 5
1299 201
721 348
221 114
807 95
726 351
197 292
749 356
50 45
1347 303
915 290
657 93
185 351
201 321
527 161
67 303
7 323
1481 351
1367 87
708 218
943 90
713 269
766 336
475 145
532 206
370 332
735 154
1121 282
1402 3
42 304
1156 158
352 210
897 170
309 319
1166 10
1077 322
677 5
458 129
741 236
992 236
1079 158
1268 73
1204 185
996 145
1181 43
179 292
955 330
457 357
1104 176
1014 150
1275 113
1158 166
390 144
182 50
1025 197
1356 336
665 272
326 79
199 156
1462 169
579 72
957 262
907 125
751 5
1247 86
315 188
957 224