10000
1336 1354
1208 1228
140 168
458 482
130 163
1113 1163
146 168
877 989
1142 1230
1017 1076
229 320
913 986
411 468
155 259
787 898
556 653
992 1053
326 440
315 397
611 672
776 889
1149 1171
674 704
612 698
630 658
692 759
647 761
232 320
368 419
644 678
1213 1259
1096 1162
718 829
788 860
191 302
1179 1281
246 339
1389 1440
1280 1339
1132 1164
251 286
836 956
981 1059
1350 1415
1111 1146
501 550
908 948
601 685
1167 1285
1304 1335
541 613
967 1021
968 1022
636 657
1289 1378
979 1060
135 151
1000 1063
1280 1375
997 1051
816 835
1278 1289
304 361
680 718
421 479
622 724
1021 1037
1000 1051
1280 1307
473 580
1091 1113
1132 1208
1276 1294
507 559
1030 1124
856 959
560 583
370 484
1345 1356
252 263
538 576
387 442
1178 1253
458 547
396 494
612 646
1048 1115
488 561
626 666
1348 1364
1358 1433
374 448
1238 1263
1103 1222
252 363
759 843
808 904
1149 1210
1331 1394
436 456
149 237
795 855
1298 1390
495 508
1322 1440
439 477
219 333
1322 1390
797 869
143 233
146 254
983 998
374 468
416 470
591 684
755 785
560 577
1008 1116
221 286
173 201
542 552
950 989
255 375
543 607
860 959
369 407
127 201
751 809
527 579
382 487
1279 1337
253 373
804 821
598 629
105 179
182 202
727 825
1157 1245
349 466
507 556
582 623
848 942
951 1054
451 519
288 393
1100 1170
579 649
337 392
777 892
1144 1230
204 271
322 358
736 845
764 873
405 428
696 814
102 184
400 507
1280 1332
424 528
962 1005
1041 1135
1352 1380
849 941
815 922
191 251
491 504
336 403
463 561
317 336
788 885
1208 1276
638 700
514 625
202 277
580 698
307 367
743 836
808 835
700 781
860 934
423 447
565 635
1019 1096
237 258
472 576
465 555
951 1030
455 509
390 428
511 578
1022 1039
1368 1384
250 291
203 253
1228 1301
942 1062
659 743
1123 1225
762 823
1212 1257
1362 1428
383 453
423 435
1378 1423
715 753
1344 1376
671 707
463 543
1191 1285
450 478
995 1106
219 245
633 753
170 280
1110 1203
1207 1219
276 363
613 688
1042 1101
875 889
1134 1178
678 688
917 977
1074 1099
280 353
316 401
1261 1371
1096 1187
516 558
1135 1191
166 257
481 534
1035 1143
402 496
1157 1210
878 967
906 1011
657 690
1289 1311
721 761
218 308
1035 1138
325 359
1067 1091
1365 1412
871 985
314 333
1040 1052
232 243
799 862
403 518
105 218
1215 1229
1284 1373
769 792
617 694
781 841
465 528
183 201
1202 1223
858 869
694 782
1036 1106
1080 1100
321 377
510 611
1288 1358
797 867
665 785
660 743
1182 1262
907 970
900 993
987 1102
1358 1424
1109 1149
1339 1440
1041 1058
860 887
1008 1101
298 376
827 929
535 600
1212 1316
513 567
1014 1024
990 1011
498 551
1079 1180
307 382
174 198
958 1011
671 717
909 1001
520 546
728 835
585 648
566 617
319 367
221 238
1316 1425
408 494
257 279
113 132
168 204
244 322
1029 1072
663 693
673 742
1146 1216
1144 1208
1001 1028
983 1079
297 396
580 616
521 545
419 454
795 823
588 703
508 624
633 739
899 982
1376 1426
779 804
164 249
337 374
680 764
1117 1231
475 544
349 469
1240 1262
1009 1032
679 711
601 632
876 937
449 546
1266 1335
967 991
150 195
432 508
1008 1125
425 511
681 702
1266 1324
1369 1432
981 1052
225 299
726 780
343 448
296 374
1312 1356
1341 1440
822 832
928 1013
845 937
710 745
1324 1340
625 679
368 481
877 890
791 903
953 1003
473 579
1058 1078
1301 1383
665 708
790 894
1078 1194
378 441
866 974
802 825
1064 1104
319 389
631 747
312 355
135 214
238 265
1279 1365
345 462
337 415
903 1013
394 437
521 624
443 525
387 436
1067 1085
545 648
148 257
390 425
445 491
1078 1123
1223 1343
1072 1113
680 794
951 1067
194 285
479 596
689 738
1361 1440
1143 1200
447 512
1157 1173
1000 1103
1038 1095
339 402
1216 1273
1312 1401
279 345
1346 1431
1262 1282
925 1037
419 527
1282 1306
330 349
931 1022
178 211
222 316
974 1026
1307 1344
759 852
1288 1370
1178 1234
979 1077
410 472
1248 1355
1007 1048
211 323
425 519
590 681
677 756
163 274
120 155
717 822
1166 1282
1123 1145
516 575
1133 1152
231 319
1112 1153
1135 1248
472 583
581 664
251 371
798 865
1276 1350
924 961
362 463
820 938
537 556
577 697
859 887
781 818
212 250
1042 1112
891 918
667 678
1095 1190
1083 1188
1361 1398
1013 1086
1306 1383
868 904
694 731
537 569
659 712
466 586
1075 1192
179 239
838 867
1199 1303
863 893
1258 1364
653 766
931 998
188 284
477 498
784 860
1223 1268
614 678
487 574
1333 1440
1235 1296
725 828
524 584
595 624
1309 1369
931 968
1185 1222
167 225
1019 1041
736 838
1231 1302
306 408
635 684
611 627
1167 1189
139 165
1156 1240
688 710
385 416
1137 1240
1096 1179
281 328
834 914
952 994
530 588
1163 1233
562 597
1258 1305
614 633
691 796
554 653
866 954
418 515
895 1011
884 936
244 350
258 313
234 291
387 461
1198 1208
1012 1038
467 492
1017 1077
291 407
592 639
1398 1411
1134 1224
663 728
697 817
222 321
483 498
1173 1216
1170 1264
797 884
351 434
1400 1412
719 820
448 543
158 250
402 461
851 935
757 844
1143 1189
522 638
693 787
387 486
164 235
587 694
902 963
981 1044
398 513
361 411
601 666
581 677
1360 1377
273 349
719 822
1158 1278
101 167
898 917
811 900
672 725
214 251
1233 1333
721 780
1055 1139
1118 1195
1171 1231
448 502
603 641
265 336
946 1011
488 531
1400 1440
1012 1085
842 902
559 582
353 432
502 593
1383 1434
1351 1381
1337 1407
1032 1089
246 262
260 294
490 610
485 594
144 222
1099 1209
1020 1094
1362 1440
827 943
1206 1310
629 725
765 802
556 599
277 299
237 312
353 446
946 989
776 830
1236 1299
1125 1143
357 451
886 951
1380 1440
848 922
558 632
439 454
529 569
1296 1348
573 631
1030 1044
457 467
204 239
1080 1151
981 1060
1383 1440
1320 1331
120 163
1133 1232
311 357
972 1028
619 661
1171 1197
622 667
1276 1377
163 272
641 741
246 294
938 1058
943 1047
350 411
913 973
1254 1349
745 850
183 242
229 293
1104 1147
125 181
697 804
122 144
821 927
307 340
897 1017
321 382
165 218
409 483
625 734
122 166
577 640
1128 1242
438 455
1004 1089
785 870
1082 1124
596 619
351 439
691 744
1220 1261
216 306
1136 1210
778 885
616 733
814 917
669 724
1288 1299
1076 1140
727 756
788 884
711 807
883 939
544 582
532 585
377 392
161 181
827 913
1303 1349
1011 1124
626 691
983 1083
463 550
717 763
685 716
463 579
954 1030
947 996
420 531
1010 1050
681 801
642 716
198 226
974 1002
458 495
980 1030
460 576
544 561
1219 1285
864 971
1020 1074
166 282
1378 1440
1253 1328
562 658
507 552
572 689
271 341
118 191
943 1027
361 390
160 192
1153 1177
1055 1079
733 784
971 1086
1136 1198
968 1028
1238 1358
529 635
144 232
1373 1440
1229 1284
836 857
233 315
445 545
228 315
1351 1440
1290 1340
536 605
111 196
1156 1174
935 989
537 643
1140 1159
1038 1083
408 439
583 599
1161 1181
374 430
1007 1101
1013 1067
939 981
110 158
155 246
1309 1361
1146 1197
540 630
147 184
654 767
831 852
517 559
1299 1350
835 933
1361 1440
441 544
673 684
131 244
1220 1247
469 525
791 874
248 330
966 1081
858 884
1269 1384
129 194
809 902
1061 1131
118 213
1208 1271
252 287
653 768
831 883
447 552
1157 1195
1196 1212
1342 1397
208 256
1056 1112
138 220
110 173
938 1008
713 783
353 383
481 578
303 366
385 409
843 868
314 407
1056 1158
1294 1362
101 123
531 651
1226 1255
819 866
316 344
678 787
1099 1150
730 844
439 458
1242 1351
635 666
1154 1245
1213 1306
961 1003
480 536
880 984
943 1001
790 824
1060 1144
1340 1433
278 340
231 289
437 471
1308 1397
124 161
308 412
834 946
991 1089
217 272
1109 1226
740 754
464 482
1221 1319
504 554
1234 1255
711 805
755 813
338 361
327 393
254 367
944 986
107 227
407 435
751 850
171 284
852 903
517 573
378 393
1163 1227
423 526
1342 1373
932 1011
446 492
183 283
908 933
508 533
780 862
615 726
1091 1152
422 537
249 260
862 918
448 525
222 268
1203 1265
981 1019
739 835
561 651
1141 1171
756 813
1172 1220
690 754
123 156
307 426
384 410
1053 1098
901 981
242 317
333 437
713 785
793 899
301 349
368 487
1374 1440
1400 1440
336 453
774 796
362 415
802 889
187 300
792 867
438 456
570 582
274 328
1098 1159
1232 1345
1290 1325
469 520
911 951
661 781
1060 1111
643 673
922 970
147 177
499 568
1391 1440
1081 1096
413 472
1257 1375
434 539
532 632
1367 1440
400 416
531 586
1263 1313
688 799
994 1086
281 330
756 791
1388 1440
1117 1172
508 533
1369 1420
664 757
434 497
1240 1353
654 752
1152 1272
1011 1040
919 949
269 370
632 686
861 884
380 481
598 684
441 491
887 936
231 323
453 568
407 498
1317 1396
975 1066
840 862
978 1036
1088 1105
639 731
846 954
321 440
328 421
903 966
696 724
839 950
544 595
796 848
1139 1248
581 663
1285 1384
1161 1209
418 476
989 1038
1400 1440
994 1090
433 467
661 772
1356 1374
1384 1440
1198 1233
872 942
149 227
1147 1237
669 704
316 357
100 171
561 641
423 493
634 727
731 758
937 972
1055 1111
359 427
724 794
468 482
1126 1237
117 201
493 573
838 871
714 799
1097 1196
929 1000
1106 1223
231 259
448 470
1141 1188
690 744
749 808
893 994
358 420
236 298
761 826
1123 1201
575 667
1202 1310
666 676
891 955
1204 1267
1121 1233
1170 1197
1017 1074
753 857
274 361
536 605
213 246
449 477
340 387
480 557
395 494
705 794
1002 1067
1237 1334
1034 1055
830 862
855 898
363 377
195 232
134 221
342 413
541 551
960 1001
1230 1259
427 473
742 820
875 893
361 448
150 243
719 837
586 603
637 651
1001 1014
909 958
941 1010
223 315
195 281
1269 1342
365 423
758 854
1327 1414
1179 1223
490 559
415 454
285 344
175 204
653 713
497 521
1070 1158
1365 1440
1347 1418
520 542
102 176
891 1004
1275 1350
1282 1360
841 875
659 721
929 1010
1060 1120
283 359
1278 1310
1220 1294
374 473
846 916
656 766
952 1071
1304 1333
139 238
426 479
539 651
223 336
806 838
399 450
456 536
265 296
1009 1035
419 513
1372 1440
1214 1286
283 346
621 693
749 868
853 913
383 474
1039 1079
1364 1385
903 963
1150 1225
477 537
817 869
589 612
228 273
311 340
1075 1128
280 346
631 686
542 616
111 153
1291 1303
187 214
1370 1391
507 599
489 575
820 862
144 237
292 367
773 784
1086 1194
1160 1223
907 948
1348 1370
422 481
484 537
135 241
1246 1285
406 443
968 1049
220 314
860 937
809 896
732 814
1007 1052
653 764
1286 1312
537 641
1107 1177
524 539
933 1000
416 456
255 279
472 551
594 682
853 950
374 452
1067 1132
1161 1261
351 419
398 469
580 665
361 435
346 396
1145 1204
247 340
392 486
700 776
776 820
621 714
601 684
1297 1310
1359 1440
817 911
107 151
645 762
399 420
388 429
1132 1171
661 698
727 769
439 484
777 798
830 841
816 857
1034 1145
500 575
1228 1239
1143 1161
451 519
570 624
750 784
535 556
932 1052
134 219
514 564
1370 1440
1352 1405
539 659
1369 1440
272 300
1337 1401
1190 1254
945 962
302 325
289 329
585 664
1212 1232
1310 1355
821 838
364 467
1308 1323
976 1060
1307 1416
964 989
1027 1085
1268 1353
1272 1359
257 325
230 338
299 310
235 302
1177 1293
1186 1211
1267 1303
1253 1292
1179 1272
488 572
253 324
382 458
1209 1285
588 688
593 645
149 261
497 541
467 559
1369 1440
795 814
1092 1104
145 211
199 235
951 1024
1213 1287
555 598
572 690
1043 1093
266 371
330 378
160 261
1342 1388
711 726
206 252
616 675
414 505
427 546
588 708
477 540
1114 1148
418 481
1046 1140
414 454
895 1012
200 261
285 339
150 223
236 251
947 978
197 274
179 245
319 430
1145 1258
313 401
458 496
1269 1292
1333 1353
1128 1215
291 318
764 841
364 415
143 194
836 947
1034 1139
1247 1308
1106 1119
786 849
1033 1129
643 678
239 283
166 224
598 704
426 441
944 1049
165 249
1339 1440
562 639
188 235
756 794
850 881
729 739
1135 1228
1060 1174
1340 1367
693 730
169 261
238 264
877 910
590 659
1020 1117
745 847
1128 1182
717 771
903 1003
311 336
1159 1169
1010 1106
292 303
215 275
1188 1227
658 764
1066 1150
142 243
1213 1250
833 859
916 955
261 305
692 735
244 308
625 668
1368 1440
796 852
230 251
636 677
1398 1440
199 237
1060 1168
467 533
667 694
532 610
1311 1340
936 1014
468 520
655 672
780 858
557 612
747 769
259 281
625 675
333 425
820 903
534 651
1137 1225
1279 1387
519 595
660 705
819 843
1240 1351
201 320
987 1072
638 703
1096 1155
645 690
700 782
477 546
1204 1288
185 212
1346 1389
1310 1368
1258 1299
464 559
129 158
1147 1225
1064 1093
137 150
578 605
889 970
1187 1254
1300 1358
978 1070
193 295
985 1064
707 784
447 550
1242 1316
1165 1220
197 246
629 662
1089 1105
447 534
215 322
938 967
705 754
818 833
1255 1357
614 670
1159 1228
747 861
1090 1127
410 519
424 439
992 1016
1237 1258
738 812
697 731
316 374
1036 1114
1277 1297
1191 1272
542 593
908 993
1244 1312
143 173
588 688
500 519
230 316
719 795
765 864
800 888
394 415
762 804
1376 1440
213 323
792 863
1346 1388
1112 1196
412 450
617 659
175 258
1166 1221
1185 1258
990 1079
574 613
1342 1396
908 1000
743 846
195 312
696 708
367 436
321 331
1306 1406
264 317
231 333
432 544
1331 1376
373 418
517 563
117 232
1317 1426
296 320
1364 1428
408 521
153 236
1172 1284
130 180
258 329
376 413
841 924
430 498
144 214
1206 1326
814 836
358 407
468 537
957 997
394 438
155 212
463 563
887 1005
323 400
1190 1236
512 576
258 283
951 1053
129 244
386 439
1399 1414
1238 1291
523 546
507 574
869 932
589 663
1123 1223
1168 1203
782 840
1399 1440
359 398
792 843
461 486
221 293
478 571
130 177
1360 1401
441 524
403 461
1326 1358
1022 1111
197 296
1294 1402
108 179
535 563
352 365
185 297
1400 1440
1293 1346
997 1011
1358 1440
862 971
131 246
1379 1427
1172 1272
813 889
847 866
1022 1104
1060 1073
137 246
798 906
1297 1398
744 837
1193 1258
726 760
306 319
1215 1303
889 992
995 1089
428 518
259 297
506 532
712 734
768 814
596 697
1141 1187
510 551
1290 1302
916 935
512 625
948 1032
469 550
641 702
597 624
1270 1358
389 463
767 802
768 781
778 894
1058 1102
823 924
313 349
725 780
909 972
207 319
716 770
256 357
473 565
1225 1286
135 239
460 555
236 252
280 384
691 783
312 362
164 214
1318 1343
1314 1362
1378 1440
739 750
138 219
482 516
1294 1373
850 946
1179 1285
449 527
1245 1364
291 312
117 176
765 866
859 892
1191 1225
384 504
249 274
1104 1188
709 797
199 284
1111 1209
1203 1288
847 927
943 1003
440 524
290 324
720 782
385 484
1338 1401
236 330
1118 1225
1027 1055
1209 1229
926 988
192 251
124 228
1339 1382
975 1078
1147 1173
759 771
1264 1300
559 622
383 417
419 508
484 497
328 398
729 844
853 892
731 751
758 783
199 264
211 232
371 484
213 281
1194 1296
434 457
861 924
624 736
1360 1394
1327 1367
1336 1354
578 663
129 197
716 778
1156 1173
338 364
214 332
1245 1258
625 712
988 1065
970 1051
971 1027
739 771
1247 1311
757 810
567 676
1382 1421
629 704
1301 1388
204 299
1052 1164
591 654
1110 1172
604 672
403 515
1198 1276
1102 1219
617 724
928 982
365 442
915 997
609 630
1067 1160
415 473
1117 1163
1353 1363
1025 1079
654 743
1142 1173
1098 1201
481 575
1159 1263
1316 1368
1335 1440
302 317
678 720
942 961
320 430
497 536
498 598
675 700
947 1052
812 872
709 829
198 244
385 413
234 335
319 351
1276 1365
959 1078
1275 1365
1076 1171
367 467
1020 1086
414 534
724 745
249 261
435 461
1203 1284
454 529
717 812
1259 1307
223 236
506 575
1182 1259
210 308
281 353
878 977
756 785
851 956
1159 1259
795 811
574 596
658 710
947 1031
357 450
773 888
615 695
1248 1360
594 697
1242 1276
945 1056
598 660
1348 1438
1256 1276
761 880
255 304
215 289
1315 1393
916 974
865 888
693 753
462 472
559 595
483 533
1298 1356
591 641
1256 1360
987 1068
450 558
1023 1126
636 653
674 754
1380 1439
955 997
741 835
667 770
936 980
791 815
391 460
1346 1409
201 310
1345 1358
714 744
1396 1440
1211 1255
406 445
266 300
1357 1440
474 536
1016 1051
269 377
1335 1432
492 554
787 834
1090 1185
911 958
149 223
668 734
408 516
681 771
523 541
150 247
1338 1420
396 436
894 978
735 746
220 242
172 210
801 838
782 829
187 220
1173 1186
1013 1070
719 748
1298 1373
675 713
118 147
507 625
1034 1125
532 581
1047 1108
1245 1273
1160 1175
122 175
716 824
931 954
474 517
384 447
183 239
776 844
438 480
244 323
181 231
748 791
1265 1317
807 836
115 156
756 768
1330 1410
696 797
538 655
1208 1327
1195 1251
1212 1224
1146 1198
1243 1306
556 663
1134 1176
976 1061
1259 1290
1003 1073
1068 1183
813 898
193 239
161 184
1124 1154
1273 1315
1268 1356
1344 1357
485 588
293 323
1138 1151
1350 1372
219 270
1195 1258
1222 1341
497 590
736 746
1110 1182
987 1028
1148 1249
233 314
704 732
327 430
298 350
958 1058
1361 1396
475 520
1000 1015
191 306
556 595
486 586
727 845
196 274
483 584
962 1010
904 1019
259 375
1154 1169
1256 1334
475 539
951 984
462 481
1166 1284
675 721
490 570
716 739
1134 1174
1154 1224
761 800
491 531
370 469
306 375
326 426
1027 1102
636 710
1173 1272
285 404
357 477
1095 1192
1034 1099
370 386
1334 1431
926 993
955 1072
469 523
311 363
888 899
362 415
724 821
109 201
559 635
1321 1427
522 618
977 1048
1158 1204
521 549
650 710
1393 1440
859 954
1000 1018
1118 1143
1381 1419
620 637
755 769
1193 1278
390 476
353 394
228 314
779 861
1342 1427
997 1056
870 958
1281 1383
1202 1256
1024 1049
1200 1244
708 744
985 1074
790 815
599 644
220 284
781 801
489 527
957 1011
420 459
239 279
1313 1377
696 785
352 417
1162 1207
418 490
1122 1170
910 965
1327 1366
1160 1211
1185 1296
1362 1401
1213 1315
1199 1273
715 779
1085 1153
671 681
1396 1432
789 905
1153 1251
1277 1379
1040 1103
236 278
858 904
1016 1066
444 556
1046 1095
731 763
110 160
1293 1391
267 326
797 875
961 984
752 814
792 878
1141 1228
881 1000
329 435
442 455
740 812
269 284
1386 1415
548 598
649 725
1388 1429
1051 1108
396 450
691 720
1251 1343
997 1018
307 355
295 385
526 569
964 991
1049 1072
449 470
484 539
330 348
1005 1043
201 225
620 706
1134 1227
223 308
103 141
129 155
936 1015
988 1039
392 440
1118 1159
1343 1440
1091 1187
783 897
624 674
820 894
322 381
177 223
990 1004
1230 1267
1218 1314
395 506
428 484
124 180
495 598
1399 1440
1249 1319
401 453
1214 1312
269 320
217 295
568 608
1027 1088
822 942
621 715
930 991
665 685
455 542
1325 1370
1123 1188
585 656
529 555
468 482
153 177
813 910
274 339
889 995
348 430
816 860
318 353
235 311
395 410
1296 1400
966 1042
519 626
994 1095
1307 1370
212 279
1174 1248
141 189
1054 1141
557 622
551 561
1209 1288
1228 1265
763 830
1203 1227
508 598
704 738
362 375
794 884
1169 1228
786 818
1031 1118
1201 1273
371 475
729 814
442 561
1323 1439
749 817
230 306
445 512
1258 1341
1170 1272
644 715
628 665
802 834
702 791
555 671
1275 1386
837 918
1378 1440
809 885
1060 1130
854 954
1392 1440
830 851
716 820
301 360
546 588
163 235
152 243
418 440
506 558
1378 1433
608 623
1311 1332
772 890
1374 1440
880 929
821 935
1366 1435
439 542
611 701
587 644
1380 1438
1343 1378
158 206
319 372
1142 1180
602 613
1170 1282
238 307
959 1033
120 130
1196 1250
318 362
1368 1386
425 473
1274 1371
951 1007
701 805
1187 1263
112 175
873 986
786 856
989 1008
746 855
588 617
1158 1176
1380 1438
564 617
1001 1119
1179 1213
124 144
871 951
1336 1394
804 911
595 652
150 170
342 398
723 735
747 850
435 508
1266 1289
1024 1128
1046 1134
507 523
252 324
1057 1074
297 318
706 826
252 297
1061 1073
327 339
291 326
438 486
795 879
1394 1440
258 272
1119 1233
1225 1319
1313 1388
685 709
1321 1405
989 1072
1249 1319
1232 1272
263 341
112 153
1104 1180
956 993
168 226
547 643
367 380
1051 1123
778 873
313 428
944 1015
170 222
849 955
610 722
724 751
671 773
1362 1440
172 209
365 388
604 631
1246 1313
863 980
1079 1154
555 590
378 444
829 946
512 582
1366 1420
1197 1310
1219 1256
1166 1260
832 843
631 714
110 206
591 661
1279 1387
1379 1432
220 273
548 609
610 642
1190 1253
324 364
1351 1439
1341 1356
417 532
1181 1208
1050 1112
1054 1146
751 801
314 367
751 845
188 238
1171 1263
1070 1149
1091 1167
1208 1259
1398 1440
315 335
377 412
1044 1106
634 655
917 1007
424 516
129 203
185 297
605 663
1295 1305
1370 1440
402 443
1231 1286
788 820
901 1015
785 880
1345 1373
344 445
195 249
784 835
809 858
873 943
829 891
498 531
802 857
751 808
1129 1204
1114 1221
1287 1394
247 283
1181 1228
342 410
150 208
365 458
1383 1440
942 955
691 775
1342 1382
350 388
1386 1440
709 798
1164 1283
275 362
364 420
1133 1192
258 286
719 730
138 218
418 442
1216 1227
952 986
1352 1419
1014 1039
481 494
527 593
972 1076
363 419
1130 1148
671 776
157 214
658 744
441 533
120 135
561 605
1113 1168
1096 1171
623 653
241 292
689 781
363 389
865 955
1208 1299
983 1071
229 340
1017 1078
463 526
680 718
210 276
625 680
1319 1357
585 599
178 218
124 148
1179 1218
598 610
894 940
1249 1300
1393 1439
1200 1254
1079 1145
1189 1232
1277 1309
473 498
326 429
1193 1285
274 288
578 601
332 354
367 406
1044 1137
552 653
1295 1312
533 605
795 896
1342 1379
269 335
589 692
184 270
185 298
1046 1079
427 467
1190 1258
916 934
1088 1190
1225 1304
413 502
663 729
734 829
127 166
1016 1077
878 977
306 419
1270 1389
904 977
917 1031
1256 1288
718 731
153 166
947 980
366 402
239 322
461 500
1056 1133
649 715
467 569
730 817
605 642
477 595
605 712
530 631
1050 1113
1352 1390
306 358
374 440
945 1047
162 280
1347 1440
1058 1074
1196 1209
1387 1440
656 738
183 269
298 347
1271 1329
769 841
1210 1292
881 1001
598 712
1010 1079
934 990
370 439
1292 1321
197 291
543 566
912 1009
118 185
1395 1427
626 692
1048 1128
1203 1235
963 1042
1386 1440
1163 1220
371 488
679 722
275 370
832 886
875 953
1086 1174
212 253
287 395
217 337
922 964
1090 1116
335 360
624 646
205 263
139 173
1024 1065
1113 1173
1183 1235
598 716
289 367
413 445
437 530
1151 1259
1330 1434
750 825
259 285
227 312
757 784
735 843
1012 1059
1020 1112
155 166
1355 1440
539 558
1379 1440
135 153
615 633
1297 1393
432 480
1084 1114
1056 1165
289 340
119 192
732 835
384 436
521 633
842 947
877 934
402 480
612 685
118 207
327 385
565 594
186 237
151 246
844 858
360 388
962 982
1087 1122
317 402
1106 1206
1205 1221
571 683
1075 1157
283 397
584 667
1236 1313
243 358
725 831
222 303
1270 1285
787 868
777 825
147 258
1338 1359
720 787
349 422
1253 1344
141 218
229 248
478 527
248 302
971 1090
663 678
346 451
609 650
543 579
797 830
754 829
1172 1287
1041 1107
605 643
1081 1109
648 761
367 393
537 628
1300 1391
1159 1240
236 284
641 760
601 699
1301 1404
755 778
894 944
612 729
1089 1127
1146 1186
1240 1316
1278 1358
1152 1203
961 1007
707 793
601 713
732 797
239 277
403 461
1186 1248
294 392
588 647
392 472
1244 1360
1167 1266
417 535
156 226
182 253
1071 1145
399 467
926 1042
796 868
463 532
1288 1316
985 1063
812 855
794 805
170 235
193 310
706 730
834 849
666 732
241 315
1011 1093
218 267
427 512
1055 1166
1359 1403
1384 1440
1052 1088
177 191
501 515
363 420
729 821
585 692
958 1055
241 319
732 804
1058 1144
185 247
898 968
532 612
254 277
884 950
690 724
675 687
1124 1214
636 677
653 768
659 761
1236 1297
1127 1178
1042 1106
528 615
288 348
1264 1305
1272 1304
564 596
390 430
1380 1440
1399 1436
736 832
1003 1025
1212 1255
245 269
439 502
1229 1324
295 318
889 920
150 186
353 428
1285 1309
141 186
1095 1130
1310 1350
538 626
138 246
764 788
961 973
981 1098
1356 1400
483 504
205 237
465 547
926 999
942 999
218 293
425 545
296 325
1181 1286
1379 1440
544 558
174 221
575 671
915 939
475 555
957 1059
1105 1180
253 285
1049 1077
677 749
898 999
469 552
563 579
289 338
433 548
557 602
440 451
140 193
187 254
1018 1130
851 877
1395 1434
642 735
1255 1356
610 668
237 343
462 516
1262 1297
1398 1440
716 835
231 299
778 855
278 317
215 289
718 754
441 530
786 892
1024 1094
1009 1076
1182 1235
1203 1249
374 460
774 815
422 493
684 708
822 847
194 238
986 1040
343 355
591 623
509 565
871 893
219 239
709 764
582 669
381 488
987 1103
199 257
647 685
1387 1440
801 917
644 707
991 1082
785 865
512 573
1329 1353
978 993
1312 1378
958 982
143 224
1037 1049
1278 1358
855 959
928 999
375 477
735 748
602 693
1027 1121
763 784
336 372
471 527
117 227
498 565
497 558
481 590
1040 1050
332 399
542 630
817 930
831 853
437 470
1260 1333
1026 1070
403 416
1376 1440
1087 1134
589 609
446 472
715 786
1037 1054
932 979
221 261
1187 1231
764 833
637 713
1084 1167
279 335
375 456
603 626
1085 1130
778 823
1226 1277
1364 1440
389 449
172 192
803 896
160 212
1004 1107
926 1042
145 193
626 683
304 347
887 904
1167 1235
319 398
333 431
1219 1238
458 576
807 831
304 366
458 543
107 145
1301 1360
192 205
848 906
255 368
528 541
729 765
1107 1198
189 213
968 1057
504 543
493 566
406 519
233 275
1041 1065
878 979
679 798
1270 1348
1062 1162
701 713
635 691
263 283
1071 1166
362 413
226 324
1096 1112
905 931
983 1100
479 583
1100 1192
563 673
377 428
665 702
771 821
1261 1330
1291 1363
702 813
624 743
187 209
285 367
1204 1294
702 781
594 604
1330 1361
562 588
450 477
1238 1337
839 854
992 1085
1110 1159
446 513
1342 1417
1296 1413
534 564
769 871
634 685
1389 1402
825 929
214 227
629 677
1123 1135
1057 1149
498 523
1098 1109
634 648
807 864
779 853
729 834
698 736
949 965
354 437
467 559
675 750
678 766
516 627
1303 1415
452 521
1235 1294
1298 1389
1355 1440
163 261
1368 1433
562 632
839 882
317 409
1137 1235
1274 1311
550 594
427 443
357 405
770 829
417 468
792 864
385 505
352 379
972 1025
786 875
678 779
194 226
1096 1199
372 447
677 722
691 807
1042 1136
1100 1160
181 224
755 827
1100 1151
145 250
225 276
167 272
416 532
1186 1271
395 487
784 810
886 905
849 951
978 1076
600 672
1157 1194
906 941
398 440
1125 1214
435 530
488 542
622 742
979 1040
227 344
678 700
1172 1182
1113 1224
397 433
1392 1440
487 533
801 861
522 573
227 293
118 168
100 212
743 842
1072 1104
987 1059
1201 1271
977 1093
941 988
666 779
1153 1225
1246 1327
1194 1267
1132 1230
984 1014
183 278
1082 1110
360 477
820 836
432 476
455 545
1287 1312
1381 1391
1084 1110
953 1005
713 723
529 558
573 586
927 1011
1379 1429
449 561
480 494
1294 1325
725 808
267 357
441 516
304 369
892 1000
224 333
1384 1431
420 498
152 272
1007 1111
1371 1440
220 287
851 911
327 358
1385 1440
143 213
568 686
1364 1386
1256 1359
1171 1241
329 435
188 307
1054 1101
648 741
1252 1286
620 682
242 271
284 373
1027 1055
322 375
993 1094
1288 1337
1083 1123
175 192
666 704
764 831
1002 1091
964 1065
816 886
1221 1267
561 606
878 965
102 163
1385 1440
178 246
1225 1254
1163 1214
578 697
426 525
724 770
810 847
942 1029
413 443
1369 1425
1208 1252
281 371
221 337
358 450
811 872
107 206
1225 1274
1016 1046
770 876
717 766
1224 1309
575 648
557 633
857 921
1295 1317
1264 1314
434 485
1282 1372
1075 1113
1379 1440
1093 1128
1164 1207
889 945
189 269
983 1062
925 945
892 960
462 506
802 825
992 1082
361 428
689 731
1147 1260
1333 1390
918 1005
415 500
470 570
926 943
1037 1074
1173 1183
1199 1278
1068 1177
1152 1254
754 780
1186 1283
877 997
130 207
432 471
467 540
477 593
669 717
845 911
620 634
187 204
780 831
377 450
241 322
830 902
102 218
1300 1362
1091 1114
470 552
739 809
452 474
588 633
578 590
688 723
1013 1067
1120 1193
1180 1299
890 929
661 714
1177 1280
743 833
800 874
693 808
1041 1101
625 704
691 745
205 277
923 1009
343 432
788 854
1015 1042
667 706
1049 1063
249 265
1073 1165
1314 1385
884 971
722 739
448 535
673 686
1203 1250
941 984
531 633
724 790
610 729
433 547
1225 1341
1181 1280
147 181
617 722
399 474
443 488
318 362
1023 1133
1049 1088
668 712
217 276
735 834
963 1057
392 458
141 216
910 975
1041 1062
356 393
1028 1098
905 1000
988 1037
1354 1373
1191 1246
1317 1432
458 476
355 367
567 665
756 826
1078 1178
464 556
677 748
593 700
687 799
790 905
275 377
596 660
998 1097
662 721
536 555
456 567
388 489
706 823
460 520
138 184
925 938
752 851
254 371
165 284
575 609
1293 1307
713 790
1006 1106
1382 1440
195 244
423 483
1380 1440
258 320
705 789
895 937
747 837
289 329
392 408
411 427
219 298
945 1054
897 916
1149 1189
785 857
1249 1361
246 271
904 928
904 957
1160 1272
270 320
618 706
790 835
1388 1440
258 296
991 1104
1258 1293
303 404
719 805
1256 1359
816 827
609 691
797 875
964 1073
920 1025
1102 1182
1137 1156
314 364
784 874
1209 1290
428 487
1178 1251
426 451
460 513
254 358
752 800
1221 1235
1014 1066
699 819
610 728
770 792
1126 1162
859 932
935 1008
737 763
266 305
1238 1271
1081 1140
484 515
718 742
653 692
309 411
403 442
713 810
909 956
919 974
1196 1222
820 907
747 843
521 595
413 512
1218 1293
422 535
545 617
679 696
1049 1104
1118 1135
832 925
852 882
584 600
819 880
690 780
943 1036
672 788
475 550
1325 1387
463 575
1330 1428
1080 1103
134 200
761 826
514 528
636 653
646 665
1056 1107
767 873
464 581
746 771
404 497
1297 1352
404 438
1103 1174
171 277
801 903
190 247
1100 1157
584 674
120 228
1182 1241
553 651
734 805
1182 1240
696 777
560 668
322 333
369 474
930 990
182 275
598 666
133 228
563 585
1168 1215
1288 1366
880 959
726 747
1218 1283
446 527
1212 1323
863 911
163 282
584 653
472 502
1043 1138
822 917
655 686
1213 1263
1271 1375
558 649
277 308
382 400
116 225
508 546
990 1036
639 742
731 778
1161 1254
415 489
572 637
582 682
937 953
1022 1072
1254 1372
1057 1139
1059 1105
840 959
859 895
510 522
436 452
958 1032
1159 1189
739 834
429 456
1369 1440
1110 1172
467 563
373 442
583 596
810 929
473 499
893 935
986 1069
1251 1263
226 289
1063 1159
1087 1153
1155 1227
137 222
921 1024
316 421
1040 1094
956 984
801 884
514 565
808 875
270 305
680 769
1059 1128
1124 1153
300 336
1388 1420
718 786
813 918
1325 1408
943 1039
1363 1440
321 396
387 449
1332 1354
439 542
473 545
685 696
450 521
1068 1100
178 217
843 856
1249 1300
1398 1428
147 262
1266 1312
115 233
823 860
1146 1254
1365 1393
629 665
1017 1080
334 382
689 751
100 191
1013 1044
1021 1045
1341 1397
607 640
102 194
507 566
290 389
1019 1093
172 187
1168 1231
318 328
956 1029
1068 1084
696 788
1120 1236
643 661
145 182
1269 1305
1149 1257
524 546
821 907
1137 1245
1009 1041
789 820
1072 1100
352 464
715 832
1035 1084
250 284
385 474
671 787
1161 1274
953 1058
213 267
832 922
327 393
781 854
804 915
1232 1252
1253 1300
1105 1195
1203 1279
675 696
1400 1440
638 729
1362 1440
621 644
651 666
1370 1385
589 610
725 816
1327 1440
257 355
144 257
1306 1393
365 477
786 848
642 693
333 412
335 439
1097 1169
1341 1401
1376 1440
426 473
1049 1140
1351 1374
1365 1429
1250 1319
870 951
1162 1235
1320 1413
1052 1163
935 1055
419 502
1069 1179
749 842
382 394
795 863
901 1017
988 1069
1225 1280
129 209
1116 1168
836 933
361 466
1076 1112
183 208
768 885
242 277
113 205
486 526
571 642
880 987
1261 1331
726 757
579 641
773 807
1385 1440
772 783
927 949
719 813
151 257
1202 1251
123 226
1078 1092
401 421
446 466
1182 1286
1206 1291
525 582
785 795
349 456
423 516
234 330
598 667
151 231
624 708
218 254
834 888
1270 1372
1360 1436
997 1113
1142 1190
1202 1216
1128 1169
1104 1157
1146 1218
1043 1107
241 315
790 879
590 612
492 510
557 648
1360 1378
976 1000
1322 1440
1264 1299
754 769
929 979
559 599
133 157
1278 1355
1325 1394
228 320
394 505
404 434
881 913
1096 1165
1039 1131
1143 1163
875 899
959 997
123 199
213 302
776 812
695 787
1165 1269
694 756
1181 1268
733 808
367 472
713 745
1127 1179
1022 1093
879 972
1180 1255
391 494
424 508
1199 1226
835 912
920 964
376 445
1092 1190
323 390
268 330
810 832
717 731
452 472
563 620
515 569
916 956
419 431
927 1003
788 859
1028 1146
212 224
728 827
903 987
1076 1193
871 894
146 233
333 375
431 472
1134 1230
236 287
1225 1324
1356 1440
1258 1289
411 443
1124 1182
766 817
978 1048
232 290
634 665
663 725
953 1019
985 1100
133 173
380 418
690 782
276 330
854 951
501 537
186 196
1296 1315
865 899
1085 1173
1368 1439
484 598
288 399
235 279
110 145
1120 1187
205 279
454 468
180 251
445 548
807 912
687 747
1169 1281
1283 1369
920 978
873 932
1146 1251
1035 1142
1231 1278
1281 1302
1033 1117
308 347
1119 1174
746 825
248 341
1365 1440
628 645
985 1059
994 1018
723 789
1340 1440
1232 1314
536 615
1061 1108
472 560
181 232
342 356
1159 1264
796 888
570 617
1211 1264
121 132
927 948
804 860
111 194
379 393
549 566
258 326
876 977
1371 1440
1221 1252
234 285
1292 1323
825 890
410 504
539 655
1293 1393
762 833
384 452
887 937
386 455
1119 1204
269 341
464 564
796 876
999 1026
219 282
853 931
559 667
1161 1175
1093 1121
170 219
1215 1273
144 219
238 287
1158 1180
1029 1053
820 913
1145 1186
517 601
467 570
1134 1232
937 1038
1106 1172
442 536
570 655
455 538
132 180
311 364
975 990
1097 1172
1185 1229
912 941
693 773
1349 1440
1309 1388
1201 1214
507 556
722 737
945 959
1164 1266
478 555
1258 1351
479 495
1252 1343
894 941
438 496
723 746
352 438
692 804
682 755
183 204
453 512
1248 1331
300 371
113 129
467 561
772 833
1391 1440
344 382
699 763
312 348
189 268
988 1049
450 533
630 689
381 488
839 869
717 816
1136 1241
1343 1415
756 841
381 466
485 495
522 634
463 546
141 168
1063 1106
360 370
235 245
1378 1413
455 468
369 449
1289 1352
152 202
507 618
152 194
976 1030
1021 1141
594 665
817 841
297 417
576 686
892 918
828 839
1293 1303
989 1084
281 390
131 204
1034 1116
854 872
1332 1428
1131 1185
1236 1279
676 732
392 454
1327 1403
389 458
713 744
1154 1237
560 626
568 687
165 241
986 1100
843 857
348 447
1375 1440
558 608
939 1028
599 623
1350 1435
1081 1154
697 747
831 913
139 221
142 199
295 359
261 341
286 305
1015 1108
220 299
253 318
480 527
386 419
194 246
413 522
362 443
180 291
687 702
186 282
652 714
866 949
1182 1250
476 539
1035 1143
1346 1424
1029 1132
329 438
344 453
975 1045
295 373
853 933
588 654
1295 1309
356 401
1355 1440
336 376
574 622
614 624
1367 1440
1169 1202
200 229
433 525
110 211
876 969
493 515
1167 1225
622 647
704 732
732 751
327 397
1088 1201
1161 1240
1104 1163
482 575
442 551
129 153
1106 1205
1362 1400
893 961
1041 1107
331 369
1204 1317
905 1016
281 322
1368 1414
1106 1219
949 1034
1015 1118
881 897
125 164
693 791
522 547
426 441
807 870
1186 1257
1035 1116
677 720
1198 1214
585 704
936 1028
1253 1324
1086 1134
139 242
1054 1156
1085 1197
464 494
1388 1440
177 277
1026 1122
722 761
1117 1150
263 310
1211 1271
1055 1139
1119 1175
457 540
315 329
1378 1440
459 561
236 301
899 967
306 360
625 740
105 122
677 787
656 717
637 706
1028 1141
1063 1116
468 524
136 149
865 983
309 408
162 192
1005 1066
718 809
1174 1290
1391 1440
1238 1310
1312 1409
1393 1440
1240 1284
784 824
696 784
871 927
186 279
590 658
1330 1349
483 601
186 286
1233 1326
1288 1348
428 514
957 973
342 457
1316 1392
302 336
1364 1433
425 521
175 284
1376 1440
1373 1412
250 267
1180 1224
693 802
335 396
1099 1124
396 482
1198 1260
1146 1212
1279 1327
297 316
805 818
355 406
1046 1164
572 602
1127 1183
1238 1254
519 637
921 982
1004 1102
1027 1109
745 816
251 284
275 354
1018 1080
738 781
934 1007
907 932
556 620
417 451
770 837
220 267
251 282
202 253
1237 1342
1010 1124
746 761
1009 1026
553 616
1246 1328
1083 1123
1025 1074
603 699
1215 1332
746 841
561 594
338 359
1048 1072
775 843
738 759
283 362
534 580
660 672
478 598
568 636
1085 1128
745 807
490 528
568 610
722 768
256 274
814 919
1163 1227
1015 1090
543 642
856 908
884 960
212 315
1289 1358
1306 1339
542 635
685 698
1343 1440
867 877
1016 1090
539 650
1181 1206
766 783
796 868
1184 1271
416 484
925 978
150 225
151 235
595 647
171 265
290 358
492 502
496 601
239 286
1177 1197
1303 1423
997 1115
323 389
1238 1295
602 685
181 238
213 295
695 798
543 617
1382 1440
691 723
172 284
639 750
831 930
584 665
101 196
506 535
1128 1170
932 998
420 519
1341 1360
1082 1094
395 443
984 1003
229 271
983 1056
812 899
271 313
806 896
1359 1440
516 533
234 342
645 656
240 308
325 406
571 647
1247 1328
1207 1313
452 477
1136 1224
699 741
375 437
917 941
174 224
342 396
417 455
1318 1373
1269 1353
141 213
354 420
909 944
678 778
313 338
201 213
405 507
1029 1064
451 560
1147 1228
339 409
973 1053
543 614
1025 1127
763 775
289 392
348 377
603 657
1358 1419
655 698
600 673
1093 1144
419 498
1059 1156
843 913
869 892
1027 1064
787 899
1368 1440
191 267
146 266
1201 1233
812 834
400 473
737 813
1320 1344
565 600
518 578
1076 1114
334 436
210 277
273 376
259 360
227 312
869 954
414 479
1339 1390
931 949
1326 1336
748 778
676 722
1304 1352
967 1057
963 1075
1123 1188
887 995
696 753
230 303
1303 1363
670 765
1080 1125
1188 1296
1327 1426
1274 1326
1226 1316
1292 1376
1171 1228
148 162
222 274
1299 1367
676 789
381 496
1231 1296
1054 1128
1380 1405
1357 1374
444 556
647 682
395 419
250 298
472 498
832 876
713 793
707 805
862 931
1171 1231
531 584
781 886
156 256
276 305
422 444
747 866
1104 1124
1271 1360
1320 1361
527 634
1129 1152
409 431
474 570
1176 1212
635 713
453 534
1207 1231
1143 1224
664 784
135 184
724 806
570 671
980 993
336 430
343 410
827 918
1070 1118
267 329
1010 1043
1001 1093
756 837
625 736
1245 1324
814 873
1201 1251
121 184
491 594
732 757
156 213
801 901
562 574
312 421
1107 1129
1280 1393
847 869
302 345
1320 1374
580 657
104 116
1310 1329
210 275
399 494
931 1021
1258 1312
1334 1389
1357 1419
830 886
361 382
158 248
695 783
1232 1311
136 159
367 428
470 548
1302 1368
409 526
427 480
152 201
595 615
1079 1121
1321 1423
1337 1440
1109 1125
1171 1208
297 371
741 839
1280 1310
419 487
200 291
121 221
928 940
574 631
487 535
1023 1135
792 838
356 419
812 841
317 359
800 895
664 759
1195 1275
862 927
1007 1044
892 969
669 690
645 704
511 552
797 899
287 345
348 464
405 486
174 222
450 498
102 162
638 744
1350 1381
1083 1183
1229 1259
1139 1163
1249 1313
718 804
1058 1176
264 320
936 972
1223 1306
1214 1261
1136 1250
923 949
570 582
219 271
365 385
1179 1209
1020 1041
586 680
628 701
757 806
451 506
213 307
227 285
449 567
1171 1248
909 956
1041 1087
671 681
741 808
1114 1158
885 986
928 1035
799 850
512 583
1083 1179
227 320
805 914
719 750
454 541
520 627
463 537
1183 1276
475 578
600 709
1235 1266
783 793
787 842
854 866
704 749
1201 1296
124 242
1046 1163
571 620
530 595
1294 1346
176 197
596 670
807 902
1125 1211
1131 1226
327 421
785 824
834 953
817 927
652 769
1218 1307
1287 1352
304 321
115 200
870 982
1237 1304
1350 1362
359 476
1059 1096
817 839
729 818
757 872
1228 1266
837 935
513 569
1291 1332
1389 1420
1203 1246
298 320
1302 1376
252 267
226 295
1030 1143
564 679
745 837
479 576
1205 1254
1332 1439
972 1021
1130 1174
630 698
336 444
855 888
847 895
872 963
1101 1217
1336 1377
326 442
1004 1053
155 181
507 553
678 689
495 604
783 837
1298 1392
175 206
678 763
1121 1215
834 863
1336 1368
460 574
988 1016
901 1017
296 359
197 254
685 772
221 265
274 311
1260 1365
1064 1093
1008 1128
788 872
487 573
443 479
614 693
940 960
745 779
960 980
465 495
314 413
485 503
1160 1246
1360 1440
357 457
1344 1440
253 320
1104 1171
1223 1317
154 181
557 637
715 800
1194 1291
598 650
1267 1313
1310 1356
417 512
448 505
1358 1440
519 570
427 533
309 332
482 553
1373 1440
976 1010
977 1086
1153 1185
342 383
444 477
250 353
1311 1339
1077 1187
1140 1246
197 239
285 396
657 767
440 540
665 751
121 230
999 1090
1163 1260
139 255
1259 1363
557 621
1173 1287
732 749
1127 1220
554 593
716 735
1398 1440
544 584
678 734
656 713
1185 1292
334 428
945 985
998 1088
562 576
1058 1115
986 1096
1034 1106
199 226
256 333
1077 1095
644 670
1204 1254
917 1001
764 826
1102 1154
785 844
309 415
1146 1165
502 525
904 1006
1325 1424
1084 1126
888 981
327 367
1131 1149
1302 1323
321 399
894 961
176 187
468 537
823 917
249 351
1083 1168
530 625
848 895
854 966
1147 1187
415 522
1183 1275
1352 1440
160 214
1178 1191
248 276
118 183
1310 1404
234 308
954 988
851 951
818 838
925 940
473 510
947 1008
815 874
1131 1151
496 506
417 484
507 570
603 661
1096 1139
260 314
1236 1347
589 623
1005 1017
850 943
439 522
498 587
378 466
300 409
643 696
971 1041
1321 1341
108 168
488 508
1331 1366
735 752
1207 1233
605 634
272 376
539 646
1187 1224
316 408
819 889
1176 1283
215 270
1248 1333
1025 1053
324 390
307 365
155 202
1304 1391
976 1083
1282 1384
1012 1072
1122 1162
1190 1258
1346 1392
1274 1321
210 303
346 377
876 894
441 499
957 1024
1074 1136
815 904
530 581
963 981
988 1068
356 410
820 888
1108 1181
290 388
661 777
821 864
234 353
646 706
768 851
1383 1440
835 946
249 327
949 1023
974 1088
548 609
1354 1373
965 1015
1278 1344
1263 1334
1011 1029
611 664
575 632
1400 1415
1392 1440
1240 1280
489 513
201 275
615 626
1386 1440
564 640
715 812
265 324
596 698
395 446
1389 1417
304 321
814 840
850 862
861 937
1135 1177
311 370
303 360
1084 1114
1004 1093
832 859
991 1034
345 381
121 157
1146 1189
1391 1409
1153 1239
729 742
1266 1334
535 624
1170 1201
1355 1420
506 521
110 182
526 613
472 581
1149 1173
1126 1222
128 188
780 849
664 778
1004 1116
684 699
585 623
647 754
781 837
197 296
1242 1252
102 195
1193 1293
424 543
831 939
1069 1160
531 647
817 890
631 712
964 988
1121 1214
1384 1440
1297 1384
361 385
790 875
472 492
1319 1353
403 446
460 552
941 1059
156 186
1004 1074
610 713
1099 1157
1147 1217
295 402
605 715
608 699
562 611
1089 1101
352 408
1400 1439
326 362
158 219
595 610
1334 1440
927 977
870 940
1371 1421
425 481
180 277
430 505
816 880
555 666
1349 1359
809 830
278 357
761 820
600 678
1352 1440
522 612
1151 1167
876 900
599 614
647 693
242 326
1115 1207
148 250
525 573
498 525
111 177
1357 1379
551 612
951 1071
1218 1239
270 379
606 655
910 983
570 636
185 221
857 899
1394 1440
1361 1440
299 379
1374 1405
436 474
334 417
305 338
1159 1169
235 345
394 414
917 1017
690 802
169 261
920 1034
435 469
833 952
293 400
1221 1256
910 928
635 677
714 741
376 414
1073 1133
928 1029
992 1081
1104 1207
636 723
515 591
252 277
964 1059
761 812
1144 1221
125 231
892 967
774 891
713 763
753 782
604 659
816 898
542 564
304 333
972 1059
524 542
1192 1309
1246 1351
1320 1363
346 360
892 1001
221 268
726 762
1012 1117
1250 1334
610 722
453 498
160 202
462 482
950 974
1027 1063
292 336
720 830
434 538
1318 1337
481 521
555 665
766 860
1347 1425
450 566
166 274
471 511
405 512
934 1047
1212 1267
1278 1397
338 366
1117 1203
1396 1440
303 352
1362 1440
800 918
192 219
865 967
127 223
613 662
878 904
1062 1103
609 647
555 665
319 364
1015 1131
719 791
943 1027
687 706
953 985
1014 1053
1249 1270
1156 1271
793 850
562 624
121 158
1366 1376
553 631
111 121
1054 1146
1003 1032
1289 1349
1011 1124
1360 1382
919 948
934 984
338 357
985 1045
988 1075
427 444
361 464
636 753
952 1067
455 536
1256 1313
1151 1246
203 236
124 158
537 592
149 178
1226 1267
1350 1372
801 875
973 1020
494 559
579 682
773 829
965 1038
338 402
579 608
430 490
149 201
251 318
580 695
528 603
288 355
602 630
806 868
1383 1440
1400 1414
280 310
1304 1391
227 268
1007 1056
121 171
459 529
1010 1055
424 532
1298 1354
1327 1388
180 280
1366 1440
593 654
765 778
812 912
1144 1222
896 999
1345 1440
864 956
656 716
811 922
276 334
760 814
982 1029
456 532
244 330
1185 1204
442 478
1353 1412
734 819
1218 1235
762 811
1397 1418
788 839
641 722
396 462
439 509
923 1011
605 708
308 340
1199 1213
709 762
1295 1331
793 852
1331 1391
303 411
1375 1397
811 904
1231 1307
1102 1126
587 679
1392 1403
199 293
331 385
1084 1199
198 282
685 779
535 604
619 638
122 143
1127 1162
566 628
1068 1184
404 450
846 943
1017 1118
106 215
1397 1440
1146 1240
296 396
377 450
1089 1125
615 726
561 574
422 542
244 364
1366 1440
1383 1394
1295 1373
758 811
1230 1287
903 986
538 556
1141 1218
884 1004
1259 1312
351 440
122 159
683 787
603 721
1104 1178
1156 1232
1244 1346
121 232
1385 1440
1048 1062
974 1041
675 795
400 415
218 294
461 557
139 230
754 792
377 454
689 712
1229 1330
1266 1343
1108 1195
436 518
402 486
440 504
1336 1406
443 465
605 694
242 285
167 244
1217 1299
987 1064
114 182
652 739
613 644
504 585
531 623
1261 1371
227 331
334 419
1301 1327
526 553
400 483
443 529
1185 1303
217 269
105 188
814 866
1266 1350
591 628
456 555
1182 1264
566 629
434 467
597 612
699 774
239 254
255 319
1306 1318
1130 1173
1261 1301
1028 1083
576 604
1323 1410
912 953
1263 1375
437 498
402 451
1203 1276
1114 1226
1392 1437
959 990
416 479
880 908
670 689
509 616
1079 1175
264 338
1314 1422
170 262
530 560
515 544
1316 1423
1105 1133
981 1071
1318 1342
293 367
1174 1209
1018 1122
300 352
177 242
601 632
1257 1283
353 459
344 422
802 903
712 733
548 580
1287 1322
1354 1436
180 286
250 260
1145 1183
495 570
1187 1258
497 512
606 703
548 655
571 681
514 545
525 629
571 628
925 1009
763 823
843 963
573 620
975 1070
463 475
720 827
1148 1197
1145 1233
568 654
580 664
1095 1117
1192 1297
365 440
719 744
902 1017
1011 1065
990 1014
351 467
1059 1150
610 695
1013 1128
384 488
372 449
707 785
457 520
165 259
198 261
221 335
1118 1232
1312 1366
465 581
1182 1241
1117 1229
383 467
1042 1095
575 594
1009 1067
259 343
271 372
411 457
326 420
138 248
1289 1360
824 901
635 653
1339 1413
942 1029
569 667
872 969
1089 1201
464 478
151 215
390 480
498 598
341 390
204 225
473 577
924 1019
768 876
352 399
1265 1301
702 754
837 910
511 618
1353 1384
1182 1289
191 254
409 447
640 687
159 177
1091 1211
460 527
380 484
261 306
1023 1112
194 228
621 730
245 346
1123 1232
701 771
752 858
555 659
332 433
1151 1249
383 496
1261 1280
442 497
1322 1414
1003 1113
476 506
645 688
1040 1113
1217 1238
305 349
358 444
1226 1317
673 770
602 630
522 553
1335 1409
1157 1184
1373 1440
163 235
736 765
601 651
126 199
547 565
177 233
748 847
551 631
103 183
606 723
1037 1157
1381 1440
1167 1273
1155 1240
424 518
356 400
402 414
845 963
756 857
953 970
647 724
796 851
374 427
768 874
1118 1176
603 613
833 889
259 309
959 976
350 429
586 663
683 781
121 174
952 1065
1316 1348
984 1008
1147 1257
551 626
539 552
1158 1180
1078 1175
1284 1360
1140 1238
766 784
1132 1191
644 725
1241 1290
154 236
724 825
404 516
257 275
177 240
269 311
160 257
1041 1082
434 522
565 595
732 760
892 995
661 738
1041 1155
1131 1153
293 303
869 889
350 436
234 287
375 391
280 337
1030 1088
1273 1356
1038 1058
847 885
1131 1220
1060 1126
894 990
1004 1029
163 228
1376 1388
277 319
851 907
851 925
173 184
1339 1419
228 284
117 155
467 587
342 412
994 1071
1397 1440
161 192
157 188
1279 1393
1010 1037
867 908
1129 1180
589 706
608 621
598 711
288 317
1108 1196
835 897
244 307
154 238
495 601
938 957
689 713
1363 1440
462 569
557 569
1232 1248
415 498
406 501
390 483
180 270
519 612
905 965
229 335
536 614
762 816
585 639
156 186
1319 1404
206 226
1202 1269
105 171
585 654
446 523
1378 1440
132 176
724 796
528 602
1128 1219
877 971
1075 1155
1216 1237
200 263
111 189
1369 1421
773 820
658 765
289 394
182 300
230 289
418 494
1331 1398
1299 1418
1379 1397
1166 1283
1067 1175
1106 1184
357 460
911 949
1336 1440
452 464
553 673
184 223
1313 1363
304 348
797 882
1135 1155
815 839
1367 1427
762 786
1279 1360
444 514
780 888
1124 1169
920 1023
229 275
1331 1430
1110 1159
831 897
1161 1179
700 776
1163 1199
209 271
826 862
1242 1305
1197 1274
319 412
463 562
302 403
115 183
1275 1394
1122 1237
659 716
130 243
220 245
1041 1137
1228 1240
163 208
1234 1301
1073 1089
271 316
1128 1142
1277 1313
816 838
1252 1291
244 326
955 997
806 866
1185 1297
126 174
917 1022
1269 1351
730 794
384 501
664 690
1110 1142
445 481
929 949
1067 1135
704 783
1144 1176
118 142
619 640
903 995
903 943
777 824
1205 1279
883 894
252 305
241 252
1395 1440
846 960
933 1020
1156 1176
1139 1231
1230 1321
660 715
723 748
964 1078
1215 1233
845 916
800 900
1323 1435
458 512
1331 1361
1068 1133
334 452
346 450
1158 1239
452 515
384 394
598 636
365 386
622 668
411 462
437 455
1170 1211
1019 1095
734 758
758 852
981 1053
953 1006
904 955
209 323
1211 1320
103 141
132 197
805 882
387 446
1103 1196
1345 1377
897 907
218 249
730 749
1062 1077
838 915
837 881
761 810
750 826
371 382
831 858
896 975
752 839
1073 1129
1191 1234
671 750
111 188
1284 1395
988 1104
307 407
552 625
914 945
1347 1371
708 739
288 329
1357 1415
1038 1118
251 281
929 1044
670 739
832 884
1297 1370
120 229
163 282
984 1083
364 452
848 918
1093 1145
728 752
577 642
755 774
473 591
1046 1085
344 386
1105 1164
524 567
209 244
776 858
1302 1356
1211 1268
427 437
564 614
1008 1052
870 901
780 900
1104 1206
168 280
554 641
1128 1162
1237 1279
122 132
721 739
1083 1127
640 758
868 887
127 144
1061 1112
382 451
1091 1149
1146 1190
290 393
334 391
1027 1081
541 659
1016 1108
987 999
122 143
1317 1350
730 824
680 744
1104 1198
401 476
193 279
1079 1104
1256 1339
308 367
599 644
838 882
1170 1258
596 690
1065 1093
108 133
959 977
879 999
315 327
823 851
755 776
1041 1129
1307 1317
808 890
764 804
809 850
141 239
258 316
832 882
1112 1143
1167 1183
273 292
197 282
964 1053
623 714
509 582
1390 1440
161 190
648 749
521 630
1196 1235
700 739
496 575
610 627
473 533
502 527
518 626
1339 1420
1054 1146
364 397
553 663
295 398
282 297
237 318
1373 1440
950 966
797 845
1124 1200
644 662
808 884
412 509
282 395
1121 1185
637 743
1089 1126
232 258
726 817
1245 1311
274 305
140 215
1196 1276
954 1038
382 461
759 878
114 211
151 189
981 1096
682 772
790 813
1333 1387
224 332
1291 1328
912 1000
516 569
431 457
1141 1188
1287 1406
493 503
739 762
995 1032
1195 1257
1294 1412
1119 1133
343 359
309 365
1098 1167
190 245
175 295
1244 1256
1261 1296
1333 1351
1153 1194
112 224
1063 1151
949 1050
1364 1388
599 691
336 413
1356 1440
1087 1160
670 702
948 997
165 214
540 598
630 652
130 156
734 815
644 714
877 915
416 498
745 793
1203 1308
188 260
420 504
833 874
746 802
120 140
250 274
476 493
1082 1155
306 350
139 210
242 332
1004 1112
1391 1440
366 485
679 752
711 729
484 555
775 828
179 203
1386 1425
1221 1272
358 403
151 245
1100 1202
1096 1186
818 833
340 402
708 825
214 296
725 773
415 511
964 975
352 393
1057 1070
741 776
105 123
135 241
567 669
779 853
205 280
190 205
1229 1321
208 230
1287 1402
643 666
110 219
947 1035
395 415
438 507
1165 1215
535 588
1089 1205
543 613
108 147
602 664
587 655
691 740
595 707
1075 1154
575 657
1321 1384
421 458
831 914
1278 1315
754 868
1389 1440
664 761
685 801
501 590
1275 1309
388 477
1340 1379
537 554
668 690
1007 1062
803 822
355 441
1178 1270
303 403
322 421
895 984
1323 1422
309 320
716 819
1393 1440
1104 1148
605 693
1337 1378
486 504
668 782
510 530
1105 1192
1393 1406
188 294
1022 1115
1308 1383
614 706
1249 1347
1115 1130
1275 1391
705 719
1326 1408
737 797
1153 1250
127 168
1174 1189
349 372
1154 1210
503 562
789 885
1177 1265
841 877
1038 1060
794 829
1311 1371
902 969
1102 1150
1111 1215
410 454
1364 1440
704 765
162 271
1164 1266
574 612
799 809
869 941
540 589
992 1011
672 747
188 199
625 652
998 1089
1344 1359
1201 1256
937 980
1249 1350
827 876
128 179
408 422
1255 1339
898 1013
578 596
1021 1081
892 920
1299 1385
1389 1440
182 230
120 130
630 687
1146 1261
488 591
1191 1246
792 880
1324 1430
471 591
356 448
912 984
134 198
610 660
119 150
554 590
1306 1409
1114 1227
1207 1272
1040 1100
143 204
1060 1129
473 520
376 437
1030 1085
1091 1140
1005 1103
352 444
875 974
249 334
244 352
903 955
1080 1145
553 662
174 276
755 871
145 182
904 950
242 282
839 920
758 829
1312 1412
1084 1141
970 1045
344 435
857 876
1229 1290
382 406
1242 1341
790 864
355 424
153 200
566 576
1153 1176
832 946
1122 1172
974 1043
474 531
154 194
654 734
397 490
124 154
982 1099
599 664
190 303
161 207
815 839
250 325
1103 1223
583 644
768 849
1216 1313
1341 1440
120 202
617 647
596 646
308 414
245 345
1011 1066
488 498
631 649
1057 1169
1042 1099
419 508
941 952
219 244
936 957
1190 1250
125 235
1174 1235
1114 1138
946 1045
1381 1392
1379 1416
405 459
1078 1192
1284 1361
601 645
1200 1302
836 928
463 552
237 294
892 965
1140 1222
986 1080
636 674
770 784
1284 1398
1234 1306
573 633
1024 1080
822 902
568 684
1247 1257
482 522
328 361
836 941
496 553
804 853
276 305
939 1054
1189 1235
846 871
1248 1278
223 238
706 758
514 526
913 1024
645 710
323 342
1264 1315
843 925
576 647
1299 1393
266 313
164 184
672 743
436 545
286 347
1158 1265
762 812
1184 1277
713 764
905 928
628 679
458 533
839 868
622 733
1318 1381
1164 1177
448 518
1142 1235
573 677
728 796
1144 1248
158 174
978 1031
1258 1279
786 802
1195 1259
700 748
1150 1268
643 722
126 186
677 786
1248 1261
1013 1094
1227 1296
294 316
1010 1036
1309 1414
1272 1352
1264 1361
140 214
163 238
758 781
1389 1440
388 398
294 327
1027 1141
186 197
427 473
1225 1255
965 1057
479 552
684 777
636 736
672 727
513 567
1103 1125
1301 1353
220 279
761 839
680 753
1123 1210
246 274
704 783
413 431
884 997
920 930
659 697
1374 1440
415 532
290 333
396 419
181 229
1035 1137
888 978
1281 1317
394 437
1197 1268
1226 1277
608 670
1035 1149
591 671
404 484
1120 1236
136 173
1048 1140
387 442
1358 1440
532 602
1162 1247
1126 1236
249 265
850 947
134 243
1244 1343
566 668
619 662
1043 1064
959 1017
599 691
144 255
716 768
1310 1359
775 820
1117 1159
943 981
296 343
827 853
1328 1384
385 492
293 328
522 578
982 1015
1150 1206
779 798
1205 1302
550 635
1396 1426
203 281
924 1011
172 201
1212 1250
1390 1423
430 533
654 737
935 954
728 829
1055 1119
1279 1395
1134 1193
864 908
789 860
534 573
1262 1362
476 564
1381 1440
447 502
495 600
1157 1233
537 576
995 1023
1264 1352
818 856
220 240
303 419
327 429
946 1021
597 626
660 772
873 954
1199 1267
1127 1172
1278 1368
920 999
575 652
1399 1440
1106 1199
559 647
321 389
461 490
616 675
608 712
235 323
431 545
712 813
536 608
305 371
706 721
864 983
792 882
566 628
407 425
286 298
1384 1440
929 965
794 819
438 533
1095 1142
1121 1222
1042 1074
1037 1066
1181 1226
326 444
348 379
1276 1367
1241 1277
993 1109
176 198
858 916
784 903
435 461
271 294
248 267
1282 1300
727 804
607 717
1223 1274
957 1037
1182 1209
789 887
1206 1303
1012 1095
569 678
275 351
489 502
681 749
915 997
508 578
676 736
1140 1178
599 656
821 868
158 208
899 986
912 980
913 982
1243 1320
342 395
141 226
993 1019
500 536
630 729
507 569
482 578
831 874
1074 1093
202 214
126 232
684 786
927 1011
1036 1091
942 998
202 300
449 483
501 603
791 864
689 700
765 842
1312 1371
995 1087
425 523
734 806
962 1022
367 403
1049 1076
964 1011
753 834
1395 1440
503 616
1139 1169
825 874
270 300
1400 1436
683 752
499 512
1343 1440
287 340
1396 1406
184 256
387 441
208 297
1190 1297
821 934
1352 1440
314 354
1263 1287
829 863
679 743
455 465
1390 1440
658 778
710 722
1149 1242
1012 1089
297 367
848 960
330 426
906 985
1244 1343
654 773
401 490
988 1012
1338 1440
800 836
1119 1185
761 809
437 484
892 985
950 1063
491 586
491 557
722 743
973 1010
569 681
255 322
633 653
742 808
637 669
346 452
296 306
238 336
974 1056
960 1015
161 239
929 1041
634 742
1147 1164
955 965
187 293
1131 1149
908 1020
689 714
389 457
1215 1293
955 1063
1100 1115
1112 1155
1185 1233
548 595
656 674
355 398
376 418
365 415
275 304
1389 1440
1011 1069
258 322
322 422
1087 1102
990 1062
1134 1219
907 985
880 934
1316 1341
987 1062
1145 1232
284 317
997 1040
495 581
177 262
1092 1130
365 400
700 720
700 773
701 718
383 466
352 386
987 1095
1280 1299
1313 1397
217 316
564 656
481 532
720 734
1212 1323
679 737
1144 1164
1232 1321
324 431
685 795
1297 1312
116 138
1195 1213
140 158
376 432
234 348
953 965
1002 1111
1174 1283
154 180
633 646
649 748
1295 1386
896 940
151 209
1275 1286
141 169
1193 1244
849 860
674 737
1107 1135
1150 1261
1038 1054
840 883
185 291
1165 1239
702 805
1376 1399
580 677
576 597
562 669
1178 1197
987 1005
460 563
1258 1322
175 282
624 727
1034 1138
219 259
1310 1368
768 852
855 958
1210 1253
1219 1321
968 989
110 204
625 733
1179 1192
626 652
913 979
870 924
152 260
1278 1303
777 861
1300 1354
1257 1282
716 794
580 686
255 324
1279 1318
535 577
813 897
914 956
1024 1099
738 764
1366 1425
376 450
177 259
899 986
255 349
280 308
343 384
873 930
1379 1431
1298 1337
830 941
550 653
984 1071
128 187
1311 1359
902 926
1313 1332
175 257
669 689
962 1005
1212 1302
172 217
906 1006
1356 1435
660 698
1345 1436
1328 1340
1077 1137
1251 1330
971 1035
963 976
296 330
252 306
462 518
1107 1131
1223 1233
193 248
695 719
867 922
234 253
1116 1203
288 402
1348 1424
289 391
867 896
935 949
1345 1399
605 631
407 474
1039 1058
638 691
875 892
396 415
297 309
657 689
470 495
1318 1437
671 715
459 547
955 1057
1323 1350
307 365
914 1002
163 220
1067 1139
319 394
324 404
203 305
198 288
1310 1357
104 181
446 489
498 612
580 609
271 386
433 517
1100 1171
1137 1204
1335 1397
431 504
559 593
166 206
1012 1125
255 306
861 924
1139 1197
879 893
1195 1237
1139 1234
269 300
927 966
721 739
342 431
223 342
435 517
1290 1312
1100 1126
763 785
556 622
1270 1281
117 214
663 728
1242 1331
228 305
1258 1348
549 633
421 541
802 895
751 843
904 982
1371 1415
815 845
179 290
199 245
126 191
333 355
1185 1299
791 871
172 285
1013 1102
1080 1150
1113 1186
1214 1294
1094 1207
1164 1256
258 305
1334 1386
1068 1153
720 831
175 245
1150 1194
846 955
1318 1352
1155 1254
1259 1302
755 845
596 610
1263 1380
609 690
671 717
724 816
441 515
910 961
1305 1381
1024 1114
266 281
1134 1167
902 962
1346 1382
648 678
449 477
550 594
351 405
372 384
797 903
1372 1433
1052 1088
257 368
716 727
216 257
258 336
304 344
662 729
550 568
824 852
839 925
976 993
355 423
474 504
738 803
702 731
678 755
1271 1362
424 465
843 935
154 203
659 720
785 838
289 376
1298 1388
1303 1418
850 951
216 306
981 1045
420 537
257 279
154 209
763 818
959 1021
1388 1440
514 618
1236 1278
313 424
1252 1323
953 1046
472 571
1360 1410
1104 1212
177 196
251 353
1226 1262
234 285
569 603
1123 1145
1241 1295
1364 1380
105 146
946 978
946 1064
908 973
249 361
1308 1365
324 376
729 783
267 348
329 357
163 174
1272 1360
554 659
224 287
1319 1438
691 719
397 457
952 1056
1347 1372
983 1007
1151 1186
363 472
400 483
171 291
1284 1305
175 211
1231 1347
878 913
646 724
1027 1043
1037 1067
942 975
662 771
675 695
207 233
681 788
380 416
1133 1208
592 707
115 194
485 540
383 491
326 339
237 290
656 714
161 234
260 296
467 511
244 345
682 735
386 459
760 817
418 511
1347 1401
1093 1161
1267 1315
1262 1312
183 274
513 625
702 712
997 1111
1076 1105
1050 1133
1282 1384
163 214
785 839
840 922
1334 1369
458 505
341 383
1141 1172
909 936
370 401
1348 1360
1051 1164
741 760
901 922
695 781
1359 1379
792 892
256 335
285 351
266 276
184 201
994 1008
586 615
693 782
267 347
241 276
223 267
985 1063
682 696
1219 1235
122 142
1021 1133
184 256
324 427
215 281
666 752
956 986
811 878
842 944
1177 1222
711 811
1394 1440
635 696
1033 1114
871 955
1170 1255
1073 1088
776 844
659 700
1099 1149
1388 1440
608 701
744 814
849 877
548 648
274 312
607 673
333 345
1236 1299
917 1016
595 668
767 852
1395 1411
951 1071
670 722
1379 1440
485 516
274 332
1298 1416
1241 1354
769 823
412 511
338 367
1389 1440
1034 1094
888 905
1052 1066
699 816
1172 1238
530 560
970 1063
459 570
554 602
899 979
845 879
835 906
210 230
166 202
934 993
1115 1231
1362 1413
1061 1132
947 1027
1129 1167
946 1008
122 242
1193 1230
163 235
1220 1260
914 985
414 468
505 619
632 742
1297 1368
122 174
1089 1183
552 587
418 472
1288 1368
787 885
225 291
688 768
1359 1378
415 430
376 474
749 854
714 800
1250 1300
1141 1177
150 203
686 748
880 957
360 419
1165 1284
452 506
425 526
927 1007
202 239
275 356
1339 1410
833 900
201 320
1002 1017
1087 1172
499 570
889 968
723 770
121 201
589 610
1057 1088
550 618
1236 1286
622 720
804 816
322 344
888 1000
208 319
263 337
1188 1227
364 459
332 367
264 338
1329 1378
756 806
670 712
196 294
845 914
1268 1332
566 581
327 426
1113 1228
217 322
805 919
873 946
1099 1192
1388 1423
370 429
745 791
1319 1356
136 170
1024 1083
526 553
1096 1201
1252 1300
792 815
1130 1191
1077 1133
1000 1013
195 283
205 265
296 372
368 469
978 1019
312 389
707 731
1141 1218
320 429
430 487
212 265
870 947
170 204
309 407
751 855
789 907
527 631
1043 1073
717 824
256 366
955 1030
207 307
1230 1269
1204 1263
123 171
529 621
195 205
498 570
467 498
1182 1216
594 612
839 897
511 630
429 530
1015 1082
1365 1399
603 613
347 430
483 501
473 500
1343 1440
1322 1381
111 167
1007 1046
1128 1234
536 634
942 1014
1116 1152
1342 1430
131 142
1191 1276
545 566
516 600
112 126
1395 1440
1361 1405
1099 1210
541 650
354 451
195 284
1284 1398
449 487
158 204
183 287
711 793
958 990
1312 1331
326 389
575 628
820 835
844 928
129 208
152 172
833 891
219 229
389 414
684 702
788 826
546 608
172 264
735 789
1210 1328
1395 1423
331 423
659 770
688 730
786 877
1324 1395
1352 1440
1106 1142
1216 1265
1174 1223
136 224
529 578
631 735
846 895
507 556
953 986
1292 1328
228 283
679 696
523 600
427 526
448 560
340 404
798 917
815 869
429 521
435 447
545 594
397 508
292 334
468 546
1007 1040
991 1020
128 181
459 552
415 526
545 571
900 961
618 683
910 951
413 473
523 604
983 1055
275 340
440 452
1318 1393
874 884
628 678
946 1047
1303 1338
1387 1434
1327 1424
164 222
632 742
515 550
109 162
965 987
580 676
1284 1364
493 513
758 818
1328 1356
481 495
757 870
160 224
186 241
1173 1275
883 960
610 729
1029 1087
296 363
1196 1254
855 867
342 401
456 470
1338 1400
1144 1213
512 532
1264 1334
418 531
467 481
619 704
752 782
925 962
668 748
670 680
1334 1414
544 556
971 1055
789 831
634 709
1021 1069
608 627
534 569
412 457
244 351
460 523
642 730
975 1014
1121 1154
275 319
1018 1098
119 197
690 736
1079 1169
1294 1376
277 328
853 890
383 421
737 850
1121 1207
1225 1304
1258 1326
223 291
875 931
470 567
406 465
621 712
556 674
891 967
354 429
469 529
734 801
463 559
278 389
434 475
432 470
123 214
1148 1224
1283 1398
927 994
943 1005
200 316
966 1070
1226 1328
1001 1047
518 601
319 385
1170 1235
1094 1120
789 846
965 1076
550 597
1169 1189
1252 1303
1167 1234
717 742
558 626
1160 1214
1382 1440
371 490
553 646
408 473
975 1062
819 920
742 858
714 827
1253 1267
523 539
114 149
355 424
1195 1286
1335 1402
497 520
471 515
1065 1147
272 387
191 242
807 917
1141 1195
366 378
307 343
639 734
363 444
529 600
1232 1265
346 450
965 1029
1172 1186
312 423
611 640
281 337
938 1046
1001 1102
371 404
481 556
396 447
1139 1226
465 580
570 592
1022 1137
936 1006
1318 1389
735 763
270 291
1325 1383
1203 1223
489 594
1306 1354
506 621
660 731
1178 1199
108 225
1329 1375
751 845
365 462
385 489
1101 1176
505 593
370 457
885 986
1259 1306
797 857
277 342
1307 1328
312 388
1025 1113
521 585
1178 1251
801 829
298 319
1374 1440
1228 1259
1193 1232
975 1034
356 376
784 857
1062 1089
721 776
872 915
101 201
596 649
224 280
594 688
1204 1315
1159 1217
740 795
1077 1193
422 476
1038 1119
1128 1218
880 992
187 306
115 172
1130 1176
1120 1221
606 617
161 212
696 769
242 295
1056 1130
523 610
236 342
430 526
1127 1177
1295 1319
1366 1433
147 220
591 631
1092 1143
151 270
215 258
1399 1432
1018 1079
393 427
208 260
899 912
1318 1423
1359 1426
289 324
605 725
497 525
851 926
741 779
612 679
964 1071
934 1004
215 227
1171 1232
670 714
1207 1228
657 750
276 359
447 562
859 942
327 385
1241 1276
270 303
1304 1390
1040 1112
216 255
938 1018
792 857
369 415
737 790
999 1013
1205 1323
737 795
187 235
487 596
1256 1300
147 227
1143 1207
137 168
1395 1440
455 554
1066 1131
452 486
443 490
189 249
277 365
1319 1426
331 404
169 284
254 328
858 951
732 850
920 978
972 1057
548 564
499 531
1292 1397
1210 1287
1251 1345
1214 1270
1173 1205
848 936
599 698
1098 1213
898 952
1050 1090
1207 1324
1011 1076
843 943
1064 1166
921 1035
351 377
400 414
352 421
1190 1235
1349 1391
1094 1146
177 255
1216 1335
1111 1212
884 943
1007 1106
1035 1144
338 387
1057 1100
533 601
875 943
872 973
767 871
458 558
1112 1205
442 533
1340 1362
974 1055
777 891
1175 1221
831 923
894 1014
807 892
1262 1382
661 729
808 890
1057 1145
389 436
752 795
352 472
997 1109
1129 1194
198 313
471 566
481 492
141 163
368 463
350 430
118 139
198 269
238 302
1336 1396
739 827
779 796
793 885
1013 1115
1127 1163
1027 1125
1195 1225
767 800
215 267
816 891
124 163
1152 1257
1230 1304
372 383
396 468
932 975
153 201
1319 1391
505 615
800 827
1064 1164
379 414
1186 1208
169 239
354 415
1066 1121
235 328
368 401
929 942
1001 1033
1274 1384
1284 1353
205 237
548 641
1031 1087
986 1021
279 323
469 519
354 426
1211 1232
1339 1386
302 367
884 963
937 1023
1133 1218
678 731
676 781
278 363
1289 1384
176 255
400 415
1153 1192
895 950
859 917
1191 1229
1149 1164
113 157
1187 1244
1124 1154
1191 1212
134 154
1014 1050
701 802
645 716
892 949
1097 1115
623 686
735 767
458 577
852 873
119 222
885 952
344 393
316 416
1321 1404
660 723
901 1004
711 725
627 719
520 569
1373 1440
888 932
1195 1252
132 174
1300 1374
581 644
642 761
716 791
1188 1303
1320 1370
1166 1286
1313 1329
575 600
1009 1103
489 507
1015 1043
1235 1269
917 1015
502 534
977 1093
1011 1080
567 684
506 600
673 771
357 454
553 618
650 689
659 764
1069 1189
1029 1062
1131 1185
1185 1275
659 745
1008 1056
247 317
978 1090
622 641
1329 1432
1077 1182
133 159
1237 1349
1072 1162
875 899
1205 1317
473 586
910 1023
394 478
1397 1440
1397 1440
385 426
684 741
337 412
978 1068
639 655
843 893
1356 1381
1047 1086
669 705
823 854
447 518
106 164
171 287
1274 1353
809 869
281 341
107 170
266 286
153 184
770 825
1069 1104
175 239
664 713
1278 1316
752 869
217 317
1211 1311
562 617
889 978
227 340
432 481
779 873
420 488
353 363
925 969
989 1097
820 894
179 296
339 408
974 1040
785 860
1378 1426
236 320
735 814
450 535
342 410
414 511
1068 1125
778 850
395 445
995 1081
1365 1440
924 975
642 734
823 844
226 327
409 492
1309 1387
943 967
486 571
110 204
1090 1160
686 714
590 647
552 640
717 785
1044 1099
1160 1274
578 657
207 233
661 776
689 761
318 415
1272 1380
1199 1286
338 360
1328 1401
776 890
166 285
420 503
192 228
922 971
1007 1031
573 584
852 894
276 357
931 948
1104 1174
213 282
143 171
848 933
589 648
842 899
574 619
443 531
667 682
1106 1167
1336 1438
1099 1141
1191 1271
1255 1363
657 712
277 298
873 936
1039 1156
1210 1330
687 806
891 951
221 261
1153 1199
155 198
693 778
181 299
794 848
1220 1325
1103 1149
1105 1210
188 207
314 379
517 589
1015 1028
1133 1253
633 751
214 295
979 999
579 697
340 374
507 517
716 798
556 656
329 416
971 1062
1353 1420
272 316
442 560
947 1048
906 936
1061 1092
849 892
476 589
785 815
1385 1440
727 833
1283 1300
126 199
998 1093
1046 1148
1141 1253
492 570
247 343
1142 1180
578 589
1004 1057
1120 1174
889 948
721 817
943 993
743 816
652 737
361 377
635 747
1321 1389
730 838
261 356
1178 1226
1389 1411
1180 1249
1356 1408
683 746
804 864
460 560
506 571
544 658
172 204
924 937
860 933
513 566
956 1017
235 323
496 511
1033 1134
298 312
621 671
710 725
969 997
382 443
422 497
1219 1329
1294 1370
925 1015
376 485
182 295
668 683
1163 1180
1159 1232
1382 1396
171 260
570 615
204 259
252 335
1196 1316
1326 1358
288 312
476 560
127 241
436 499
298 393
1400 1434
1163 1233
616 639
191 272
596 606
1385 1440
187 278
1223 1319
409 513
619 654
585 703
189 286
586 681
640 723
1106 1175
104 170
270 286
662 692
571 678
495 505
268 368
247 303
1370 1440
379 437
183 226
788 866
1137 1173
1348 1428
111 193
342 404
718 796
175 290
894 990
1281 1363
1039 1128
620 656
716 779
299 366
529 562
985 1061
741 808
575 688
281 346
117 150
905 933
945 982
1205 1297
844 876
575 694
788 890
140 231
696 760
647 721
1215 1256
246 284
861 899
1347 1439
408 473
625 719
1263 1281
651 686
975 1006
1237 1311
1200 1210
1087 1181
353 421
579 697
375 387
1280 1369
400 415
1030 1139
334 450
253 284
178 281
331 379
1305 1361
879 913
253 312
1295 1363
604 664
676 762
906 961
1136 1192
1163 1175
118 227
425 435
513 536
610 725
1307 1347
858 945
169 233
1250 1292
876 915
184 232
353 436
1250 1290
327 409
547 647
214 301
968 1006
1330 1344
1073 1083
993 1066
637 679
460 553
357 418
1076 1121
1079 1100
727 779
318 415
499 558
500 566
729 790
1358 1435
1323 1411
553 663
849 919
1003 1122
733 814
460 554
771 819
1284 1343
795 834
542 577
248 348
228 248
1073 1169
777 851
975 1068
333 450
1312 1364
1286 1321
1107 1167
1198 1288
733 818
1049 1087
199 224
1222 1328
1246 1277
166 199
277 356
864 973
1075 1113
1131 1239
487 541
1083 1152
1161 1198
1351 1386
1218 1326
476 566
471 538
1233 1332
630 750
794 911
1064 1084
272 285
859 929
398 432
1141 1186
1322 1430
444 463
1254 1325
583 659
352 464
1032 1094
560 619
1259 1323
930 948
1006 1021
366 467
171 219
983 1038
628 708
682 800
641 750
1084 1148
874 885
222 271
384 472
786 853
1195 1301
709 761
1338 1419
557 620
612 659
770 783
1173 1292
1180 1209
951 967
407 427
623 706
494 579
754 765
1389 1430
1213 1283
107 155
1265 1353
186 282
175 289
869 914
1319 1333
1185 1198
1373 1440
585 673
375 440
869 974
1330 1440
157 266
618 673
1164 1212
731 812
703 785
293 408
878 941
723 742
825 865
187 257
331 396
483 501
357 464
1115 1216
809 922
139 169
510 598
479 555
157 272
544 629
147 193
594 694
1379 1414
696 768
442 525
1028 1107
277 292
967 1014
155 200
547 580
1048 1074
1225 1247
194 242
527 551
1332 1364
410 492
604 641
547 591
1325 1355
423 513
257 270
1193 1231
202 252
821 879
251 313
577 664
877 973
847 906
846 864
986 1052
1255 1361
1061 1121
1111 1137
487 567
932 948
1295 1311
1157 1171
1066 1163
262 318
573 672
630 663
925 974
757 845
826 905
643 730
1038 1094
821 916
1098 1188
1312 1356
854 909
839 906
415 464
330 383
1168 1210
747 866
1036 1057
1101 1112
158 222
416 462
1227 1312
1250 1341
809 856
367 398
145 236
1294 1369
1082 1171
1256 1354
1004 1086
1148 1246
850 904
1164 1280
737 820
1385 1401
141 207
1120 1140
316 394
1089 1163
897 976
637 740
776 826
419 443
933 1033
900 958
1398 1440
1155 1246
469 479
1193 1294
511 585
1159 1264
1161 1275
1033 1149
1350 1426
327 432
475 576
1319 1422
1379 1426
151 200
862 948
590 618
519 570
270 345
217 269
755 860
680 777
441 496
1239 1318
222 338
389 467
114 221
486 508
634 706
997 1049
1178 1228
783 855
1209 1237
1119 1131
266 360
1208 1220
645 722
778 872
1383 1401
468 507
1332 1401
955 1054
795 853
474 517
669 737
547 614
118 220
503 516
127 148
940 1016
359 426
292 379
872 979
916 962
890 967
174 188
898 1013
361 396
1003 1054
738 853
1034 1146
1047 1109
844 906
447 540
588 631
663 734
657 703
1192 1262
248 313
613 658
1241 1348
1002 1082
629 680
786 874
1339 1411
1252 1312
1238 1251
1122 1143
689 710
897 965
1310 1327
1171 1254
185 202
119 204
293 369
292 361
382 407
422 513
774 791
1134 1218
316 339
620 668
1050 1097
1011 1086
812 862
1013 1035
374 457
264 384
1064 1163
779 814
204 317
374 395
1281 1331
773 809
1355 1409
1376 1440
204 236
872 927
880 951
356 435
703 812
679 712
811 897
952 1030
373 417
1371 1440
1291 1327
373 390
513 623
581 602
966 1037
631 722
537 621
484 537
909 994
276 386
908 931
815 873
807 843
389 427
687 792
586 654
1016 1136
841 957
1316 1414
1204 1245
1039 1151
853 931
601 659
1243 1348
866 933
763 798
1325 1401
109 223
1374 1407
1202 1242
200 295
771 853
937 950
1101 1177
695 810
1376 1440
905 961
624 657
1304 1330
885 948
295 319
457 512
943 1034
1267 1382
1110 1184
335 382
1311 1385
1002 1057
334 400
623 651
459 484
536 550
936 999
1212 1250
123 188
830 948
755 770
1044 1159
641 706
1217 1232
1214 1256
291 352
636 742
374 436
589 685
740 859
1239 1314
924 1043
1229 1241
799 849
123 212
1087 1171
860 938
909 997
1159 1218
650 745
803 885
235 312
1183 1241
474 559
688 712
470 485
1088 1117
864 881
125 210
605 695
697 762
346 464
956 1030
1397 1440
961 1025
318 406
1278 1369
1298 1332
1039 1105
609 636
234 287
909 979
1207 1239
622 690
628 688
1385 1414
1261 1367
750 779
806 907
185 279
1311 1373
1076 1127
448 550
521 541
1200 1292
481 494
736 848
771 846
1050 1070
563 650
1247 1302
893 960
1283 1341
1350 1380
398 516
703 783
1145 1177
463 531
197 313
1249 1328
432 519
177 210
508 596
596 608
315 367
753 846
1031 1076
691 770
757 874
306 320
621 708
108 220
756 793
1155 1165
1143 1254
312 350
878 901
535 562
1216 1268
1005 1036
982 1020
1216 1247
216 273
916 1011
1311 1337
1328 1346
893 964
826 863
419 508
721 762
273 315
1144 1175
1298 1392
172 259
429 502
1332 1390
277 290
1103 1189
630 724
382 461
166 204
305 348
1261 1362
1318 1404
384 408
178 228
1257 1324
390 468
1044 1112
949 1042
406 433
798 832
873 983
706 747
1246 1292
498 538
129 234
997 1050
1353 1440
825 897
709 781
542 554
1234 1321
1032 1072
1193 1252
1221 1293
1058 1130
1079 1162
529 646
1248 1322
206 228
522 547
910 1015
1095 1175
835 849
1303 1381
1120 1183
655 692
348 425
595 624
1080 1157
1054 1084
591 703
1111 1148
804 896
858 915
108 202
1229 1269
1139 1186
1260 1360
1394 1440
1382 1436
611 655
305 371
1080 1115
171 241
222 313
1179 1267
804 861
983 1028
389 455
394 505
1382 1411
179 288
894 931
757 829
397 407
463 515
474 531
533 591
709 809
619 671
418 508
1065 1109
1322 1345
1333 1431
1186 1211
624 636
1363 1440
635 714
159 248
1283 1347
451 480
346 402
981 1026
1261 1376
540 627
207 318
178 197
1030 1072
1391 1407
1066 1081
334 444
750 825
109 143
370 437
900 969
1233 1306
326 382
1328 1424
428 485
1175 1261
1347 1369
997 1009
620 698
1042 1058
521 583
1111 1137
156 227
1204 1259
753 795
400 433
349 408
467 477
1101 1158
971 1004
296 390
230 278
377 444
813 835
456 574
824 844
364 448
907 988
445 471
1105 1190
169 283
252 268
1292 1400
338 429
671 787
791 824
1246 1273
427 529
937 982
941 979
311 394
245 347
1385 1412
772 833
218 245
629 685
1177 1221
528 622
317 409
196 287
1019 1045
989 1029
724 775
231 305
345 426
502 584
198 220
228 327
1141 1258
467 576
958 1023
1213 1225
493 542
179 197
116 213
1216 1310
950 1046
1043 1054
739 815
767 862
109 120
110 217
647 674
1328 1388
236 336
1338 1440
575 596
1306 1373
832 859
811 855
1309 1378
1207 1277
248 301
1073 1176
657 750
624 677
1018 1077
1238 1315
1110 1197
1065 1158
376 446
612 641
816 836
970 1055
1174 1187
178 232
1315 1376
408 498
1135 1215
961 980
740 846
720 754
958 1071
787 835
644 741
525 565
816 881
1229 1291
159 218
1135 1154
325 342
641 727
1022 1128
407 446
955 1060
1210 1296
423 461
584 647
1331 1437
166 213
275 289
101 137
701 807
555 589
563 611
459 564
287 365
1040 1151
1327 1384
484 541
1090 1146
620 697
1295 1378
861 970
258 290
1107 1166
105 160
948 1026
107 127
174 274
953 1058
910 1006
314 351
233 322
365 468
1102 1133
337 398
535 572
152 256
292 373
400 513
741 822
611 684
246 321
366 449
761 858
474 593
879 999
351 471
303 408
1328 1388
984 1048
887 907
1144 1235
662 696
986 1013
526 562
1156 1247
226 243
886 998
1127 1210
133 152
429 439
1000 1076
206 314
679 713
279 331
986 1102
685 760
889 998
1394 1421
686 765
920 935
475 505
874 940
951 1013
1311 1417
175 294
1291 1307
184 269
988 1086
1348 1375
576 677
877 957
1290 1363
277 378
225 244
708 768
991 1002
576 643
326 339
347 395
530 593
1302 1358
393 452
402 494
183 298
380 484
499 595
360 474
1272 1355
1227 1287
1354 1440
666 781
1267 1330
849 949
495 507
857 881
1116 1195
711 729
120 136
797 858
713 724
1109 1181
573 612
338 439
1049 1077
162 282
538 646
1201 1302
180 284
826 869
744 804
1371 1430
976 1036
1224 1268
972 1084
368 472
1107 1135
1090 1120
1247 1265
906 996
826 932
1152 1224
580 682
1080 1107
1046 1066
1072 1192
564 600
409 493
622 678
728 811
1001 1105
162 255
722 817
466 519
1240 1256
467 541
1118 1134
1122 1203
160 255
1201 1294
649 747
476 526
666 768
162 208
748 850
887 931
246 307
1365 1390
873 934
497 542
110 197
1204 1306
925 940
624 641
1017 1107
375 439
1163 1243
525 557
1295 1361
914 935
1091 1188
863 949
657 678
807 855
584 596
663 749
978 1016
878 889
995 1083
676 777
1321 1379
582 607
781 792
205 314
1041 1122
782 882
1286 1311
784 832
155 183
692 771
1252 1288
1052 1116
915 977
1145 1159
451 497
946 976
988 1071
1146 1183
985 1072
1320 1438
1200 1233
693 741
1028 1060
363 414
746 803
807 921
199 226
801 907
253 353
974 997
1315 1372
297 412
1057 1111
413 426
602 616
1088 1141
1090 1206
1284 1315
758 789
876 971
289 307
1311 1339
931 989
555 569
1389 1427
706 734
652 765
265 363
1098 1215
1040 1158
281 301
258 290
516 583
1049 1148
840 921
317 380
239 263
182 278
990 1051
172 236
1245 1333
968 1058
1267 1321
664 708
385 465
936 1007
534 650
1292 1312
265 374
1050 1086
878 946
817 874
359 446
979 1024
1353 1394
1147 1169
458 489
488 605
324 353
796 882
667 779
336 404
703 713
1250 1347
456 520
1015 1049
1270 1379
1113 1137
1138 1193
944 967
1150 1162
462 545
360 446
1208 1286
211 232
109 122
145 204
119 238
277 300
307 318
839 927
191 265
396 481
869 974
1247 1302
1230 1320
637 658
279 290
395 409
1361 1387
640 760
482 558
909 1026
605 641
285 362
413 452
907 1003
411 467
604 616
308 411
1275 1339
787 866
450 472
558 660
1092 1158
101 155
773 795
721 820
1305 1394
1196 1267
983 1076
356 429
1264 1349
1375 1440
1269 1348
124 168
228 315
543 646
928 1033
653 763
718 796
914 990
244 279
486 574
670 767
228 311
665 749
1056 1175
1323 1357
671 776
1111 1230
1063 1080
863 946
796 835
566 667
433 473
633 725
266 305
1354 1408
179 268
583 632
1008 1030
978 1037
1168 1264
1252 1334
342 375
853 897
356 471
872 941
940 1044
335 427
1059 1123
949 1046
1037 1115
354 440
1299 1326
1139 1228
907 939
956 1048
241 322
837 939
975 1028
894 928
603 680
504 588
490 574
1038 1102
1234 1310
1255 1322
1131 1186
1287 1361
310 379
991 1074
1180 1221
346 417
1239 1355
559 675
1384 1440
1194 1256
1361 1400
919 979
1038 1107
645 748
1358 1399
237 264
944 1059
936 950
872 961
876 969
228 274
882 979
271 364
293 402
1038 1137
1075 1133
407 487
1162 1204
330 421
1142 1176
303 361
394 483
1338 1432
1149 1245
789 856
423 463
1393 1440
1080 1102
168 225
1271 1343
1003 1113
965 1000
446 513
195 266
426 437
1232 1265
952 1033
1250 1311
1296 1394
121 196
832 879
321 419
411 516
266 306
411 491
1394 1435
986 1018
162 277
1177 1248
427 511
403 493
153 272
108 191
822 844
515 628
1027 1064
1131 1202
947 1064
1373 1440
536 635
841 872
218 282
369 478
1203 1297
1221 1275
647 712
445 490
835 955
857 938
221 269
941 981
508 570
1336 1440
985 1011
957 1072
379 418
122 217
499 568
516 575
1156 1230
972 1078
459 494
704 740
1225 1297
296 341
1080 1157
124 237
1352 1432
641 761
1294 1391
554 607
1395 1440
867 946
939 1019
736 802
389 472
740 771
558 637
140 178
1070 1153
197 271
362 401
621 653
1282 1305
256 359
1345 1435
813 827
489 544
1087 1151
959 989
1169 1258
268 381
800 875
315 351
1099 1124
1203 1322
631 678
497 535
378 411
132 166
353 454
717 761
1167 1196
1136 1184
193 221
758 772
958 1048
1391 1440
749 827
1020 1097
983 1028
108 212
143 187
497 614
1071 1150
1391 1426
1162 1186
827 846
1281 1396
325 343
174 221
209 226
881 905
1079 1188
597 679
157 276
1265 1287
794 844
1385 1407
688 712
420 442
800 853
856 965
754 767
918 976
413 433
809 859
353 429
871 978
1210 1309
390 429
641 697
1017 1108
1340 1405
652 759
214 317
1084 1203
1007 1030
567 640
1090 1153
655 696
886 983
879 919
1126 1208
468 587
1023 1036
662 779
757 865
290 353
288 363
1062 1092
1004 1027
437 456
698 750
578 660
524 617
1155 1209
349 384
486 507
1098 1171
217 277
1042 1140
844 888
104 188
1000 1105
965 1031
776 809
173 183
849 955
701 803
628 730
1334 1440
134 179
492 521
309 325
357 472
878 914
1034 1136
813 880
781 808
385 448
414 516
726 769
178 256
138 206
1378 1422
1294 1369
311 428
144 262
1286 1300
753 820
900 987
1326 1414
1303 1365
978 1000
256 289
1016 1128
875 910
900 985
539 604
1033 1101
579 691
276 343
684 779
1000 1118
1178 1222
619 717
342 426
412 518
1168 1286
599 617
1308 1328
171 210
862 908
814 900
622 679
589 641
525 564
1226 1330
785 826
435 516
1227 1293
405 493
524 644
827 898
1354 1440
489 574
268 333
383 440
1110 1162
1243 1258
731 802
1258 1374
1069 1139
967 1086
1038 1137
1019 1059
813 920
1026 1108
1036 1115
145 263
1284 1330
605 635
788 823
1224 1258
953 1068
625 744
1259 1307
871 920
326 413
773 820
1293 1400
258 334
1294 1352
758 847
1146 1260
348 431
1365 1418
871 894
903 975
925 945
943 1041
1076 1157
362 467
1361 1424
757 773
822 895
794 837
287 315
558 624
599 623
929 998
1303 1388
377 467
241 259
782 820
754 771
1140 1255
488 575
1064 1078
414 483
582 592
852 868
236 324
1112 1185
1380 1421
1021 1049
475 555
1211 1223
1250 1345
1074 1165
1374 1418
532 580
164 252
648 694
692 799
147 254
833 922
1289 1377
886 989
1363 1421
1308 1347
446 475
418 432
478 535
567 603
930 1047
1355 1377
529 571
733 757
1349 1436
1200 1252
1204 1313
1091 1158
1172 1205
335 347
866 898
729 740
469 576
998 1093
210 281
445 519
609 668
326 390
236 336
261 380
289 390
303 387
1277 1317
1297 1337
1228 1344
583 633
253 322
392 482
451 548
811 910
1330 1389
1286 1313
211 226
562 633
498 595
806 843
1205 1261
140 226
707 727
460 511
842 866
789 879
238 248
675 710
788 824
107 205
1201 1278
1284 1400
1332 1399
1028 1134
574 595
1055 1065
1231 1246
661 734
512 551
1005 1101
581 606
520 546
242 361
955 1036
224 234
869 950
739 772
999 1070
1337 1414
517 626
569 620
112 215
626 651
106 137
498 547
853 935
750 829
817 891
957 978
104 130
247 357
966 984
1322 1437
222 242
122 182
489 510
815 876
1013 1079
175 231
568 653
491 503
561 662
1249 1330
480 555
1385 1440
274 302
1268 1295
1168 1288
364 477
503 602
1120 1145
513 525
171 198
1357 1375
634 668
440 490
1162 1210
786 900
999 1086
1361 1376
986 1037
996 1071
487 550
293 303
406 450
644 732
980 1047
688 800
1183 1246
808 868
356 432
258 324
1320 1388
895 975
353 386
1214 1317
1256 1293
1029 1116
979 1016
1257 1278
1286 1335
382 484
863 980
192 245
1158 1253
755 771
1074 1189
951 1039
784 882
235 317
1217 1314
955 1001
1392 1426
875 974
947 991
1032 1047
428 507
1084 1186
1334 1400
1352 1440
192 238
699 710
610 683
1348 1440
299 416
882 928
1043 1091
1328 1430
1204 1277
1294 1389
1276 1378
742 778
710 782
209 315
191 302
437 528
1199 1214
541 645
697 769
1000 1103
919 941
1194 1255
324 418
1318 1362
1040 1135
271 296
298 388
797 913
1084 1110
663 729
874 983
1323 1407
1292 1378
212 262
508 531
1118 1184
664 715
147 259
1211 1276
1151 1222
1143 1197
123 143
1012 1054
534 595
476 566
489 597
836 916
723 790
663 673
688 738
1234 1304
409 473
443 560
1309 1367
274 295
673 790
993 1071
582 694
586 616
992 1013
199 256
1312 1370
1249 1283
503 553
1299 1379
246 364
677 784
376 409
1396 1423
1094 1124
575 668
1189 1290
702 718
109 185
1320 1435
833 843
1243 1263
877 894
1237 1342
350 445
692 740
276 396
596 628
142 184
728 748
728 809
219 282
1102 1160
764 810
654 706
548 607
623 643
1038 1102
975 1011
431 496
695 708
462 550
1098 1207
957 993
444 537
986 1006
993 1060
1104 1182
147 199
1375 1388
1005 1109
537 563
726 756
157 217
135 204
391 415
468 502
272 329
217 313
354 371
1216 1235
803 866
1294 1389
1058 1074
214 292
1158 1253
649 684
1231 1313
895 1013
389 447
1179 1282
340 358
1045 1110
564 624
241 324
595 703
653 736
699 794
107 167
125 210
191 306
1279 1392
190 294
541 554
670 781
879 911
228 341
702 757
154 212
246 322
979 1063
1356 1432
582 654
1018 1031
1355 1432
694 800
415 437
502 589
1084 1097
937 982
1366 1406
132 210
970 1017
553 575
266 333
460 506
510 592
710 788
363 419
1072 1130
1199 1210
123 173
1356 1440
1177 1260
615 698
539 605
362 406
548 612
852 879
435 488
993 1054
1313 1361
276 367
1279 1370
1226 1315
763 796
497 564
1171 1233
150 240
1339 1390
234 277
971 1011
686 710
822 874
262 293
978 1050
567 609
1257 1285
821 875
881 934
407 527
1089 1178
1076 1136
719 761
194 256
1345 1373
1292 1330
715 828
688 775
1191 1245
320 435
1136 1183
1332 1440
750 772
1199 1209
578 652
1286 1370
1360 1440
1014 1103
1245 1303
533 587
510 600
473 496
179 252
441 541
1355 1381
270 295
661 778
1372 1440
741 851
271 323
1056 1071
664 689
255 313
758 860
194 295
1017 1131
558 598
776 896
872 898
624 736
750 765
317 341
492 559
299 399
801 853
755 867
1086 1103
264 370
1354 1382
938 963
713 739
528 616
1249 1340
624 701
960 1062
639 742
1252 1283
711 803
1320 1356
1153 1246
1048 1058
508 531
1070 1162
955 1020
930 1029
586 672
497 528
1025 1092
207 237
351 403
330 354
123 143
437 492
819 844
1306 1349
515 554
1187 1296
299 349
128 188
1350 1430
1185 1240
1279 1358
725 788
692 755
302 354
439 502
511 536
805 852
1164 1196
177 287
470 507
683 715
187 242
374 403
610 638
417 470
1035 1085
888 917
1311 1334
1088 1147
550 668
694 710
815 897
575 623
713 827
1282 1316
621 632
1007 1097
1237 1292
104 176
1223 1273
656 694
699 769
1042 1095
791 893
670 789
327 427
292 383
161 240
718 812
383 465
1345 1375
448 554
283 363
932 994
1141 1258
209 329
724 822
539 656
544 587
275 310
1274 1394
756 813
930 995
775 786
224 306
728 786
936 1015
577 610
172 263
386 448
1399 1431
408 424
1051 1087
460 530
1120 1130
889 941
365 450
679 761
433 481
861 884
997 1094
1149 1223
1227 1313
165 283
1354 1371
1194 1262
407 485
600 627
1138 1227
866 884
758 827
1046 1145
243 299
240 325
741 796
1281 1339
611 652
300 363
374 452
234 305
136 175
914 992
1272 1379
676 718
1158 1169
1220 1248
834 914
524 600
744 831
769 877
652 741
474 512
224 289
621 698
696 727
1107 1126
1213 1239
395 514
1250 1279
536 637
464 541
1009 1037
341 425
868 981
268 325
866 966
1223 1297
919 970
787 897
1161 1191
503 519
854 918
1040 1111
656 692
161 187
744 855
1234 1263
566 618
1146 1177
332 436
1056 1166
1028 1131
1139 1196
1252 1341
869 944
658 683
304 351
1216 1263
560 648
230 339
1197 1251
537 585
1329 1413
156 200
1105 1154
505 611
1087 1112
346 458
698 789
715 808
962 1001
1310 1347
799 900
301 392
728 740
448 462
821 867
826 919
880 998
1247 1325
517 533
805 915
1114 1162
131 184
1160 1176
1113 1225
1049 1134
396 472
1295 1326
1051 1080
755 808
1190 1307
791 910
1331 1345
1185 1271
882 898
567 657
288 329
831 945
999 1010
1142 1218
137 173
175 189
825 899
1008 1107
905 938
1153 1196
553 639
238 285
539 582
713 739
641 731
198 314
403 457
1119 1202
1318 1396
1241 1299
1264 1321
195 275
174 279
353 425
988 1000
575 648
135 217
600 706
1189 1281
734 771
1132 1228
265 314
1094 1162
259 365
596 657
1116 1236
1084 1114
594 689
809 857
957 1022
1212 1248
1022 1060
759 831
296 350
237 282
792 888
520 638
1241 1304
504 541
1102 1184
1075 1153
1386 1440
521 540
605 640
997 1031
369 421
1326 1357
1194 1270
669 759
812 906
727 805
1062 1129
748 792
348 390
465 524
941 977
621 740
134 189
525 583
1183 1246
845 926
1364 1381
871 982
1385 1440
586 682
1206 1252
1297 1354
613 692
256 312
805 915
1181 1256
1286 1321
326 443
785 867
1314 1371
1151 1204
786 836
587 683
726 846
1298 1327
1153 1221
512 604
190 297
637 728
937 968
1366 1440
652 701
268 360
586 601
815 932
301 320
1292 1326
179 265
851 905
1064 1164
518 589
1004 1052
876 983
1342 1357
1206 1315
510 612
975 1011
871 918
1211 1261
701 785
672 778
736 766
229 319
953 1026
589 681
582 636
759 808
298 319
672 764
1269 1311
1066 1145
1331 1438
1055 1144
766 879
1358 1440
160 180
291 381
680 783
1199 1220
507 567
926 961
1137 1211
896 913
583 675
1278 1390
271 387
1289 1389
1278 1335
1325 1405
816 870
888 991
1301 1312
891 914
1363 1385
1146 1183
105 180
205 241
1113 1207
372 456
127 215
1275 1367
656 757
139 236
587 686
808 911
1122 1182
734 839
276 343
283 312
441 558
146 179
1023 1049
1114 1190
407 499
437 510
351 393
425 465
461 560
678 747
272 317
386 502
373 407
382 453
657 758
868 885
189 270
977 1050
1171 1230
875 912
602 634
267 282
699 807
1004 1032
424 454
652 760
944 965
556 618
272 374
349 449
208 297
521 605
564 663
631 724
427 485
292 374
292 410
195 220
396 409
1313 1342
1197 1287
1137 1167
874 897
1367 1417
103 174
461 483
930 970
1393 1440
575 681
154 243
826 878
809 910
944 971
551 594
1049 1078
134 222
291 339
862 969
614 626
1004 1085
442 469
674 746
398 510
735 802
289 367
434 472
633 701
1133 1174
530 554
601 671
1241 1262
1169 1194
881 928
629 727
795 813
616 650
818 916
478 593
554 671
152 222
932 1014
215 237
455 574
510 569
1301 1329
600 641
318 345
721 791
655 721
733 759
1012 1086
720 776
1231 1314
1318 1415
350 401
995 1050
175 273
1044 1109
484 570
851 887
426 545
1192 1266
1166 1250
1124 1164
714 741
350 401
929 1030
462 551
1076 1128
1132 1207
649 716
285 388
466 573
1189 1225
1106 1119
943 1005
1283 1372
157 226
360 453
1327 1393
182 302
1366 1440
1250 1301
132 198
1105 1182
733 852
634 672
1247 1339
898 1014
653 768
1077 1125
313 410
1246 1362
310 403
1316 1337
714 773
158 198
802 883
872 960
472 560
819 884
567 590
170 248
396 460
115 222
1237 1272
1215 1239
979 1008
1311 1388
802 896
1149 1221
1263 1344
1202 1266
1044 1130
1270 1303
1298 1311
107 208
414 499
363 417
249 331
943 1032
1142 1167
856 951
1379 1440
1213 1260
815 833
1120 1156
291 301
338 399
772 861
122 150
1249 1343
204 294
1265 1306
736 821
420 488
652 753
1386 1437
572 608
952 1004
1082 1173
1253 1362
743 814
551 619
1309 1322
390 441
631 731
469 534
1013 1118
1381 1440
360 371
627 677
844 911
1061 1144
423 500
719 799
693 793
1351 1424
524 575
1080 1114
530 622
948 993
1243 1290
976 1007
1007 1044
516 619
564 636
1182 1247
216 239
1155 1194
977 1021
1352 1416
328 375
731 793
677 748
387 502
640 652
364 464
1033 1112
146 180
1244 1265
278 296
816 925
1046 1091
788 826
378 409
1389 1440
460 524
668 703
803 884
985 1024
1329 1355
137 221
1388 1412
951 1059
208 221
1268 1336
395 466
101 133
284 352
324 373
692 738
1111 1220
262 304
747 829
375 405
233 257
157 220
455 506
447 538
661 722
174 294
868 955
409 514
276 330
470 505
1239 1297
568 686
884 899
800 870
517 545
809 836
639 656
144 189
1041 1106
188 288
1008 1052
1241 1358
