10000
237 269
825 854
412 434
547 571
522 559
1048 1072
1079 1093
430 455
371 413
1081 1123
1386 1407
585 627
1377 1388
769 812
1270 1299
663 681
1398 1434
829 860
439 455
251 277
985 1024
82 101
23 67
1114 1149
759 786
962 1001
1037 1068
1120 1158
279 315
426 462
936 979
1029 1055
538 572
1191 1236
223 248
696 708
612 656
129 172
1068 1083
212 243
224 238
466 503
127 165
359 402
1400 1440
236 267
1034 1076
629 671
840 884
25 70
912 929
126 159
170 204
510 550
170 204
762 778
1154 1182
1217 1245
794 808
438 474
640 657
1344 1389
1010 1034
798 830
692 707
529 567
836 850
759 797
1193 1213
426 443
824 861
636 675
570 595
1318 1337
1047 1060
145 162
391 436
146 178
261 288
344 355
690 700
432 455
550 589
143 157
47 68
513 550
631 646
364 392
935 963
87 129
445 468
1263 1299
1265 1304
1238 1274
1096 1134
790 822
1171 1200
1209 1222
1187 1197
59 86
162 186
465 491
192 236
890 932
962 989
1006 1027
958 975
598 613
712 724
687 725
1067 1096
1099 1115
1089 1114
1099 1133
752 786
364 405
655 670
727 759
1374 1409
574 601
646 669
50 78
593 612
891 909
1025 1036
979 996
1168 1184
525 551
1378 1395
457 482
43 55
1026 1059
1060 1073
137 163
238 264
1355 1390
393 408
994 1010
1185 1217
35 71
84 107
526 537
1203 1238
688 703
524 538
908 938
1104 1141
353 376
354 393
94 115
1106 1151
115 149
965 994
1306 1341
667 693
338 351
583 619
355 388
91 128
337 367
561 592
1376 1394
368 390
380 424
1142 1164
517 528
316 354
96 116
1162 1192
600 639
1137 1157
278 313
572 603
787 810
953 992
986 1016
957 992
894 931
718 745
937 963
1174 1205
1334 1353
408 442
263 307
1222 1246
619 637
294 328
1398 1414
743 755
1062 1078
76 119
1368 1385
913 949
1060 1088
1082 1127
643 684
297 335
1331 1376
552 577
1086 1125
1078 1122
786 828
292 326
1297 1308
376 414
1210 1252
713 747
61 92
195 216
1151 1190
471 494
20 53
1357 1369
996 1037
694 733
1058 1090
1076 1102
66 91
890 902
300 315
604 643
853 893
1221 1238
1396 1425
469 509
1296 1314
865 890
334 371
1203 1213
1027 1065
44 67
1116 1147
399 415
169 206
992 1010
682 712
184 203
446 490
614 629
594 604
900 921
658 696
953 982
1188 1199
1244 1279
973 995
369 386
258 282
899 913
657 689
867 907
431 457
1296 1326
796 815
127 164
187 203
73 84
1140 1171
429 462
433 462
1274 1304
513 527
588 615
676 721
200 210
891 920
918 928
58 90
1280 1311
1160 1181
659 690
207 221
639 663
1079 1117
911 942
683 727
34 53
1069 1112
987 1007
940 970
1306 1330
1278 1307
52 77
147 178
60 80
1196 1223
2 40
201 243
140 150
1176 1200
639 660
1387 1402
1388 1401
295 334
958 980
565 598
587 609
1076 1100
439 450
158 192
382 400
1024 1056
331 342
870 914
902 916
195 217
960 973
646 691
606 633
594 611
1289 1311
11 31
466 506
931 976
466 503
826 861
1165 1180
988 1009
892 926
1184 1199
1294 1325
1179 1197
48 70
1073 1115
560 596
1252 1269
845 856
544 558
920 965
46 73
1233 1259
793 826
1135 1155
492 516
1090 1113
860 880
1197 1234
633 675
887 900
1198 1233
437 468
1096 1106
238 261
1118 1135
1356 1367
360 385
1344 1354
1244 1284
258 298
350 364
1080 1110
1315 1331
967 988
816 843
212 227
1372 1382
217 238
636 659
1054 1075
157 185
1297 1324
783 811
1323 1343
1130 1141
123 155
1284 1302
840 873
487 517
102 121
1270 1306
122 141
528 563
269 303
2 12
294 312
824 851
168 184
1393 1428
8 52
930 952
1275 1305
362 385
847 876
1333 1357
55 96
631 671
1269 1290
233 273
1205 1246
886 904
633 649
1090 1119
662 698
952 987
966 977
1263 1282
644 684
667 677
433 461
649 680
914 929
844 883
145 167
116 158
969 1004
643 655
1060 1097
771 798
850 894
1379 1405
1201 1243
137 163
889 921
306 342
348 360
943 987
967 977
74 111
1278 1313
1090 1135
1000 1045
348 386
1065 1076
213 256
131 176
52 89
1334 1354
814 852
1398 1440
638 680
527 552
373 401
166 199
490 525
924 968
278 297
714 727
84 98
138 169
532 557
1035 1057
1169 1181
347 385
1214 1246
829 839
433 459
1011 1052
363 398
738 754
637 648
1397 1418
869 912
243 280
595 623
62 92
579 604
156 188
847 873
540 576
1361 1385
184 208
459 479
1111 1128
1248 1283
816 855
1151 1165
381 403
255 294
791 820
1069 1088
678 698
1030 1060
70 84
1359 1394
493 506
361 384
1117 1160
754 780
949 959
1273 1296
821 852
1157 1194
759 795
1063 1104
34 68
27 42
380 417
307 348
633 655
701 716
545 561
1153 1192
291 327
765 791
1252 1285
1332 1344
1028 1039
51 87
167 183
114 151
226 237
1149 1193
947 983
272 290
1249 1274
646 678
925 963
1064 1081
1363 1389
854 878
319 359
661 701
1291 1308
1074 1099
304 332
544 581
1165 1210
330 346
1249 1266
119 143
1167 1180
638 660
489 531
676 698
513 541
294 309
319 354
332 349
223 259
974 1006
1031 1067
1122 1137
654 699
1017 1034
317 359
886 926
1287 1320
1021 1062
882 906
1011 1040
810 853
964 1003
695 714
148 188
1314 1335
1256 1294
883 912
963 978
107 144
386 420
1311 1336
589 613
1161 1197
190 215
1163 1194
861 902
52 83
1355 1367
571 615
882 909
796 811
658 673
1387 1410
265 302
742 759
485 509
1197 1216
1257 1299
654 693
853 865
1369 1405
1072 1099
338 348
1181 1226
1022 1038
214 224
18 43
396 422
453 481
914 935
258 281
555 596
1003 1030
1059 1102
944 962
354 377
531 541
815 848
304 337
909 932
143 174
986 1014
490 519
216 249
273 292
78 92
495 540
454 471
40 82
441 468
722 761
750 769
208 223
119 139
1307 1348
295 306
1315 1346
631 648
706 744
479 519
774 798
790 810
1017 1035
1208 1223
1071 1089
1329 1372
1373 1410
777 790
1021 1038
740 784
1038 1063
787 797
987 1014
5 44
1281 1294
1161 1185
757 799
961 979
764 787
278 317
368 407
1172 1216
774 805
1378 1390
861 873
828 870
1088 1125
887 911
879 899
874 900
658 678
671 685
1148 1158
321 347
488 515
509 533
407 422
66 89
1037 1070
1316 1333
673 718
119 161
1104 1138
1360 1383
1052 1079
984 995
762 788
594 629
851 868
662 696
336 368
1103 1119
794 830
69 80
636 646
369 393
895 917
7 24
469 499
1094 1124
63 95
1377 1419
113 128
395 430
607 643
1072 1086
1119 1149
745 770
877 894
465 493
759 790
1300 1317
1284 1299
14 45
810 830
1065 1097
697 723
768 780
1292 1325
245 285
294 320
1051 1062
1311 1325
696 721
1211 1255
773 791
508 526
878 900
909 941
254 293
1221 1232
1395 1432
949 960
873 912
368 411
512 547
827 839
707 749
955 965
622 650
6 37
663 690
793 823
736 752
704 717
728 745
526 551
1370 1407
1345 1370
581 592
191 225
125 152
432 474
1386 1420
759 796
719 761
594 607
874 887
1201 1226
808 823
980 1015
781 801
1226 1269
1267 1292
808 837
549 567
146 187
342 367
929 971
1396 1417
185 199
140 183
1179 1213
775 802
859 879
1124 1137
521 533
1249 1274
1335 1367
856 871
368 381
260 288
41 72
77 98
1313 1344
1323 1341
466 478
1229 1258
1162 1196
1323 1344
995 1032
362 385
448 468
226 258
778 792
302 314
179 207
402 425
1275 1301
16 41
1099 1120
200 233
291 329
296 332
714 757
151 189
904 947
24 67
1002 1012
444 473
4 48
673 702
1301 1344
102 113
1325 1358
1315 1336
552 591
137 151
1270 1281
197 226
379 423
906 934
862 900
1116 1157
1165 1191
920 963
1049 1078
329 349
1281 1311
928 967
879 896
195 234
1249 1274
371 381
1022 1039
1041 1074
575 586
1035 1072
1033 1053
1143 1164
1108 1133
1252 1273
217 240
95 128
655 694
1135 1178
444 464
297 335
842 883
244 260
84 99
397 432
457 485
80 92
48 90
246 261
26 66
1208 1237
376 409
980 1022
363 385
725 765
1139 1184
324 341
269 312
1339 1353
980 997
865 885
810 840
9 31
84 109
1329 1357
260 272
229 270
1228 1242
1336 1362
540 551
614 634
924 957
1243 1253
734 777
782 812
250 279
463 507
1030 1053
1287 1309
1048 1079
814 853
1352 1370
935 949
603 633
122 166
309 322
162 192
1047 1058
1157 1186
199 242
171 193
466 490
407 431
819 840
194 232
142 152
959 977
756 789
647 659
1341 1361
1301 1316
945 971
188 219
1199 1233
865 905
438 452
905 943
736 767
268 291
1138 1181
1081 1113
1332 1347
1254 1287
1016 1056
1166 1211
812 825
1256 1284
766 792
73 108
1061 1087
514 526
320 330
546 571
1174 1190
268 304
625 637
545 574
89 108
35 79
720 757
1275 1286
349 364
104 120
902 924
469 512
800 831
303 342
205 234
1301 1340
777 813
897 920
217 229
623 662
1257 1295
302 332
397 432
1280 1313
119 161
859 903
1098 1117
416 429
491 534
1113 1129
1120 1153
909 928
55 93
790 819
1077 1088
382 413
1141 1156
998 1039
473 515
1087 1100
768 799
440 468
252 263
1325 1355
191 203
1300 1343
1182 1225
34 76
539 565
1330 1348
344 385
1259 1298
172 202
198 213
1366 1403
878 901
1267 1302
517 544
1246 1287
1186 1221
501 539
416 458
1105 1145
12 40
172 210
920 957
515 552
1182 1224
1028 1071
103 124
917 945
473 507
171 201
507 547
184 211
565 593
942 953
817 829
124 151
1391 1421
730 773
1062 1085
228 254
435 479
78 106
670 701
854 886
1112 1153
602 617
420 430
379 412
634 652
4 17
232 270
534 556
882 908
981 1005
1124 1156
68 104
36 49
612 626
1331 1358
1355 1379
616 638
1227 1264
1392 1436
133 170
1039 1068
1247 1287
380 400
47 62
829 865
204 220
1396 1417
828 840
506 518
798 842
1315 1360
29 50
1118 1152
1294 1334
1053 1085
237 256
255 270
1233 1271
1071 1101
621 666
988 1024
766 777
625 649
831 858
675 692
1177 1190
294 337
1015 1049
227 237
595 631
839 878
769 802
760 786
145 161
291 332
1073 1088
411 456
132 175
468 478
1255 1290
820 855
639 663
792 827
662 695
396 418
607 621
721 759
184 197
207 229
1059 1074
318 346
980 1007
767 803
140 180
1252 1280
1250 1274
457 486
461 504
662 694
37 69
562 590
85 97
1259 1298
1098 1120
667 704
516 532
507 548
823 844
94 105
817 854
1182 1212
266 304
93 135
1205 1227
860 873
450 489
727 752
1134 1163
420 438
629 654
291 328
1078 1094
870 890
722 749
940 967
518 538
1197 1232
1033 1054
1006 1038
888 925
767 793
884 919
910 939
107 150
989 1002
95 123
1017 1049
522 555
576 616
611 628
883 923
1339 1373
269 314
370 402
935 958
373 388
927 944
835 853
847 866
1186 1197
200 231
422 447
362 402
822 832
223 246
552 570
157 192
451 472
1067 1081
649 670
1377 1415
880 899
945 976
1149 1185
938 954
402 433
678 722
1386 1431
364 389
585 616
273 291
960 986
1103 1144
598 622
813 827
167 187
73 108
499 531
637 669
1399 1440
466 496
1277 1313
933 963
77 94
10 22
1155 1173
1003 1016
576 616
95 111
1221 1235
257 285
374 394
1239 1283
1188 1213
266 284
505 517
794 822
1374 1408
90 113
1210 1240
1366 1409
426 467
30 71
474 496
1123 1165
571 611
33 48
486 531
345 386
488 520
438 460
295 338
1159 1197
342 366
1201 1211
843 880
985 1001
1334 1366
1187 1223
230 244
676 717
1001 1014
685 718
251 289
1209 1230
972 1008
433 463
380 396
262 293
817 853
815 854
566 591
56 73
1115 1131
192 204
363 398
1137 1179
347 390
1299 1343
807 836
285 299
1322 1350
827 861
37 59
264 301
985 1028
411 453
986 1029
334 347
1265 1297
713 729
60 93
1351 1364
1316 1329
1309 1324
540 573
309 332
1164 1196
42 53
332 352
332 357
548 566
95 130
136 168
673 716
1229 1245
1220 1240
88 121
1370 1405
283 296
1143 1154
332 350
238 260
483 496
894 929
493 517
368 392
910 953
982 1021
639 659
265 307
403 414
125 160
738 756
1097 1116
85 100
195 213
1160 1188
455 500
1290 1303
583 624
883 924
44 82
676 714
37 60
952 980
1358 1370
1135 1156
175 196
922 951
936 970
1380 1392
355 368
1224 1237
759 778
752 771
947 992
472 485
966 1005
386 420
422 443
399 434
453 482
1322 1341
1194 1215
1385 1409
828 867
801 833
1236 1276
140 158
866 881
173 205
613 630
1324 1350
723 753
376 421
1360 1375
1270 1291
596 607
653 683
258 274
514 557
58 86
1213 1224
377 414
5 25
92 128
378 421
880 895
24 57
853 881
1300 1345
575 600
843 861
269 310
931 963
1134 1175
1075 1098
1314 1330
60 102
732 754
372 387
72 100
105 132
971 981
1108 1150
994 1010
403 446
700 711
95 107
689 714
576 602
546 562
1339 1360
12 45
873 887
308 332
761 784
1142 1186
369 397
1296 1309
208 223
748 774
770 780
79 120
407 426
279 296
738 752
784 802
772 798
338 354
1385 1408
1078 1107
927 966
1180 1215
1048 1083
693 731
764 804
1071 1085
187 221
139 171
301 313
164 179
873 885
525 564
378 397
401 413
554 592
1272 1293
912 927
764 795
471 491
77 118
1196 1208
647 690
1309 1352
280 325
1241 1277
8 33
318 348
618 645
1058 1090
1352 1364
940 973
751 763
316 329
40 65
703 720
1007 1018
285 316
45 83
1253 1285
467 480
360 376
85 108
810 837
338 358
557 575
853 887
223 253
914 945
1104 1139
77 89
188 221
800 835
707 725
504 533
149 188
563 603
559 593
843 868
1149 1190
584 598
503 530
619 645
825 866
1363 1400
790 832
894 910
1341 1384
1038 1056
1077 1088
652 677
940 960
180 215
102 144
280 307
1013 1028
1278 1308
704 716
40 81
651 688
961 983
804 814
1154 1177
161 181
320 338
303 314
1100 1119
1059 1098
678 692
1065 1095
1004 1042
1269 1314
908 943
976 1014
574 598
1025 1063
441 484
1088 1110
444 459
1038 1058
1217 1232
948 962
228 255
462 502
216 252
1353 1388
346 371
541 569
1268 1299
526 537
258 295
1144 1155
1379 1408
1236 1252
64 104
136 149
1032 1043
717 743
650 691
698 708
1374 1408
326 354
1027 1047
705 742
355 373
616 640
960 973
1035 1062
1179 1195
1049 1074
358 378
943 977
1150 1191
460 486
204 244
1279 1313
996 1033
1303 1343
834 846
649 668
1152 1183
1302 1331
1206 1228
1343 1359
190 200
407 443
1063 1094
251 286
538 580
1230 1265
399 417
1056 1086
1165 1183
1052 1089
303 334
272 285
290 331
719 750
1120 1136
1024 1050
810 853
224 236
891 912
568 585
418 449
1174 1210
585 602
265 280
868 890
1274 1318
1057 1091
1204 1223
726 737
1027 1059
734 774
435 447
1037 1072
530 565
97 129
2 42
517 553
1022 1065
748 771
798 816
993 1016
351 389
1386 1409
317 340
1106 1151
1324 1337
653 683
914 930
220 264
1093 1117
194 232
1372 1412
798 832
1015 1032
987 1002
1042 1059
1314 1356
687 724
1177 1222
37 55
739 754
472 501
716 749
700 739
36 64
332 354
1200 1225
783 802
758 768
440 456
272 285
182 204
324 358
1342 1371
665 680
1255 1292
767 807
699 741
657 680
937 963
668 678
158 186
1038 1051
521 565
926 950
81 95
113 154
869 897
756 780
272 289
353 390
64 96
1284 1302
731 774
434 476
4 47
338 373
246 274
247 265
719 754
1314 1328
494 529
101 122
948 975
96 134
358 377
604 632
719 750
485 520
24 55
339 352
128 164
412 423
299 321
730 762
42 72
352 378
364 376
722 750
1398 1416
799 836
381 424
1328 1344
1117 1146
327 354
410 421
86 113
572 603
156 190
1105 1137
1196 1239
953 964
308 337
143 177
1011 1052
770 806
990 1034
1375 1408
618 647
1075 1095
921 966
150 171
699 714
1355 1397
453 471
1162 1187
686 721
482 526
270 283
286 306
1080 1109
1385 1413
936 981
1070 1095
806 836
1309 1331
1244 1288
916 947
372 410
1261 1305
599 626
620 646
149 188
21 50
168 210
83 108
329 371
31 72
151 176
807 823
674 711
1297 1313
797 835
1369 1396
119 145
7 22
691 711
846 890
456 483
1347 1357
1098 1123
1167 1178
86 122
49 64
1079 1104
774 807
1374 1401
934 948
426 442
1020 1044
1362 1384
1053 1066
1354 1366
657 697
1146 1178
1095 1108
599 642
675 716
1101 1144
421 449
408 446
788 810
34 79
1174 1207
233 255
474 498
638 658
1295 1332
153 192
578 597
1096 1140
651 689
1266 1294
1268 1279
398 437
1291 1321
1292 1334
315 352
1287 1326
1013 1050
1225 1246
21 43
1357 1398
819 859
670 708
688 732
662 699
452 486
539 560
324 349
91 110
871 896
359 397
1249 1267
1006 1047
535 557
556 587
1255 1274
997 1009
179 197
1109 1139
88 110
225 242
95 124
1293 1324
1149 1183
55 75
145 184
1283 1306
1016 1027
854 874
557 572
161 197
1098 1131
728 770
640 683
1318 1338
565 579
1061 1087
520 550
292 336
1216 1250
512 542
1262 1300
1299 1334
955 975
971 1011
247 268
1390 1431
634 655
347 380
225 253
1041 1064
459 484
560 591
1110 1122
1168 1179
1185 1206
65 106
374 396
229 246
464 481
198 236
23 59
44 72
15 46
944 962
94 121
1354 1396
1102 1141
155 195
365 402
897 942
464 486
81 107
690 712
430 451
362 403
997 1011
1231 1269
660 688
1223 1240
289 309
220 241
580 612
982 994
709 738
225 243
548 577
1278 1309
787 824
678 714
1081 1100
1368 1413
1135 1174
308 323
1347 1377
230 275
1245 1259
984 1022
963 1007
312 349
289 305
511 535
657 692
1098 1133
350 366
683 713
991 1020
313 352
1110 1131
199 239
769 780
333 378
337 351
480 504
971 1010
489 515
647 680
1192 1208
427 442
929 955
528 538
867 910
597 616
929 955
31 66
553 594
575 613
649 670
1278 1288
953 976
149 193
160 193
1047 1057
987 1001
712 724
449 466
911 926
26 50
331 370
238 265
744 762
1086 1114
632 650
1223 1237
41 59
1360 1396
1351 1390
404 444
613 625
1196 1232
432 467
471 513
1010 1033
108 139
364 400
1360 1390
576 598
881 903
855 895
212 233
864 901
222 249
692 733
1232 1262
790 823
519 544
553 579
1129 1163
434 473
1005 1039
667 694
165 181
112 140
1111 1133
578 623
212 225
1073 1084
715 736
539 579
492 534
200 244
102 132
462 479
831 859
537 551
748 768
193 212
1317 1359
591 633
1000 1016
1163 1198
947 974
919 931
1202 1217
143 176
701 737
85 114
1071 1090
882 902
183 194
559 582
416 431
579 591
617 652
353 366
959 989
261 281
983 1017
1285 1324
291 309
38 60
677 721
405 425
1131 1165
826 854
872 911
507 551
602 619
857 876
960 974
386 399
891 910
233 270
241 268
969 995
425 441
1145 1159
184 223
817 849
111 145
904 935
1266 1301
103 130
173 207
72 94
580 602
1373 1383
665 676
1359 1392
1348 1391
796 809
411 441
222 235
650 665
274 308
1053 1086
1198 1213
1144 1169
38 77
577 612
878 898
1266 1284
839 861
1310 1349
562 594
1097 1126
223 235
1304 1317
55 65
981 1007
781 806
147 186
1396 1435
841 864
559 586
601 630
980 1003
531 576
974 1012
328 349
633 649
414 428
1296 1334
577 591
898 912
957 988
75 96
234 253
1167 1186
402 427
46 71
238 283
1101 1137
1243 1287
970 987
779 813
353 387
732 766
352 368
1374 1403
672 714
510 539
198 234
1243 1284
602 628
546 570
1171 1214
80 122
960 999
584 614
776 819
218 244
767 811
756 794
1080 1092
528 573
196 225
1132 1169
303 318
378 409
793 830
796 829
1116 1128
570 591
1328 1372
1227 1270
372 407
636 649
1156 1180
695 706
65 81
203 228
284 317
683 697
171 197
919 951
188 226
955 968
877 922
666 710
787 831
397 428
573 585
1216 1251
524 551
879 901
983 1011
1386 1417
782 819
678 694
328 342
1121 1151
1301 1314
1368 1387
114 127
1267 1285
929 948
629 653
573 593
1313 1349
542 555
865 901
575 596
1159 1190
770 809
505 542
718 744
1199 1219
670 687
687 704
450 466
1274 1284
59 87
950 986
911 953
1053 1067
864 901
839 882
659 685
1160 1179
1012 1030
539 578
1015 1045
801 812
920 932
110 147
1353 1382
914 959
244 288
1092 1104
739 757
1371 1406
148 183
1378 1393
1036 1081
784 803
346 361
1222 1264
424 437
358 374
1324 1368
207 251
937 972
1004 1014
136 176
408 447
1012 1024
932 967
1077 1102
298 336
377 420
1057 1075
388 399
1204 1245
1059 1072
350 388
304 322
103 121
790 818
1142 1163
77 89
638 659
448 482
557 593
828 851
22 56
1212 1233
112 153
192 226
1329 1339
182 210
663 677
238 264
1134 1153
164 191
402 416
591 624
527 565
192 202
504 528
417 451
532 567
954 991
661 693
1344 1354
697 737
944 969
321 345
548 576
19 58
623 635
399 444
849 862
35 77
910 950
1366 1387
1256 1283
142 181
692 730
1253 1277
782 804
649 674
686 699
645 660
835 858
96 140
1068 1082
1265 1275
1040 1074
973 1008
844 858
685 707
295 334
943 973
433 449
886 900
1323 1363
492 515
60 98
137 155
921 954
462 482
1299 1342
1124 1146
1347 1386
149 181
294 328
1175 1212
1313 1336
278 293
1220 1244
842 858
428 457
948 961
1282 1326
1360 1397
1233 1250
379 389
223 244
818 841
455 466
209 238
740 774
1010 1025
430 440
842 857
254 275
165 178
966 1001
1236 1268
1345 1385
1249 1278
284 322
919 956
766 798
1189 1233
515 535
94 132
1272 1294
965 1009
18 33
330 343
931 961
452 467
1258 1286
108 138
842 886
1236 1256
1175 1212
73 109
987 1010
689 715
428 446
552 581
1350 1374
474 503
1154 1168
1091 1113
1084 1106
1307 1327
422 442
162 205
473 488
664 698
1384 1412
839 861
555 592
177 205
1046 1072
1079 1107
801 840
187 230
733 749
269 282
181 195
281 312
1298 1309
1079 1123
4 39
1264 1280
988 999
1306 1342
1066 1094
529 571
207 250
502 539
582 606
125 168
70 82
1248 1286
1039 1075
87 119
1381 1402
1071 1105
406 427
316 326
457 481
1025 1065
306 346
456 489
627 638
267 298
282 327
570 595
971 1007
1025 1047
492 537
751 792
1140 1164
329 353
330 354
343 370
1240 1264
153 189
1102 1145
1259 1287
407 449
1390 1406
967 989
41 74
156 190
132 153
888 906
952 977
382 399
519 542
604 614
856 893
1191 1234
354 364
1128 1146
16 50
1127 1142
189 230
1189 1226
978 991
113 137
487 508
889 909
560 591
769 808
1092 1106
126 158
617 648
309 326
336 355
884 929
350 376
826 865
1074 1108
1320 1347
649 686
145 169
910 924
496 517
1004 1035
445 484
1050 1089
781 803
348 387
897 941
820 859
721 760
218 254
403 417
1319 1338
1199 1240
960 984
528 545
289 312
137 176
311 335
230 243
39 71
151 181
256 297
955 965
267 289
981 1003
381 393
576 592
797 818
651 666
294 328
1020 1047
307 352
520 565
914 933
584 618
799 821
181 200
775 790
1128 1172
765 801
311 334
863 876
474 494
144 164
684 713
746 787
91 129
458 487
503 525
734 775
1235 1254
1382 1408
122 140
1111 1134
1230 1258
882 895
1238 1258
1215 1237
923 935
42 61
517 537
1069 1108
1394 1426
367 406
516 560
1244 1284
1359 1374
616 649
795 814
159 185
1353 1383
875 916
1097 1126
268 296
872 901
717 736
482 521
217 253
1298 1322
100 142
723 735
436 471
182 194
343 378
916 928
421 447
1198 1214
163 181
896 939
732 742
1227 1246
313 348
1270 1315
1188 1225
96 108
224 261
219 252
998 1020
506 517
335 349
129 164
115 140
1384 1403
517 543
230 260
1100 1132
1361 1403
1324 1346
1214 1254
1053 1067
1214 1249
768 782
1152 1176
1289 1333
670 690
731 768
565 576
91 106
1207 1237
632 649
611 635
1232 1244
928 960
617 660
179 210
1350 1383
327 354
921 964
146 190
487 513
1220 1246
512 554
1277 1305
398 411
949 975
662 697
1353 1387
140 180
120 149
46 62
635 654
253 298
1223 1245
989 1000
61 76
448 476
914 928
1257 1289
102 142
205 239
163 177
892 935
1060 1080
195 226
1056 1074
580 624
558 573
882 915
899 919
541 586
600 638
757 770
394 417
11 33
1149 1169
784 811
280 314
1316 1344
898 929
1089 1114
573 614
1195 1233
1318 1346
303 321
432 470
867 885
822 842
1098 1119
450 474
1119 1137
63 73
528 540
1180 1205
306 321
1282 1310
79 121
539 584
665 708
633 647
1301 1340
1027 1046
136 171
1333 1366
893 919
76 107
1396 1426
438 477
1126 1161
26 49
1372 1399
299 336
1134 1150
1123 1156
360 393
514 548
654 699
1189 1216
599 624
471 515
245 278
819 850
1076 1121
10 47
222 259
1267 1277
1060 1096
1059 1071
1373 1390
187 212
565 605
1127 1170
237 276
942 963
344 354
894 927
1373 1386
708 746
115 158
971 985
1108 1133
137 164
747 768
357 386
654 689
1131 1171
1034 1079
900 916
1314 1346
425 440
1260 1304
618 648
114 159
978 1022
102 123
1280 1309
715 735
1329 1345
397 439
701 720
842 878
81 117
1204 1246
359 393
320 338
1188 1222
137 149
1262 1286
147 170
312 325
691 718
196 229
243 270
789 804
560 586
281 326
1302 1333
475 510
1244 1287
1176 1203
1306 1350
1082 1112
111 122
1327 1366
946 964
1268 1280
692 729
235 279
471 492
275 300
678 708
1082 1109
329 339
241 259
988 1007
25 44
488 516
855 894
90 129
724 751
1112 1124
493 514
816 831
44 66
740 780
1375 1416
81 112
78 123
1161 1198
1262 1272
1255 1292
1226 1271
456 486
766 777
383 412
207 243
287 299
865 904
178 214
483 497
672 695
953 998
1058 1084
230 268
499 523
1313 1323
763 795
797 819
1121 1155
1397 1435
648 676
498 529
700 745
1067 1091
1229 1250
894 934
1164 1175
534 566
24 51
1373 1395
144 165
1147 1189
1347 1360
1242 1274
108 133
1002 1045
809 831
502 544
1353 1384
313 334
264 309
141 171
1391 1418
1151 1165
758 794
195 223
503 520
1147 1192
375 419
274 299
281 300
736 754
684 710
214 225
407 420
883 914
943 962
752 770
808 853
1089 1119
729 742
984 1021
839 881
183 215
1316 1332
230 248
620 647
1247 1282
774 817
834 853
590 635
431 467
1110 1140
474 512
897 941
1222 1241
688 705
1073 1101
703 744
628 661
677 701
262 283
241 270
242 262
991 1005
222 263
157 188
730 744
1000 1032
119 156
1172 1209
409 421
691 705
807 833
64 84
1085 1128
404 433
826 846
351 369
798 814
266 285
185 227
1303 1314
614 643
713 748
1266 1287
1138 1170
164 200
495 519
1238 1260
451 480
947 986
498 540
851 861
1080 1121
1289 1334
1249 1279
658 674
388 429
1136 1147
410 436
1110 1120
667 680
260 272
1330 1343
428 440
740 759
64 79
13 37
507 524
248 287
691 719
1362 1402
1235 1276
828 861
1336 1367
1283 1309
267 305
1222 1251
549 582
365 380
113 135
1261 1295
508 526
738 752
1009 1032
410 454
124 165
1136 1161
678 719
994 1026
97 138
614 628
791 831
176 209
653 697
1102 1121
1231 1266
1339 1358
1029 1064
1389 1409
1232 1265
990 1009
578 600
382 395
501 519
466 478
1048 1061
917 944
188 220
1126 1152
1276 1287
592 621
1344 1373
659 682
991 1024
229 244
105 122
419 459
1081 1094
1072 1088
1349 1383
494 524
1161 1192
271 303
146 165
790 830
142 162
449 461
551 575
956 995
434 479
783 807
664 706
106 142
536 580
1307 1332
1284 1297
588 625
1031 1070
291 303
791 819
1077 1121
462 491
735 763
909 936
1197 1232
1300 1310
1284 1300
479 520
260 271
469 503
1003 1043
935 970
676 694
517 561
816 847
900 915
271 305
567 608
1137 1172
279 297
158 179
129 162
889 927
793 815
680 700
372 392
13 46
891 920
812 840
294 338
787 828
1048 1068
216 246
1338 1358
556 599
231 242
787 823
210 239
114 129
534 560
1326 1351
1381 1420
592 615
1014 1024
427 445
1274 1307
463 497
539 575
139 149
646 680
580 621
409 448
509 528
1007 1026
1082 1093
1399 1419
802 812
134 146
1221 1237
613 650
1328 1346
282 292
455 477
447 489
576 612
346 373
1079 1119
59 75
943 957
1235 1273
387 428
1005 1017
779 792
1316 1348
1261 1291
151 171
1052 1068
1268 1297
337 351
566 587
542 581
348 375
370 400
895 910
1307 1326
875 890
155 188
353 378
961 1000
1083 1122
1215 1241
355 382
1246 1268
868 909
983 1007
538 552
947 985
1393 1436
229 244
781 807
1030 1060
836 866
664 686
1380 1392
1035 1065
222 261
1189 1212
987 1005
1106 1136
1220 1243
227 243
1144 1185
615 658
1293 1327
1256 1281
588 611
817 843
306 348
162 195
742 786
445 459
557 584
1319 1357
138 161
317 360
731 751
1090 1114
88 121
1324 1338
726 736
268 296
577 593
712 748
622 667
714 726
1057 1091
496 530
151 175
721 738
146 160
730 751
1061 1078
839 872
255 298
1010 1049
899 941
480 491
367 377
1389 1408
582 605
388 414
750 791
1158 1195
508 530
933 961
1353 1368
630 657
852 862
66 89
1365 1387
1018 1028
448 474
198 212
1368 1401
846 868
439 477
1209 1224
1212 1241
9 48
866 888
1015 1039
1224 1260
681 698
1342 1386
1297 1335
512 529
1315 1326
357 398
921 936
1098 1132
949 977
18 44
914 943
756 778
885 899
1302 1347
437 480
880 918
1074 1109
282 318
584 620
632 670
223 254
234 246
1090 1124
985 1017
462 476
1257 1299
601 639
677 694
337 353
787 800
1383 1405
1386 1423
280 317
170 189
497 523
1252 1287
169 179
63 74
1038 1080
49 72
184 195
337 352
466 496
569 607
92 104
1233 1272
751 783
834 851
603 616
170 186
449 494
61 76
1353 1384
389 400
477 520
1260 1291
232 250
1360 1377
124 149
1239 1281
365 381
810 825
616 636
804 838
855 890
804 826
221 256
252 281
56 76
1273 1301
1063 1100
638 683
830 867
743 775
1301 1345
407 441
627 669
75 87
637 669
1375 1411
1222 1246
47 78
1248 1271
815 847
1100 1145
206 235
114 156
977 1014
753 788
353 392
292 324
859 881
560 579
1184 1207
947 982
145 171
254 284
1071 1101
1398 1428
641 670
254 275
3 37
1068 1092
740 771
192 214
469 505
1366 1405
278 294
1220 1244
14 56
920 955
1252 1266
29 42
787 809
222 257
587 624
17 59
673 685
1346 1363
1395 1414
1026 1039
924 963
300 339
459 487
650 676
260 301
843 874
1298 1329
1275 1318
64 80
413 447
187 209
82 124
688 725
123 134
1332 1366
55 85
63 77
1210 1252
1217 1256
217 259
745 778
936 977
866 905
108 152
763 794
522 554
972 1003
1325 1348
1078 1114
895 938
334 359
643 683
328 345
568 594
620 665
1346 1382
51 81
1107 1123
1022 1042
536 557
338 375
470 491
356 372
663 704
259 300
820 839
1147 1173
348 376
767 790
520 539
737 777
482 498
801 846
1120 1149
146 187
1139 1170
236 272
776 808
756 792
947 988
802 838
246 262
470 514
440 478
973 1004
689 731
1351 1383
1000 1020
366 390
726 752
725 747
1183 1201
703 719
893 916
624 662
579 620
545 588
1008 1038
66 83
1251 1261
1261 1304
563 607
1168 1190
199 232
1224 1249
788 825
668 697
46 58
1139 1181
1162 1174
1378 1423
232 272
1175 1218
607 646
1143 1176
219 244
600 643
758 803
562 585
926 958
1349 1379
1108 1153
201 220
318 339
713 746
1345 1358
689 726
451 476
1133 1146
478 502
464 489
1250 1276
968 1012
1279 1310
1308 1330
1081 1108
494 530
728 740
1371 1392
771 810
940 980
596 616
357 386
334 362
673 689
1064 1096
1185 1226
879 912
755 768
725 759
1047 1088
783 805
393 409
83 127
214 256
421 455
134 164
544 570
1101 1111
1054 1089
1202 1212
271 307
595 617
536 570
1344 1354
1014 1037
158 170
1234 1250
115 132
242 286
754 798
31 44
1344 1360
566 580
293 333
550 582
310 329
656 684
1307 1320
1272 1295
862 889
982 1017
169 182
393 421
729 739
824 843
1287 1328
845 863
834 864
317 349
651 670
588 618
321 352
443 468
1083 1122
1124 1135
539 583
414 448
1342 1359
166 178
145 161
868 896
361 395
1381 1396
1027 1051
391 432
1288 1326
592 618
1202 1233
487 530
1106 1127
515 557
808 829
1255 1283
973 1011
912 939
937 951
561 593
436 456
1171 1184
420 432
688 721
1078 1102
441 475
1398 1421
31 52
1316 1348
525 544
776 787
1387 1430
271 298
352 366
135 165
332 377
81 112
698 718
929 974
44 56
124 150
776 820
174 202
7 20
422 459
178 196
133 161
849 869
606 620
644 665
1219 1263
81 126
653 694
531 561
1142 1173
556 585
1165 1188
1088 1106
1343 1373
432 458
516 560
91 120
1278 1289
1341 1380
763 777
1043 1082
795 818
937 950
1222 1254
378 415
390 409
1350 1394
1190 1234
990 1003
14 49
136 175
368 410
100 133
155 166
1237 1259
739 756
1256 1275
210 221
816 837
810 839
1091 1126
150 185
1132 1173
885 916
743 788
175 209
861 901
1391 1424
713 748
1045 1086
1187 1223
866 896
831 853
594 629
33 66
226 265
999 1041
851 884
1386 1400
359 374
1174 1211
689 722
916 940
1022 1042
926 936
92 125
530 554
212 248
706 735
1039 1056
162 183
1331 1354
79 99
840 869
993 1034
170 182
852 889
491 531
948 960
28 60
146 178
524 563
538 574
96 123
213 230
149 161
22 52
728 751
1152 1171
716 755
56 79
1386 1422
331 347
845 859
288 312
755 765
145 155
44 71
654 670
1036 1062
970 984
1134 1167
678 705
838 876
159 176
256 285
700 745
172 182
780 821
379 420
297 334
908 950
1250 1278
390 407
17 51
594 629
1 42
1381 1402
1177 1194
288 307
890 906
721 754
940 954
890 925
1130 1160
763 775
63 107
38 55
639 674
830 867
1099 1113
845 880
309 326
1061 1102
1060 1104
1040 1084
825 867
1178 1217
129 141
1358 1392
572 604
1304 1346
767 780
1058 1072
84 111
1386 1421
206 247
1151 1186
426 448
620 640
8 49
719 730
118 151
751 766
283 300
356 382
437 449
120 137
873 883
811 845
986 1024
1057 1090
1364 1398
208 241
1398 1435
1011 1037
956 998
1281 1297
62 81
12 28
222 238
787 825
800 818
1066 1086
770 780
704 737
579 620
265 289
884 905
1150 1169
46 79
714 751
625 643
859 883
750 785
997 1014
549 588
836 860
317 361
681 697
1135 1167
742 753
864 907
38 63
1110 1141
379 399
470 499
322 367
840 874
375 385
659 691
1139 1177
372 388
1091 1122
497 533
1169 1214
616 646
1190 1216
32 76
1098 1121
231 267
171 197
1297 1319
15 27
1007 1023
1170 1202
17 28
244 263
1226 1238
696 735
7 48
915 939
552 585
662 692
1196 1236
945 983
1200 1210
1349 1385
620 653
1378 1402
252 269
602 620
1387 1426
562 593
648 693
1124 1165
981 1021
789 834
332 377
950 989
556 589
419 443
25 67
395 437
1041 1064
1219 1232
593 624
1250 1269
1011 1043
1301 1319
509 547
814 850
818 841
1257 1281
1268 1312
267 300
882 909
535 546
171 203
1324 1344
223 263
542 582
1019 1062
360 401
926 950
716 735
445 476
808 843
146 172
234 267
482 496
1003 1025
144 168
491 506
915 938
971 994
1257 1290
211 233
932 958
218 249
807 828
154 192
521 533
148 170
586 626
1400 1425
1379 1409
228 258
667 695
1201 1234
698 736
957 972
311 347
881 901
706 726
1391 1410
319 354
75 105
950 989
744 780
344 373
159 200
1373 1415
51 65
248 276
787 808
1167 1179
521 559
1207 1228
695 735
931 946
638 675
1015 1051
827 866
1170 1215
250 260
313 326
1002 1039
198 213
406 445
116 152
968 1005
548 579
903 924
346 362
558 583
996 1027
879 890
130 167
759 802
352 377
1231 1255
1062 1097
1252 1274
306 333
540 565
557 574
856 880
908 923
915 936
123 140
99 109
287 317
1058 1086
962 994
305 326
769 804
16 53
680 722
308 324
1073 1084
297 322
804 838
1122 1141
629 667
238 267
738 779
164 186
419 430
1278 1301
526 536
266 286
69 104
1326 1342
1140 1161
893 914
896 925
1195 1233
536 554
359 404
1334 1357
801 839
950 981
623 664
662 694
808 847
1324 1351
1065 1105
805 824
883 904
545 569
1286 1315
149 186
822 842
829 854
69 98
222 266
1165 1179
852 883
732 776
251 270
1294 1327
981 1021
429 466
989 1002
999 1015
922 953
1169 1183
1264 1284
403 416
1101 1118
74 112
1316 1328
132 161
632 659
966 1000
822 835
1382 1416
148 186
229 251
918 931
278 299
1268 1287
367 399
1152 1177
1339 1384
96 117
330 360
719 743
914 925
43 79
356 370
481 520
108 137
59 95
1080 1118
795 840
1091 1125
329 370
63 74
765 791
593 603
646 665
975 988
1228 1240
356 393
231 263
1007 1034
612 646
262 279
369 397
1311 1336
998 1020
1374 1388
184 196
1326 1371
96 126
1002 1029
1313 1331
215 248
884 900
1192 1231
615 641
727 754
893 911
438 460
221 245
64 86
1141 1154
164 204
1023 1037
334 365
543 569
1282 1304
1291 1336
484 518
1037 1054
494 520
1219 1240
869 890
408 442
1003 1015
673 700
1295 1335
1210 1227
524 551
978 1022
1318 1362
794 805
1283 1328
660 687
236 273
481 502
1070 1088
1348 1390
1060 1070
955 971
830 868
288 299
300 342
1108 1135
761 771
43 69
57 80
632 656
266 297
817 848
418 438
997 1031
793 817
1315 1342
971 997
793 818
1331 1344
29 55
1313 1341
1170 1183
1234 1263
820 851
491 506
242 260
864 894
1057 1077
655 683
229 273
664 697
1019 1058
957 999
1185 1227
900 937
893 907
1156 1169
455 473
1043 1074
211 223
598 631
741 759
1121 1160
1207 1245
1144 1171
404 435
365 393
997 1009
807 843
1389 1416
403 425
1137 1161
587 609
203 241
225 245
947 965
859 899
786 806
576 595
761 795
627 651
1315 1350
218 253
231 250
355 373
1045 1057
614 648
536 575
556 600
80 111
27 39
259 274
1300 1338
558 585
401 426
342 371
1280 1318
370 382
356 399
166 188
1036 1052
171 199
698 734
1155 1166
181 204
422 432
524 556
462 507
55 87
1243 1267
618 629
298 308
1365 1391
1106 1119
726 739
198 220
63 88
1183 1220
159 204
772 787
83 116
1293 1329
508 540
271 295
254 297
1049 1069
1027 1072
115 127
1252 1277
843 888
205 244
1271 1299
973 994
700 739
877 891
1297 1329
1204 1242
1168 1200
88 101
1177 1195
783 793
668 683
861 879
1359 1395
1309 1340
291 334
503 533
457 474
30 62
445 462
790 809
170 197
197 211
927 942
1069 1108
181 194
350 388
636 646
744 760
1121 1165
436 472
22 42
515 535
555 566
818 843
949 967
738 760
1037 1067
928 969
1250 1271
1299 1336
1325 1339
418 452
1154 1176
1175 1214
960 983
1051 1079
286 317
301 342
1173 1218
91 131
1271 1293
989 1007
768 812
1155 1165
693 734
1 42
583 624
917 932
770 805
307 328
1003 1032
1342 1372
1175 1191
189 213
114 152
789 826
1078 1092
1223 1267
1024 1068
519 547
746 783
367 377
394 413
375 420
999 1017
1096 1114
871 899
961 982
69 110
758 789
462 488
448 492
838 877
1011 1052
934 970
1130 1144
614 639
413 434
450 479
215 239
44 87
766 796
1296 1329
173 184
534 567
711 755
1154 1168
874 917
26 71
925 950
519 541
856 880
1335 1346
1359 1372
381 406
1107 1143
130 174
318 331
571 602
252 281
1231 1268
132 172
1290 1307
1013 1040
858 880
1110 1120
366 377
1204 1224
576 606
965 1006
1244 1281
846 872
945 970
449 472
156 199
1240 1252
73 89
1229 1254
140 162
30 72
268 286
1328 1341
514 555
164 180
1068 1096
588 630
1271 1307
617 639
517 547
712 744
853 868
112 146
120 160
598 616
294 312
238 275
737 779
412 426
743 768
878 907
484 506
1311 1347
276 308
1220 1260
630 662
1017 1058
1143 1180
609 640
1266 1306
589 608
770 814
1200 1235
922 947
656 691
1004 1024
1258 1292
1320 1353
342 357
1044 1072
665 677
724 745
1148 1185
820 830
11 37
750 768
288 311
1374 1416
354 390
171 208
41 56
759 784
844 861
1269 1285
339 352
1225 1241
295 321
741 779
558 594
983 1019
1344 1364
430 470
532 576
182 197
589 599
1181 1204
1113 1138
281 314
394 416
537 550
518 561
106 125
971 1002
311 349
1090 1111
735 745
1022 1066
323 345
712 726
278 320
113 136
1072 1090
1070 1107
1090 1107
381 398
54 76
719 749
751 778
480 503
711 753
467 497
71 111
504 524
322 339
280 313
789 825
52 62
614 624
1235 1272
1205 1225
883 924
151 191
566 606
505 520
1236 1276
1167 1204
875 916
482 501
671 707
563 588
941 969
41 81
774 812
781 801
848 879
1162 1175
400 414
22 32
103 113
218 250
947 978
1033 1075
1059 1077
670 687
1212 1227
1203 1239
787 811
380 402
1172 1190
1378 1391
1057 1095
1067 1106
902 928
47 83
1386 1399
709 737
1249 1293
553 593
250 279
853 865
950 969
871 915
910 933
857 887
718 728
584 601
1026 1044
1220 1239
672 692
535 569
754 789
1126 1170
572 585
851 884
639 678
1146 1163
139 163
1337 1381
1067 1100
642 678
260 296
328 358
820 830
822 842
1066 1096
1300 1330
1015 1033
1163 1189
1249 1268
98 136
1151 1180
621 647
1063 1099
822 866
180 217
626 660
603 617
862 896
222 250
148 187
635 671
1099 1144
1280 1319
423 452
791 807
117 145
806 838
1211 1223
720 763
273 290
366 392
1319 1346
1109 1145
894 935
801 839
169 190
135 179
227 253
1161 1190
887 923
1148 1165
1125 1163
573 607
390 425
433 444
343 363
1157 1186
1219 1232
1250 1262
843 877
479 516
918 942
706 723
561 576
269 294
52 70
1205 1250
280 310
65 98
1283 1326
1196 1233
1245 1276
1104 1114
1047 1084
18 60
1074 1103
1305 1342
1160 1203
542 582
345 380
1128 1159
968 1008
963 982
331 347
1167 1199
570 604
210 228
1243 1279
1072 1083
562 582
24 49
1399 1413
260 274
539 575
628 668
345 372
254 278
282 297
117 145
1 28
789 799
242 275
1390 1428
397 430
16 32
860 872
289 317
663 707
668 707
447 469
125 140
960 995
776 787
872 886
1076 1098
1365 1395
1071 1085
181 197
37 60
707 724
333 362
822 844
152 189
246 277
1240 1261
844 874
1092 1133
1080 1107
777 803
228 248
709 722
872 885
1198 1220
1166 1183
874 896
924 967
827 870
764 803
360 388
216 250
1295 1331
1222 1247
1378 1408
847 859
623 637
722 750
226 240
1007 1028
573 618
901 925
1113 1136
1211 1249
1211 1239
225 255
1236 1264
12 45
560 586
628 658
755 766
198 221
1072 1112
32 54
693 711
1306 1320
462 486
1291 1303
291 303
1093 1129
155 189
1148 1191
645 684
350 387
425 438
1043 1077
507 528
1138 1171
978 993
62 87
302 318
309 320
1040 1079
786 819
182 201
976 996
80 110
714 727
808 829
1204 1233
1099 1120
358 396
1036 1061
228 252
910 924
532 576
1104 1121
1102 1133
1343 1361
645 685
1047 1072
617 649
536 546
277 311
1011 1022
1270 1303
503 532
716 728
48 88
1126 1143
638 669
923 943
133 146
1282 1303
1347 1362
509 550
915 950
735 766
123 134
860 880
1062 1083
899 915
961 977
412 422
1314 1353
129 168
300 311
1005 1045
481 523
415 458
774 816
1223 1250
1118 1151
566 590
1239 1283
323 361
923 949
595 620
627 639
533 557
796 831
301 345
103 132
435 473
1021 1055
888 926
1240 1254
241 262
1373 1417
828 843
257 270
103 137
944 959
387 430
633 667
597 618
419 433
532 561
1041 1056
601 618
333 376
43 79
575 587
89 127
71 100
284 318
838 861
641 662
1223 1260
920 964
814 858
9 21
131 163
1268 1302
686 729
1129 1148
1120 1163
8 46
64 108
1386 1426
961 979
641 662
692 719
804 818
680 711
368 379
268 301
426 461
65 93
1361 1405
997 1019
695 730
710 751
1295 1331
1262 1275
1068 1105
474 486
751 789
289 328
107 137
209 240
91 115
1388 1405
1036 1080
20 57
1292 1321
742 760
1169 1182
930 958
79 114
60 70
649 663
1392 1432
737 759
383 422
97 128
503 518
776 791
653 664
758 780
982 1009
213 240
34 53
715 748
163 177
366 393
237 261
892 905
626 660
695 730
20 31
1277 1290
1324 1337
928 956
819 833
610 621
67 98
311 350
1067 1103
1226 1265
193 216
179 204
966 984
272 307
1370 1396
715 760
1095 1116
1293 1330
442 486
1396 1415
635 647
10 45
1025 1044
882 925
491 526
973 983
386 421
37 71
1398 1417
46 88
333 370
666 695
325 343
312 353
1083 1117
648 664
376 392
1118 1131
273 303
99 144
1258 1282
1252 1290
1145 1189
534 566
1279 1312
1031 1051
1167 1184
573 610
1321 1362
907 933
135 152
1128 1139
313 354
531 550
814 858
872 907
657 681
822 833
990 1030
362 379
281 326
227 262
990 1021
774 811
155 189
1237 1251
174 212
835 857
325 370
716 744
430 443
376 413
1184 1203
1099 1113
759 779
1041 1071
205 218
806 851
1127 1164
478 504
870 899
265 289
806 841
1317 1352
526 564
668 704
998 1023
1381 1421
975 995
879 921
707 745
15 27
1396 1426
1391 1427
1355 1394
490 535
353 371
472 516
601 619
109 133
454 491
105 143
306 319
1117 1131
76 111
1267 1307
800 811
1082 1093
977 992
864 896
105 134
1053 1090
462 493
705 745
871 901
662 697
162 188
38 55
405 427
1002 1042
1285 1301
1034 1059
647 663
576 601
77 118
600 625
870 912
396 430
230 241
1103 1120
1062 1093
433 464
276 313
1382 1402
243 272
1362 1405
417 444
1225 1261
619 632
1042 1062
658 694
115 137
805 825
498 509
399 417
1204 1215
208 247
594 638
1353 1365
532 545
1118 1152
294 304
526 562
641 674
182 194
340 353
699 723
892 919
1390 1430
274 310
1167 1211
127 157
1365 1384
1015 1039
123 146
120 159
188 221
1341 1362
125 137
1173 1202
1047 1089
330 367
267 312
1008 1052
824 842
519 535
816 859
1017 1027
1183 1223
840 882
1293 1333
498 525
1308 1344
242 253
1000 1038
999 1017
946 979
586 604
736 750
1006 1024
398 410
815 827
27 63
194 236
1062 1087
239 267
307 352
1007 1044
967 992
392 413
1090 1132
1129 1155
1358 1396
715 748
685 706
423 447
926 962
1383 1394
442 479
709 753
436 475
930 972
1254 1266
266 306
530 553
1170 1197
1135 1156
530 549
1072 1091
497 507
736 763
290 310
186 227
698 738
1337 1382
420 445
365 377
34 69
287 321
786 808
231 247
758 781
170 211
506 549
273 317
910 920
1256 1271
768 809
936 955
1371 1387
172 195
405 416
519 545
1048 1086
1380 1404
158 177
1134 1169
1287 1304
398 430
167 198
935 972
979 1019
691 736
329 368
178 206
823 833
737 761
349 388
848 879
587 630
1250 1264
1135 1155
1248 1267
816 842
652 689
210 238
901 912
714 731
269 282
767 778
345 389
1275 1290
1124 1158
1015 1030
449 492
1341 1376
1099 1138
308 345
1105 1135
671 697
1262 1273
1144 1163
1254 1265
324 352
96 138
870 900
581 613
387 420
969 1007
455 485
408 448
1204 1233
63 90
159 190
942 968
630 640
505 544
1167 1205
1054 1092
321 351
238 259
381 419
871 907
149 173
234 256
167 179
505 539
442 463
824 846
225 248
438 468
420 450
142 156
52 84
1160 1188
247 277
162 207
847 869
59 79
635 679
832 857
212 225
261 276
600 616
637 659
1300 1337
1319 1332
425 462
182 198
1303 1315
1089 1134
303 323
1010 1042
413 426
1140 1154
68 81
618 643
509 526
1277 1293
1156 1194
372 382
212 247
476 501
429 451
293 313
126 143
1167 1185
112 146
1250 1285
830 872
892 932
495 505
1118 1152
148 189
843 853
517 533
722 735
1200 1236
294 330
1193 1232
707 731
146 165
133 177
1009 1020
643 676
622 651
538 555
561 601
418 453
1276 1299
827 847
1173 1215
929 940
776 818
1011 1040
273 317
851 878
1395 1423
582 614
1073 1097
1205 1216
1360 1379
693 712
827 850
381 409
1202 1218
180 210
138 160
654 697
435 480
963 979
772 814
893 930
859 871
264 298
673 684
1170 1197
58 94
1328 1349
603 616
824 855
972 995
1025 1043
313 347
589 617
216 240
1050 1066
1091 1113
811 848
856 887
1203 1223
340 357
1057 1088
524 553
1027 1063
495 528
256 277
455 466
127 148
1146 1160
931 976
992 1025
364 387
891 936
1064 1094
924 936
682 694
585 608
566 608
808 822
879 910
670 714
891 930
219 263
814 840
383 395
502 541
205 241
201 214
840 860
531 542
947 964
1053 1097
848 863
296 337
905 940
90 121
163 182
172 211
1002 1013
1186 1222
10 25
1312 1341
279 305
885 921
674 709
1148 1191
1264 1306
694 709
668 678
1241 1278
846 891
546 591
1112 1142
1217 1232
1232 1265
1154 1180
784 799
404 416
981 998
494 521
140 183
258 302
1133 1176
15 56
1054 1079
346 366
367 397
79 121
932 948
1247 1271
1264 1279
608 642
43 57
505 549
210 224
1324 1356
1323 1343
252 297
267 292
1367 1412
1171 1212
755 770
797 810
966 1006
331 358
508 542
1042 1077
24 49
1083 1118
693 712
759 772
983 1018
625 659
639 674
1397 1440
515 554
742 769
1249 1292
931 972
952 982
698 725
413 437
1386 1413
1352 1363
530 569
382 411
157 202
371 411
1355 1391
1176 1216
910 945
864 887
612 637
9 32
1135 1166
830 858
286 306
911 936
965 985
84 96
1164 1207
82 95
167 210
779 820
887 912
1351 1387
129 172
2 13
1398 1429
889 934
114 156
1324 1362
301 341
885 922
836 873
639 684
907 926
985 1002
1131 1170
1109 1148
1157 1176
793 829
848 893
808 839
697 720
506 519
1338 1363
252 267
867 889
570 603
464 492
1366 1400
689 699
1307 1331
688 702
1157 1199
1279 1322
545 557
1230 1241
1291 1321
996 1024
660 700
1003 1021
149 188
521 552
39 72
868 905
697 709
393 416
94 126
1242 1263
395 424
705 718
732 746
217 231
548 583
391 426
952 996
307 343
793 833
343 381
991 1008
1320 1337
491 517
12 45
150 194
389 400
771 802
1231 1266
393 404
976 1017
128 159
1306 1317
386 402
1137 1178
75 86
694 723
1145 1158
249 278
156 199
742 760
1349 1391
373 403
458 487
300 332
567 594
51 74
321 360
388 411
1164 1195
1208 1250
212 233
1354 1367
821 855
437 476
262 306
1235 1264
695 736
730 758
1060 1105
925 970
1016 1043
66 77
273 290
91 130
753 789
1094 1123
82 123
628 668
408 424
397 409
161 193
1067 1077
646 656
146 156
1036 1075
705 748
1177 1210
1041 1066
1089 1123
782 812
718 752
1246 1285
261 301
656 695
951 972
612 655
916 947
831 843
69 84
257 274
254 279
212 229
99 141
727 749
534 563
1379 1407
1293 1328
1038 1064
173 203
751 768
1212 1223
782 810
968 982
1166 1179
85 121
289 310
795 829
894 914
637 679
815 825
658 688
866 907
935 970
919 933
1102 1135
1147 1174
912 940
62 98
984 1007
561 595
991 1014
48 72
631 659
254 297
1244 1289
1130 1160
1057 1085
215 252
87 103
692 736
576 589
802 829
1165 1175
1265 1277
288 307
148 186
1022 1042
1181 1192
536 565
1236 1261
932 970
458 498
1242 1279
500 520
860 881
435 464
361 401
948 987
116 149
547 576
793 825
651 677
347 371
311 349
1181 1211
1075 1117
1002 1036
163 204
371 403
775 803
1284 1301
448 461
1143 1188
563 604
761 785
1128 1155
523 533
110 121
532 564
1295 1310
1295 1316
73 117
1095 1121
707 747
391 427
162 198
96 137
482 499
887 919
842 873
44 87
472 508
668 700
1377 1395
699 727
464 474
539 577
1217 1243
1353 1392
527 546
52 76
48 65
900 939
58 96
962 999
78 89
1325 1368
318 360
720 765
1223 1266
795 814
63 100
124 156
422 457
437 468
1158 1170
499 540
992 1013
1063 1091
814 828
909 924
1207 1238
124 157
686 723
1227 1237
974 1001
967 990
1122 1132
212 256
1195 1229
1314 1324
861 874
1020 1038
1102 1124
950 976
212 243
1041 1083
1256 1282
687 703
532 545
1318 1336
939 969
1381 1425
521 552
445 469
907 932
486 514
1029 1064
1243 1283
882 912
391 412
1285 1327
786 825
1210 1223
1100 1128
1196 1214
877 890
580 611
1371 1382
998 1022
1359 1392
1235 1256
512 531
560 587
944 974
1010 1038
425 447
1393 1413
496 541
504 532
1383 1401
430 461
28 57
1335 1369
228 256
658 689
1222 1255
201 246
1108 1137
1163 1204
571 604
1375 1418
1233 1249
583 594
139 154
537 571
777 821
801 827
1329 1341
1375 1399
78 96
1225 1254
1074 1115
56 66
1389 1424
474 509
205 245
463 491
940 978
693 707
1305 1320
1274 1303
407 440
799 831
1230 1257
821 856
77 104
351 379
492 520
1391 1419
1289 1306
680 712
564 588
848 888
1162 1206
981 1002
539 574
671 714
965 988
1050 1066
648 671
751 777
664 692
1312 1355
876 892
1238 1264
1271 1312
1292 1310
1267 1287
1079 1110
437 480
1365 1378
1254 1267
637 674
736 770
672 692
159 192
892 926
1019 1033
661 698
286 328
259 302
266 301
195 229
354 369
364 404
723 739
198 234
15 26
1154 1179
382 416
804 844
96 120
598 614
1369 1390
396 414
676 716
633 657
714 733
212 239
1113 1134
548 564
1003 1047
1028 1066
1188 1199
562 583
1216 1235
1354 1393
88 122
1010 1055
1298 1340
209 227
1054 1078
84 123
722 751
208 228
983 1020
164 175
313 330
1259 1277
237 265
1246 1257
445 459
1135 1167
1339 1372
805 827
222 257
1161 1185
158 203
129 156
354 393
562 586
888 902
1339 1368
1112 1131
1356 1373
324 359
360 395
904 919
210 247
930 955
532 545
125 164
1018 1028
826 864
628 658
747 778
496 527
833 863
811 837
359 384
1249 1291
394 409
648 672
875 889
939 972
1118 1130
461 497
351 364
133 164
787 823
238 281
42 59
11 23
923 960
989 1021
123 144
206 224
674 698
1351 1390
1317 1348
440 462
314 341
914 932
851 884
286 320
981 1021
796 824
816 826
586 599
292 331
1249 1293
462 495
728 739
1340 1374
622 644
84 121
88 105
856 875
1349 1360
1303 1326
771 791
1296 1334
83 100
1112 1135
1351 1373
283 295
270 300
1123 1160
688 718
279 293
1226 1265
490 514
764 791
880 908
942 967
760 797
1215 1252
822 852
682 708
1233 1245
367 378
1032 1077
1155 1165
256 289
467 509
379 417
432 477
1150 1195
510 553
952 993
149 161
1069 1112
755 768
713 741
141 185
596 633
1048 1093
831 863
1231 1261
22 42
900 939
941 961
34 56
567 598
329 363
143 171
615 634
420 448
516 551
1313 1346
1106 1146
447 474
540 552
380 408
358 375
680 698
303 315
75 107
45 69
832 845
756 769
1338 1361
243 283
523 533
411 444
205 219
704 730
1265 1288
868 907
282 295
1318 1339
1030 1044
955 988
429 466
1392 1408
9 44
978 1006
904 920
264 307
1285 1323
1304 1334
550 579
43 72
272 312
65 78
573 596
1236 1271
1248 1270
753 788
40 75
1052 1094
392 437
40 83
1350 1382
1120 1162
430 474
713 752
38 65
412 422
1385 1425
1105 1140
810 838
37 55
1200 1238
1088 1117
769 810
1049 1071
1158 1179
987 1028
1264 1297
1224 1234
339 376
655 681
1204 1219
65 76
146 184
587 615
545 590
47 71
31 52
1207 1220
1236 1279
1074 1085
227 250
1229 1257
484 494
1204 1245
1150 1170
1059 1074
666 695
205 247
379 409
1308 1334
810 834
822 851
1118 1149
1236 1270
333 353
1174 1184
1286 1303
713 757
366 403
1220 1265
676 698
1346 1375
776 812
590 627
313 358
468 505
626 645
955 967
1090 1125
598 625
440 474
890 910
987 1013
768 808
693 737
724 739
658 671
1224 1245
1337 1364
93 127
1172 1205
1259 1269
564 586
140 159
70 81
830 845
721 765
1348 1367
1039 1065
1030 1044
959 996
557 583
1049 1093
431 461
909 934
800 829
189 205
1181 1215
661 688
1110 1143
760 785
1219 1234
1221 1250
853 879
613 627
1346 1356
738 752
831 858
529 568
7 39
7 49
375 405
1096 1106
967 997
977 990
308 330
1247 1267
149 174
1321 1338
1152 1194
40 54
1018 1056
1243 1270
1271 1289
69 104
1359 1382
801 839
249 272
32 60
569 604
941 951
275 320
423 468
626 660
254 288
313 325
522 556
1309 1346
661 675
1142 1171
1281 1302
892 924
536 577
267 293
271 313
1380 1416
956 977
267 287
779 789
1218 1253
524 552
673 705
471 487
836 849
1197 1228
254 297
1187 1230
93 117
495 524
226 254
1162 1202
1118 1129
1095 1138
1286 1321
496 539
1024 1065
1336 1361
1050 1088
976 990
587 612
661 672
480 513
1356 1381
779 818
517 551
110 144
1057 1078
107 130
1313 1336
361 383
1142 1176
752 785
763 793
655 685
685 722
992 1004
822 837
697 742
1266 1286
976 1011
103 143
432 453
139 157
441 453
421 450
965 983
689 731
524 551
1249 1274
136 176
971 1006
197 223
1140 1178
888 921
769 789
940 968
42 87
1154 1167
1317 1346
965 999
789 819
1136 1177
301 344
809 827
1265 1305
881 919
1323 1333
604 622
896 912
192 211
1067 1077
1059 1088
245 269
347 383
589 625
36 49
1239 1256
123 135
1101 1126
1048 1092
1172 1190
617 628
1292 1332
295 327
1313 1354
4 38
1266 1303
1006 1049
13 43
291 319
1279 1289
904 920
419 462
1059 1092
167 185
112 155
351 383
1386 1400
457 471
114 148
1024 1060
93 104
237 250
167 208
483 526
100 144
1080 1108
1048 1091
244 268
999 1026
376 401
235 280
210 251
396 415
1355 1399
156 199
781 802
381 407
1153 1175
286 327
1077 1102
23 33
1140 1183
1007 1028
480 510
477 521
94 110
1280 1323
152 182
254 299
195 239
242 256
254 271
49 63
116 131
1089 1115
952 962
795 829
1264 1299
916 926
1277 1301
205 227
1059 1081
614 637
1048 1070
641 677
652 688
1224 1262
806 831
1062 1081
419 455
468 492
142 162
862 891
429 467
926 939
185 216
1319 1358
1110 1145
667 691
1128 1154
996 1041
213 246
990 1003
265 302
428 466
131 157
1215 1250
1217 1235
67 98
320 332
1230 1275
1247 1278
56 81
110 151
80 97
669 702
1383 1396
474 488
395 417
98 132
988 1003
1237 1265
396 426
104 144
355 392
1169 1209
1113 1154
739 758
84 96
1381 1408
526 540
674 695
1233 1271
1372 1391
647 682
1104 1147
578 623
719 747
1268 1290
911 943
514 558
25 53
704 717
1234 1272
508 540
898 916
1001 1014
1360 1397
1262 1305
416 455
1018 1032
1324 1344
759 780
524 558
351 377
1109 1139
916 956
132 153
1076 1090
1314 1329
759 783
1391 1420
1399 1437
1218 1259
684 716
1060 1075
416 450
1229 1272
678 710
175 198
897 940
659 670
1225 1262
831 844
1020 1064
616 634
364 403
200 210
485 509
398 441
1211 1250
1056 1069
961 995
847 875
151 185
609 635
1131 1141
873 906
349 381
1010 1048
928 945
259 272
1379 1412
55 79
962 980
1325 1344
1202 1222
831 848
24 44
785 797
1379 1412
270 305
642 678
1203 1238
117 133
740 772
333 367
516 549
1125 1144
775 785
782 803
1187 1231
32 73
697 726
414 451
518 539
951 995
1029 1062
1040 1051
714 754
1363 1395
1314 1345
1074 1118
1237 1272
431 444
190 233
231 275
1171 1204
231 262
1368 1412
607 650
1224 1237
873 892
613 637
737 774
282 305
911 951
60 81
489 530
15 34
404 445
1273 1317
645 662
713 724
822 848
1074 1119
28 55
1241 1282
996 1031
1231 1262
1389 1412
330 360
576 588
1178 1199
868 903
702 743
230 268
476 490
184 212
1023 1061
1122 1142
104 120
38 61
378 412
962 992
1113 1134
645 678
139 157
336 378
1330 1367
1187 1211
593 607
1197 1210
1103 1140
85 117
473 492
101 127
926 961
787 811
397 426
1077 1115
805 848
65 86
1134 1154
11 27
894 925
1138 1155
227 257
1193 1238
364 376
65 109
52 89
1133 1144
1122 1161
774 815
542 572
480 507
70 90
994 1022
703 727
942 956
920 956
1092 1107
1213 1250
893 904
229 255
969 979
1250 1270
1132 1146
426 454
1233 1258
817 844
803 827
1390 1420
772 792
779 823
622 651
862 907
1152 1187
1221 1234
993 1021
666 703
1149 1172
1369 1412
1306 1319
943 954
1277 1293
1172 1208
966 988
1080 1111
1269 1309
607 622
35 75
648 678
103 120
1210 1255
390 403
669 706
110 124
129 173
103 117
961 981
885 927
1307 1347
214 241
1233 1270
1097 1140
762 802
280 325
299 330
79 91
161 199
802 842
221 240
527 548
1371 1387
1324 1336
938 973
128 173
803 834
405 425
744 782
563 600
364 380
93 106
362 391
982 1023
250 272
366 390
131 173
889 909
144 175
531 544
259 270
506 519
866 881
918 942
877 904
1119 1160
613 642
1128 1144
1190 1205
76 114
696 712
939 979
174 204
1321 1365
1054 1095
984 999
1311 1342
702 730
568 601
73 108
990 1018
1247 1260
1022 1050
621 656
25 41
543 565
620 656
71 109
696 733
1281 1324
341 376
275 294
1183 1228
1097 1115
488 501
112 150
1193 1213
999 1037
968 981
219 254
543 556
1122 1133
314 355
146 191
622 640
1151 1194
298 343
143 170
1336 1362
274 293
354 387
381 416
1000 1024
226 266
1183 1216
152 162
695 723
429 461
568 579
224 263
948 963
1234 1250
1215 1228
1060 1086
555 593
1263 1275
755 779
350 377
1028 1045
675 691
382 406
362 379
368 413
261 289
279 310
397 414
456 479
460 492
1100 1132
646 670
698 725
1260 1282
10 45
883 895
527 566
83 120
1299 1341
73 91
706 741
385 422
277 317
330 362
1367 1401
1196 1219
250 287
302 338
1112 1146
744 789
748 789
477 511
956 977
899 937
355 400
1038 1054
509 529
796 818
1179 1204
469 509
1092 1123
547 575
885 915
426 442
542 559
359 370
60 100
457 480
204 237
318 358
706 718
1324 1359
137 150
225 235
1075 1096
1372 1384
353 392
1191 1208
823 834
1097 1118
1195 1207
346 368
575 613
856 871
1246 1262
288 327
551 585
391 414
275 307
962 987
1373 1411
753 793
279 299
1042 1073
798 809
1400 1419
1150 1170
507 537
688 708
476 519
628 640
615 660
482 519
1078 1094
739 756
146 190
1036 1057
51 72
1384 1402
59 96
1158 1173
868 892
161 189
1285 1314
804 838
1169 1186
761 776
880 916
348 379
1098 1112
59 93
329 361
505 529
1008 1019
1198 1227
805 819
1265 1286
54 74
1185 1225
252 275
675 689
1337 1379
279 305
652 697
409 426
700 742
1169 1195
1287 1297
1286 1300
407 424
383 416
1300 1342
1343 1372
349 387
80 125
567 596
974 1009
1163 1174
1166 1177
348 392
1159 1176
884 897
418 449
1314 1352
1170 1201
603 646
156 182
678 723
409 438
1311 1345
635 670
284 296
1013 1056
1017 1055
1367 1407
8 46
631 664
601 629
211 223
1149 1184
836 851
589 632
767 799
544 559
260 303
716 740
814 841
219 231
380 413
1030 1064
1153 1187
618 656
1396 1433
232 267
1156 1191
623 665
1282 1297
151 165
646 683
402 423
1149 1171
1133 1166
314 350
938 973
1027 1056
277 289
287 300
1217 1253
966 996
812 822
225 240
378 421
815 830
984 997
5 30
812 823
572 582
114 149
1008 1051
470 511
759 783
1070 1087
1133 1149
1285 1311
680 712
238 256
736 753
1325 1369
245 258
928 952
1053 1077
1062 1106
1347 1377
1310 1321
1237 1271
212 253
919 947
495 538
1312 1340
990 1015
1261 1292
124 162
636 653
195 232
1032 1072
159 195
312 349
474 517
256 278
328 358
7 39
276 291
158 185
1005 1042
299 322
482 509
491 516
1065 1082
1107 1148
879 899
1249 1293
429 474
981 996
203 236
208 229
924 943
1154 1167
472 515
623 650
1117 1129
884 900
1322 1335
1228 1251
74 90
434 448
401 426
833 855
1346 1373
96 110
210 235
456 479
1119 1143
293 310
169 212
1355 1385
300 331
387 423
1373 1402
1043 1069
521 539
914 955
925 950
716 754
608 628
1158 1170
124 166
388 403
214 234
1308 1323
346 391
1333 1368
894 933
1322 1364
1079 1100
178 213
74 114
469 486
1170 1189
66 106
797 816
13 55
974 991
703 745
1051 1079
1215 1234
1027 1063
1358 1378
750 780
790 826
389 424
1188 1199
1069 1090
54 73
482 517
675 692
826 851
1381 1402
538 576
294 325
208 230
1202 1237
638 660
1378 1410
179 201
410 441
197 241
1190 1235
1033 1043
1121 1150
1376 1399
918 942
286 300
694 709
551 586
516 541
1156 1188
1382 1399
56 90
971 988
115 159
683 721
69 91
841 853
437 448
1263 1282
1171 1199
696 732
543 558
892 909
452 467
585 598
758 798
844 867
677 705
435 449
589 608
1143 1182
1108 1122
970 1006
531 574
517 554
34 55
929 966
703 734
177 194
1053 1081
1301 1321
580 598
297 317
1397 1423
43 72
1337 1370
515 553
1013 1058
1140 1157
864 881
238 258
45 90
1245 1275
152 178
884 923
10 20
1257 1289
1337 1382
497 507
690 730
841 876
619 650
330 353
812 852
403 432
513 539
735 766
979 1015
1273 1286
218 255
1380 1411
1157 1178
357 390
934 950
468 496
714 731
860 881
1287 1298
801 841
164 200
1203 1226
954 974
1197 1241
265 300
943 987
414 453
1197 1238
309 322
906 942
150 163
190 209
1042 1079
1230 1256
990 1002
1088 1102
973 1015
334 358
1242 1278
562 585
750 765
599 612
826 847
612 651
328 366
198 231
866 903
312 343
503 543
690 712
472 486
1027 1053
1147 1163
930 949
710 748
239 266
681 704
996 1014
1126 1143
90 109
196 216
63 86
567 584
449 474
240 263
427 470
846 877
946 990
1167 1198
1266 1276
474 515
1329 1358
879 911
245 279
572 600
788 799
871 911
902 927
699 718
970 1003
1194 1224
45 63
610 624
810 835
390 415
1381 1419
667 684
714 750
313 353
566 580
854 869
1382 1392
379 411
301 329
666 692
196 218
1086 1108
1070 1111
440 462
470 486
443 474
1037 1049
766 806
97 116
1144 1170
438 462
916 954
1292 1308
56 71
1065 1088
1192 1234
553 587
864 890
1334 1369
253 291
1213 1237
1189 1200
143 181
524 554
486 509
1268 1310
645 683
985 1010
559 578
1235 1266
1122 1141
491 513
9 20
126 155
101 123
1216 1244
959 1001
953 963
1140 1174
526 558
1180 1195
8 45
1318 1359
540 567
83 99
1042 1058
323 363
1364 1394
709 719
531 555
455 471
578 618
1045 1086
1081 1115
387 411
912 950
11 51
1108 1148
1161 1191
644 655
1320 1350
58 76
1345 1372
822 849
615 635
992 1020
1158 1184
1149 1192
456 470
704 740
863 907
395 440
474 486
1396 1432
896 920
547 565
1346 1373
565 588
632 675
901 942
634 675
963 1000
1198 1236
1293 1309
670 694
1154 1164
291 310
26 47
97 121
1233 1261
650 693
261 303
683 716
1205 1244
1104 1116
1350 1374
345 385
866 900
311 321
251 278
1198 1224
717 746
1062 1098
339 369
158 194
996 1034
1117 1152
579 603
1273 1286
634 657
1282 1324
212 249
324 345
969 1014
303 325
1191 1213
123 168
870 889
840 876
626 643
1120 1135
624 639
394 416
345 381
232 266
1191 1219
1072 1106
1197 1208
1176 1216
1319 1329
1178 1203
148 175
215 244
1013 1040
1071 1090
704 724
1061 1095
466 495
786 820
1181 1211
1322 1354
453 478
846 881
360 370
149 173
1007 1025
160 173
1137 1182
420 459
306 347
305 338
159 181
552 576
1129 1139
690 712
109 154
697 707
862 885
1160 1177
620 640
300 311
1363 1384
426 443
707 738
1101 1138
1304 1341
1320 1336
514 559
1400 1440
978 993
138 178
83 114
182 217
825 867
1114 1133
1097 1129
956 975
357 402
100 138
940 983
1348 1365
1159 1174
1368 1399
4 20
338 355
895 913
1001 1032
903 925
47 78
156 176
1251 1277
1320 1354
591 609
204 219
629 671
701 733
814 830
348 366
91 128
586 604
389 408
1236 1248
592 624
488 511
100 144
683 699
901 913
1053 1087
309 336
1224 1251
38 82
621 656
186 200
1380 1417
917 949
101 144
514 546
920 945
1154 1191
863 891
809 843
298 341
677 687
436 460
1035 1074
578 603
1378 1405
144 180
523 541
1145 1189
1239 1250
244 265
794 821
1260 1289
747 773
686 717
1314 1355
354 377
1370 1399
422 457
183 222
47 85
259 269
94 106
446 472
1158 1172
870 886
76 114
970 993
1145 1156
160 189
1137 1171
145 160
815 827
695 710
307 326
1365 1377
1379 1407
1196 1213
184 211
1140 1161
289 316
329 348
786 812
1233 1253
86 126
807 827
767 806
937 957
184 228
1143 1170
683 707
1269 1311
771 810
506 519
1254 1272
38 78
672 702
1148 1185
370 399
96 126
260 298
1181 1194
299 337
787 803
572 611
534 559
172 191
1202 1217
1078 1095
495 506
251 276
1176 1193
1346 1382
177 201
885 907
309 320
272 284
233 252
346 364
74 96
1295 1331
502 527
576 604
1121 1134
563 580
1179 1195
518 548
402 445
496 535
418 462
259 269
1372 1390
1139 1183
674 712
995 1038
1345 1372
963 1001
497 521
1294 1320
167 211
416 428
946 966
1098 1112
959 985
846 857
397 425
389 400
1031 1062
829 868
366 410
634 677
96 123
496 516
509 538
1152 1177
348 358
527 541
164 208
423 435
1102 1115
982 1025
573 608
457 484
1284 1297
206 242
726 760
1286 1320
1256 1273
984 1028
824 857
575 591
55 95
912 941
812 853
1089 1109
1288 1331
541 573
549 563
1363 1406
827 854
1149 1176
353 390
1124 1157
140 175
406 439
874 908
145 181
722 737
829 848
237 271
1201 1222
212 237
1176 1198
111 145
659 695
423 451
190 220
109 139
624 639
1237 1252
79 91
905 933
892 934
975 1010
1207 1235
444 462
1293 1327
1311 1344
728 757
384 411
40 53
432 461
362 374
1140 1167
1399 1435
854 875
436 452
358 394
1192 1234
1213 1245
869 887
1385 1407
125 161
302 333
1371 1392
617 650
521 548
219 255
576 621
76 120
1017 1038
324 369
519 545
476 498
376 421
119 136
934 970
747 760
653 689
56 84
1205 1228
1140 1153
1375 1406
520 532
1249 1288
190 213
591 608
1339 1363
281 291
571 610
1100 1135
142 179
1100 1126
299 317
505 543
512 548
774 789
150 170
184 227
340 377
59 72
941 953
420 461
1001 1018
801 835
225 265
1031 1059
312 353
578 592
542 571
270 284
570 595
1280 1310
430 471
427 455
1009 1037
1246 1287
1328 1364
1353 1376
477 521
849 891
296 309
716 741
1296 1307
331 366
1025 1058
1388 1420
11 38
256 282
883 915
869 884
46 77
562 602
272 292
1161 1178
220 252
756 769
1134 1146
996 1039
1285 1300
639 660
316 354
143 158
80 106
1298 1339
12 32
830 844
347 386
713 731
949 969
1124 1163
377 387
883 925
922 932
317 335
716 729
770 794
755 780
1191 1236
259 280
559 595
368 390
247 266
742 756
911 925
131 173
1143 1182
824 849
993 1011
387 432
915 927
1349 1394
1392 1437
420 439
890 912
862 905
1129 1168
762 805
806 817
473 483
1383 1397
479 493
657 671
662 675
1103 1124
1247 1258
450 465
1339 1350
665 698
583 606
836 857
1110 1146
6 26
473 506
484 494
118 130
390 402
1306 1335
1202 1231
1275 1312
1015 1053
1175 1203
536 580
940 970
1303 1330
1062 1090
78 90
173 184
970 985
1257 1273
1314 1355
791 836
983 1001
1232 1243
1235 1273
1372 1392
1209 1237
456 485
258 302
37 65
606 622
368 408
1165 1195
289 304
271 288
743 775
1237 1254
661 679
871 913
636 665
574 605
281 309
580 590
712 752
591 603
95 115
1043 1078
1013 1037
647 661
103 114
882 900
116 157
1292 1306
132 169
1151 1184
1385 1405
1212 1244
1398 1427
62 92
1350 1385
75 89
1113 1130
255 300
251 277
992 1008
1165 1190
1352 1366
274 292
366 382
992 1003
1322 1359
1038 1083
350 382
749 772
55 75
857 874
1335 1353
631 676
151 196
724 757
700 723
18 44
1375 1391
1257 1299
431 458
9 27
1016 1041
178 206
62 94
449 481
453 466
673 716
444 467
745 755
1084 1098
1116 1127
119 149
1292 1317
312 354
694 714
227 256
1188 1208
697 722
218 257
1092 1130
804 838
258 283
750 787
109 142
214 257
734 746
1156 1180
892 937
1378 1388
104 123
1151 1181
396 436
337 358
373 385
80 110
666 688
44 83
21 57
1132 1144
915 925
821 842
844 876
1384 1408
311 335
549 559
155 187
1035 1064
437 482
122 142
589 632
792 813
642 672
9 49
226 250
1171 1213
223 233
496 514
143 161
1199 1215
585 595
277 298
676 693
801 812
1031 1071
660 685
801 833
1139 1174
1338 1362
394 420
1059 1083
513 531
378 393
790 821
244 271
82 114
1030 1052
530 551
997 1032
875 903
214 251
130 174
787 799
336 354
856 900
1171 1201
1179 1198
412 450
800 820
233 268
1202 1218
206 217
340 377
501 539
302 346
1185 1200
1245 1265
464 509
1126 1155
1359 1402
34 71
282 294
742 780
1160 1199
4 35
777 818
297 332
549 589
393 425
1231 1250
1222 1265
844 855
677 718
924 958
338 381
1049 1088
896 919
432 461
334 358
796 841
89 113
1078 1089
795 838
622 644
1325 1355
141 171
732 744
351 394
1383 1400
94 108
1271 1282
275 288
291 335
26 45
608 648
670 699
983 996
38 49
1257 1293
887 931
273 315
657 680
482 519
1280 1325
859 897
1164 1196
427 465
1099 1132
453 480
826 867
684 721
709 748
904 939
15 29
617 652
573 610
45 59
403 444
101 144
539 581
531 556
357 395
1119 1130
51 84
69 90
1240 1265
992 1032
148 159
781 796
387 403
158 200
842 881
528 548
370 389
912 957
1376 1407
499 527
955 974
1365 1392
379 418
220 253
195 217
1016 1032
628 672
1111 1137
62 76
1281 1319
46 64
589 601
159 203
407 418
714 731
916 949
210 229
567 583
479 520
411 431
937 980
1179 1222
362 404
674 695
997 1040
186 222
104 138
1009 1054
6 40
62 84
989 1016
86 106
230 250
913 953
1101 1123
948 989
279 306
600 610
923 963
1094 1104
628 645
790 833
489 524
579 609
826 857
1184 1195
1362 1405
196 215
400 417
1351 1373
452 487
717 740
260 296
472 506
577 592
647 677
1238 1252
779 814
1151 1192
79 110
1072 1109
864 907
750 787
1336 1378
738 755
197 218
1366 1384
435 451
417 435
416 452
810 821
584 600
426 447
405 437
1097 1128
1226 1237
1077 1113
414 444
602 644
803 829
477 505
588 632
282 297
1314 1333
932 960
380 394
160 186
832 848
953 968
593 617
183 226
827 856
1214 1259
6 48
818 845
1335 1374
607 634
574 604
686 728
727 744
83 94
1235 1246
712 735
702 738
1279 1319
103 113
861 893
1019 1047
1389 1433
938 975
461 488
1356 1382
1275 1313
368 392
792 831
1175 1192
236 269
718 763
984 1018
1068 1108
1224 1254
43 57
952 991
18 29
761 795
1352 1363
1061 1084
268 310
1291 1332
804 823
491 517
825 853
789 806
605 630
757 799
1225 1256
523 566
1135 1149
288 329
354 392
80 124
421 447
41 80
179 197
1263 1293
296 306
1014 1027
1385 1419
897 936
449 474
584 629
26 37
147 175
857 880
897 907
1221 1238
458 503
363 377
968 999
96 138
1274 1296
1247 1279
632 653
1132 1151
285 300
1175 1219
1219 1231
1241 1275
212 232
241 263
136 179
348 379
1343 1385
465 497
733 743
375 393
308 332
1357 1393
152 194
181 215
1206 1234
1308 1343
935 978
246 268
1093 1124
521 540
1083 1112
408 440
23 53
693 710
1083 1102
47 74
1096 1128
776 819
44 62
315 357
66 97
416 440
654 674
489 526
96 133
78 98
6 48
867 891
307 334
1214 1236
726 768
803 824
1193 1210
635 656
1392 1417
655 688
1352 1375
478 518
911 942
489 521
916 948
364 383
677 709
99 140
427 457
1391 1407
1125 1145
926 936
374 414
166 182
714 740
13 40
290 324
1378 1397
1160 1183
418 435
912 935
250 289
1236 1262
1317 1353
288 324
937 979
491 519
512 557
618 648
1204 1218
399 423
501 541
726 750
952 989
517 532
1362 1373
1033 1074
558 575
735 764
187 199
616 635
598 616
500 513
336 375
1274 1319
1190 1218
843 881
628 652
1368 1379
1181 1202
256 299
93 127
1356 1367
1368 1400
1255 1272
1219 1253
789 800
313 333
604 646
33 53
514 546
707 717
511 537
1311 1325
725 757
355 398
542 570
329 347
507 546
1065 1110
89 130
554 568
714 747
267 304
660 675
1220 1233
69 89
71 90
413 429
478 503
1381 1394
603 641
88 103
507 549
58 94
1389 1414
374 411
214 243
240 269
31 66
862 886
803 813
1011 1038
826 871
380 399
789 823
1168 1190
398 418
1377 1414
585 616
1383 1399
16 33
295 316
935 964
880 912
1202 1224
165 185
1291 1334
262 274
358 388
368 381
662 691
215 227
392 434
557 568
1173 1201
1199 1228
686 714
726 765
226 271
138 164
999 1021
919 955
473 506
95 134
575 602
760 797
1272 1290
1393 1413
1061 1101
763 781
80 116
854 896
599 634
660 682
613 635
1331 1369
680 709
1308 1344
534 562
603 639
920 963
299 311
1094 1114
119 139
71 84
1130 1144
537 560
1345 1387
109 143
56 101
89 129
687 706
804 819
674 701
876 890
1236 1270
153 193
938 960
714 757
328 339
1225 1259
752 786
43 60
238 269
241 274
501 517
975 1015
318 350
1368 1388
1122 1141
145 160
83 114
960 970
671 715
853 892
1254 1267
1173 1205
989 1011
1396 1434
487 517
967 994
347 374
1040 1079
1103 1126
510 540
642 655
1282 1307
607 651
781 817
118 141
797 807
59 98
188 212
448 475
1142 1155
21 53
999 1014
427 464
330 365
196 236
608 629
408 419
645 673
1330 1340
745 766
447 479
741 754
809 830
440 474
49 65
1378 1412
551 592
834 845
235 275
252 278
1262 1306
270 282
129 163
925 939
535 573
544 555
80 111
1322 1345
271 301
488 502
858 878
390 425
1118 1158
988 1003
896 932
690 702
966 979
380 417
1044 1062
267 306
1145 1168
1231 1274
730 747
207 233
1389 1399
1202 1216
715 755
347 372
1074 1100
81 92
62 72
182 195
353 367
360 400
759 804
280 319
915 951
182 227
548 584
466 502
682 693
1205 1243
387 425
976 1019
749 768
1271 1311
467 493
166 206
5 29
166 201
264 306
873 903
1359 1376
1356 1383
1112 1129
61 84
312 357
1041 1069
197 219
944 968
175 193
18 57
537 555
1198 1211
379 391
757 781
559 601
1317 1334
1178 1202
1023 1059
1343 1385
1261 1276
634 672
754 774
136 153
245 281
1357 1402
957 996
1297 1339
182 192
876 910
960 974
1191 1208
1234 1248
1238 1283
1365 1397
102 129
1354 1392
1086 1123
623 668
775 802
1209 1236
1255 1274
833 851
873 911
935 977
1035 1075
313 351
204 236
476 519
1153 1187
1317 1346
180 200
473 501
170 203
103 117
1035 1073
852 882
559 604
72 89
780 807
1003 1036
1344 1375
569 605
287 310
1382 1411
94 126
68 80
543 564
554 588
666 701
245 290
523 551
740 776
707 748
1178 1212
275 297
29 60
821 837
907 947
797 832
49 94
453 464
34 55
492 518
956 994
89 120
79 93
1000 1039
94 133
245 264
611 654
241 262
589 618
205 248
1073 1084
471 483
1098 1143
564 604
135 164
302 327
343 388
458 470
977 1014
982 1011
292 324
10 42
1056 1074
978 1004
196 233
564 596
1033 1058
129 159
1023 1047
1329 1358
849 876
857 879
157 176
282 304
781 813
477 520
1362 1404
42 60
918 957
523 540
557 582
542 566
71 96
568 593
1194 1210
994 1018
682 701
126 142
124 140
1382 1396
262 307
652 690
32 52
674 707
1066 1079
259 299
117 132
43 54
959 996
776 798
111 156
342 377
84 105
1220 1247
420 462
1122 1164
518 540
679 708
1367 1406
303 329
1131 1163
938 978
22 45
373 415
778 822
392 424
984 1021
391 409
956 985
1342 1371
640 655
1121 1156
55 93
830 843
949 968
795 837
108 149
953 981
986 1019
884 924
832 851
1221 1238
752 788
232 262
222 261
33 55
1354 1384
409 453
266 287
601 615
1222 1261
1298 1330
849 894
587 608
397 416
1383 1402
147 180
928 955
950 994
1341 1356
261 298
190 230
335 369
227 237
171 185
1307 1340
133 171
429 467
595 605
235 271
47 76
868 899
261 294
430 447
873 915
366 400
285 311
1230 1254
1046 1085
401 421
496 536
664 692
1358 1369
1221 1244
216 244
1315 1347
1023 1054
231 269
805 850
694 716
233 256
701 734
292 306
1091 1110
1309 1354
613 623
1192 1236
673 706
176 194
928 973
625 655
1212 1248
516 534
591 622
126 137
1021 1063
796 818
603 647
449 464
1158 1193
173 217
476 503
965 999
1321 1358
520 541
1083 1128
12 25
605 620
226 245
832 855
154 171
1386 1404
1068 1099
940 964
1229 1258
506 519
920 941
379 397
6 51
323 362
943 959
1101 1140
1293 1323
1354 1381
1350 1385
1075 1107
487 525
164 208
164 196
79 121
1011 1033
1124 1143
596 637
4 14
1128 1167
1350 1362
176 205
1114 1143
409 432
623 658
144 164
81 119
355 378
144 158
277 294
772 814
536 573
843 853
574 594
856 886
1327 1362
313 350
1168 1190
288 329
1394 1407
393 422
1191 1232
45 88
1176 1199
150 187
880 903
170 184
715 756
891 932
1399 1438
271 307
1094 1131
1261 1293
457 476
1146 1183
1081 1091
361 406
627 650
905 919
799 824
598 614
731 743
1304 1317
379 420
1001 1024
365 394
1092 1136
421 433
1394 1434
569 611
193 230
353 367
133 152
990 1032
244 278
935 967
643 653
130 169
596 639
1142 1155
158 185
475 490
1060 1095
724 757
655 682
1216 1237
1279 1315
181 221
101 137
542 571
1237 1259
994 1030
863 873
682 703
910 928
400 445
1128 1144
522 537
1375 1388
534 546
510 540
44 57
1209 1242
566 610
868 900
520 537
1074 1113
756 783
705 733
521 542
155 191
723 761
433 468
558 597
1400 1440
1153 1188
598 630
27 65
900 930
1186 1218
1133 1157
86 106
983 1024
376 401
97 135
997 1035
1250 1280
1180 1224
308 332
144 189
98 117
940 961
436 475
762 781
271 306
770 802
537 571
913 958
1202 1247
383 404
1102 1126
415 437
796 827
377 406
877 904
928 939
196 227
272 296
845 884
287 307
791 825
357 386
1283 1326
817 833
800 826
1226 1271
1366 1393
23 68
323 365
1363 1383
847 867
789 829
10 26
1024 1057
1097 1131
725 762
39 52
1090 1134
1036 1053
945 965
212 234
328 363
1158 1176
971 1009
368 386
1097 1127
1221 1231
45 77
183 209
1354 1387
556 570
794 828
77 116
1239 1254
269 298
1281 1307
273 303
726 762
999 1013
711 737
911 952
1177 1206
1051 1071
402 418
907 943
891 908
804 821
401 435
177 206
976 1002
1016 1036
225 261
889 923
91 132
1298 1335
435 473
276 314
487 523
817 835
1168 1197
113 147
141 184
665 690
365 407
351 391
1372 1402
898 934
598 615
1241 1278
241 255
944 964
934 953
1005 1020
962 1003
1351 1394
178 209
541 579
1205 1239
1114 1132
1248 1289
361 405
485 501
391 426
295 325
112 157
53 77
212 257
863 893
791 815
16 27
430 464
1250 1262
420 456
557 580
313 352
1313 1323
618 631
353 382
35 45
192 234
1098 1110
969 990
432 477
1009 1047
1178 1202
237 279
1221 1251
938 980
816 828
381 396
539 584
915 948
719 755
305 344
661 699
1190 1225
1332 1376
573 589
704 735
929 940
733 743
958 976
844 884
352 377
239 282
588 629
783 821
511 552
1010 1049
813 836
33 43
777 807
1090 1104
727 750
940 981
549 583
471 504
1266 1285
892 927
784 821
1397 1440
1000 1011
673 711
273 294
91 115
400 426
1237 1267
1025 1060
1012 1041
1268 1313
573 586
528 547
629 674
16 38
1180 1201
123 161
1028 1051
997 1014
1049 1085
25 54
679 698
290 311
755 776
534 569
631 652
426 457
81 109
543 587
390 427
499 520
1358 1387
118 162
617 634
197 210
1211 1247
839 851
991 1029
572 585
607 624
440 469
433 459
614 637
447 458
110 133
9 43
340 351
1034 1059
267 285
192 209
135 152
415 438
701 719
1083 1120
403 416
256 275
1093 1118
1001 1018
1109 1131
1196 1236
828 863
474 516
966 987
937 952
938 973
120 162
772 796
125 145
69 95
436 475
34 65
6 25
161 176
207 248
679 720
756 787
21 32
1206 1227
587 630
625 643
1084 1099
558 574
1009 1026
450 479
735 745
1222 1246
960 988
63 89
1153 1173
484 500
493 522
1128 1139
324 336
1132 1175
1378 1394
1080 1105
851 881
1309 1334
1389 1407
357 393
884 928
542 573
869 890
621 660
197 208
945 982
1213 1248
1278 1290
818 860
1233 1261
753 780
1073 1102
1191 1202
1322 1350
1286 1297
651 691
701 714
1364 1394
639 655
73 99
587 600
70 82
1210 1247
838 856
1162 1190
1346 1374
1086 1118
1147 1173
271 291
167 212
23 55
5 15
1384 1408
129 167
371 394
932 971
1366 1386
17 39
234 260
858 874
252 285
1358 1393
441 453
1061 1092
830 862
900 928
244 274
1345 1381
160 193
542 580
517 538
356 392
506 540
1317 1347
1218 1242
985 995
691 734
1172 1209
185 221
295 316
301 329
506 550
1313 1355
874 898
577 606
1096 1125
1385 1411
1098 1114
834 875
420 431
1105 1143
191 233
1376 1393
558 574
680 713
328 339
768 811
133 150
398 440
793 833
174 198
461 502
1024 1053
786 803
925 954
76 97
1041 1082
850 894
1373 1416
185 222
212 250
893 923
32 76
533 575
276 299
377 405
1171 1198
811 854
542 576
1062 1079
1299 1338
931 964
979 1001
628 666
169 194
994 1029
1034 1048
152 191
67 112
965 978
963 1006
547 581
860 891
1233 1255
1358 1375
1005 1016
1165 1193
1214 1229
391 412
715 757
804 818
1284 1304
1361 1378
1279 1323
1002 1022
1333 1345
1357 1399
749 774
850 879
342 369
948 986
836 881
627 645
340 362
236 249
170 189
1398 1419
853 875
78 100
749 771
508 537
1196 1219
545 568
883 906
1058 1091
189 226
1381 1421
848 862
117 137
1008 1047
997 1015
181 200
1321 1358
1091 1118
1183 1197
882 915
210 242
59 98
208 238
311 353
125 157
955 998
385 405
1233 1253
386 402
837 877
1039 1053
755 795
7 41
413 453
400 442
221 250
661 679
129 140
1338 1378
91 107
478 505
765 793
234 265
1330 1351
69 94
892 929
247 290
357 378
542 563
752 766
937 949
471 508
1302 1322
869 881
194 209
207 225
352 367
92 111
65 77
1317 1352
238 270
1282 1327
431 448
1169 1184
222 233
367 406
801 841
865 876
1252 1264
89 104
19 29
830 858
1177 1193
326 349
1086 1105
67 102
560 574
971 1003
1149 1160
840 853
1101 1138
345 383
1201 1238
854 879
1337 1371
1301 1343
1199 1223
722 744
976 1005
342 368
67 79
1015 1030
932 957
636 647
349 391
996 1040
17 61
340 362
78 91
1276 1311
504 546
864 909
401 444
943 971
240 253
1230 1255
1221 1253
29 71
1308 1348
210 237
186 205
341 384
497 513
747 785
1256 1266
1297 1313
561 574
128 138
1355 1377
869 912
1171 1206
743 785
1305 1323
1186 1206
1090 1116
794 826
840 861
159 187
341 381
218 255
248 269
1106 1147
907 943
462 472
249 289
1011 1056
691 712
218 251
895 924
539 581
444 470
453 474
333 369
1072 1087
388 433
1318 1336
381 424
146 175
646 689
714 759
82 110
923 942
700 736
1211 1256
458 480
325 364
929 943
17 45
949 975
912 935
76 93
587 605
1136 1168
1164 1205
798 838
1392 1419
676 717
346 364
435 475
831 863
592 637
654 687
390 430
234 257
571 594
1178 1204
671 681
862 885
1017 1046
1315 1340
609 648
877 908
1203 1232
139 167
1339 1357
743 787
328 349
278 319
714 724
1363 1406
747 764
297 336
670 686
298 314
776 808
731 750
83 122
634 676
815 851
587 624
783 806
627 664
1067 1082
365 389
83 102
724 741
280 316
356 378
1012 1053
1164 1201
113 127
515 545
110 152
584 609
70 112
391 427
1380 1397
784 805
397 424
481 513
648 674
839 872
117 127
1120 1135
414 456
1269 1308
996 1037
643 662
1229 1270
1330 1347
576 586
1015 1035
1102 1124
88 131
389 421
1199 1216
263 281
160 197
235 249
1330 1371
936 980
889 918
332 344
82 111
7 37
1185 1213
1395 1427
54 89
68 96
846 889
122 160
545 557
1114 1146
441 472
765 777
347 388
747 788
948 991
158 202
49 92
510 538
1300 1328
480 503
1345 1375
836 879
846 863
1397 1430
15 52
1143 1163
915 934
664 695
698 738
1042 1056
954 986
440 450
709 723
1284 1319
1255 1278
538 552
89 101
1210 1249
174 191
1059 1082
1049 1074
500 544
966 985
1057 1092
844 864
749 782
728 753
12 35
46 86
622 632
12 28
873 907
475 489
365 395
1361 1383
707 742
1321 1343
1328 1348
741 752
717 734
566 593
757 776
1369 1412
578 604
81 124
1305 1347
121 132
571 587
781 822
1225 1239
206 244
298 335
779 821
1032 1056
949 977
796 814
1206 1247
416 448
41 54
971 989
364 391
769 794
633 656
52 81
294 304
1334 1353
803 845
1058 1069
1126 1141
846 864
527 539
936 954
270 300
19 44
238 273
1352 1387
354 391
1382 1416
801 812
781 816
89 133
18 49
300 322
146 189
11 45
866 882
1346 1356
1068 1108
853 881
711 724
1231 1275
1 12
1315 1326
550 562
1309 1331
1186 1215
830 846
1357 1387
111 130
36 74
1069 1092
665 700
541 584
319 351
626 643
634 649
1210 1252
1232 1272
72 101
1386 1410
71 99
992 1029
296 320
526 550
266 281
925 969
765 775
1332 1358
18 32
821 853
737 780
1273 1316
286 323
493 535
1399 1421
975 1003
863 887
197 230
781 821
611 629
158 187
881 910
48 69
1055 1096
1004 1046
140 156
948 976
1110 1138
1017 1054
143 167
211 227
295 316
606 634
363 376
1096 1120
513 537
677 700
1059 1082
444 460
594 630
1314 1350
879 913
349 389
987 1010
348 370
1398 1413
324 353
34 74
667 679
1117 1134
75 86
715 751
516 551
684 715
632 659
111 144
719 750
501 543
702 737
1323 1351
40 80
41 79
424 435
576 619
965 1002
682 702
1194 1220
1013 1040
677 692
1213 1249
389 402
879 911
1094 1122
739 774
200 220
956 983
961 1005
454 465
71 103
402 439
664 684
1353 1397
868 909
738 767
267 307
1273 1316
1111 1151
908 944
471 494
1178 1208
1050 1069
1294 1311
503 547
209 245
614 629
796 834
1218 1256
1233 1276
344 373
602 627
1381 1393
577 597
718 728
1256 1292
173 184
631 664
361 398
601 625
1036 1070
437 463
91 121
17 62
773 784
466 508
433 456
245 269
341 367
685 723
1202 1220
501 527
180 195
981 999
511 539
1213 1231
213 223
200 223
547 592
904 939
761 785
52 85
1074 1089
1316 1330
1006 1031
684 726
349 390
1014 1053
484 516
922 942
1343 1383
733 762
308 323
587 617
142 172
768 811
993 1028
1182 1206
546 564
288 305
1276 1320
341 355
1139 1165
1259 1290
272 295
1136 1147
1382 1419
52 71
453 470
577 590
1278 1289
124 153
699 730
497 540
825 842
922 958
64 77
46 73
977 1007
166 198
814 837
896 918
1095 1106
551 565
541 581
846 869
1309 1346
263 276
1300 1342
1128 1151
170 205
1224 1266
869 880
1162 1201
1196 1216
291 318
19 46
60 84
135 161
210 220
1063 1105
726 738
972 995
898 920
573 613
1101 1135
476 508
715 739
1083 1104
362 395
1201 1244
1334 1379
615 658
1323 1352
372 404
250 277
1343 1377
1195 1221
1162 1185
723 745
72 103
262 303
928 955
358 401
79 120
552 595
672 706
1227 1258
1314 1339
571 597
613 627
659 678
1014 1025
515 557
1068 1103
724 741
485 513
10 44
601 642
999 1027
603 623
1032 1071
907 936
660 674
295 333
86 107
121 153
123 155
468 492
103 113
1170 1198
1121 1162
625 652
1373 1391
458 503
1266 1310
578 622
385 398
1236 1275
1069 1095
1062 1097
26 54
1077 1092
160 176
1128 1160
1185 1228
728 753
41 73
493 526
549 576
425 445
1185 1209
1374 1418
11 46
823 854
1036 1066
737 778
14 35
1262 1300
662 699
576 618
606 631
173 207
326 343
488 507
831 850
391 432
1179 1214
104 126
1285 1313
1030 1056
337 361
462 481
974 997
1073 1094
678 712
409 423
1389 1430
204 221
859 869
655 678
1348 1375
162 179
467 484
182 216
1390 1416
420 464
164 192
46 60
275 297
598 620
1173 1184
352 389
535 545
957 994
1051 1086
1268 1280
1186 1218
1395 1415
397 437
167 190
265 307
285 322
305 320
497 537
703 742
994 1029
1006 1022
383 406
1388 1433
380 421
1358 1394
189 209
807 837
637 669
737 773
936 952
197 212
216 260
463 505
843 870
146 172
761 796
238 252
315 329
666 705
1369 1411
131 174
1037 1075
598 624
621 660
463 486
476 490
70 110
770 788
1023 1064
1373 1412
110 146
521 551
887 912
1318 1331
736 769
697 742
709 746
1300 1310
309 337
202 238
1159 1197
56 75
895 913
349 384
561 605
134 164
690 718
639 673
59 76
47 63
1127 1151
93 115
14 36
544 584
1082 1121
205 249
1345 1355
647 667
435 457
950 973
1053 1093
78 109
8 52
67 90
1081 1116
99 143
359 370
1316 1344
209 227
252 280
1352 1368
776 816
561 599
547 589
910 942
652 662
690 722
358 376
658 679
1144 1183
1071 1105
49 92
31 72
383 396
504 545
1340 1369
836 847
1246 1264
260 273
1263 1305
882 896
376 417
1088 1117
744 788
125 152
769 806
334 355
211 228
1357 1399
32 67
1260 1279
478 510
745 779
597 628
1381 1426
1215 1260
1045 1064
700 718
684 719
574 600
916 943
629 654
855 880
537 562
808 835
1256 1280
26 66
625 642
540 558
950 971
494 518
1190 1214
1102 1119
390 427
1273 1297
826 860
1171 1209
507 542
1142 1176
142 183
50 86
635 671
94 118
712 757
1367 1410
355 384
390 415
1325 1365
102 135
1000 1018
486 518
242 270
120 143
636 650
371 392
638 651
657 692
205 239
305 333
1062 1080
772 816
1226 1238
1118 1145
944 969
135 151
28 60
899 913
216 242
701 739
600 645
836 857
911 924
1189 1221
3 43
1127 1144
245 259
435 475
491 533
897 925
853 876
275 296
273 295
223 247
793 816
1047 1065
1160 1190
124 141
921 965
507 536
38 65
569 592
580 608
641 682
532 542
193 222
1037 1075
9 45
478 509
699 737
8 23
360 400
1285 1324
16 55
334 361
970 988
303 344
1218 1259
889 905
378 396
885 913
902 931
254 270
48 74
1284 1316
46 79
697 718
756 783
1024 1056
800 811
813 831
34 44
121 156
210 253
506 541
688 729
698 736
131 155
642 679
1167 1203
143 186
1133 1150
164 175
311 323
568 589
202 221
671 685
1367 1380
283 325
497 513
139 168
599 609
1041 1075
230 269
69 109
627 648
559 600
224 264
771 802
493 520
198 236
419 443
149 181
861 876
1220 1256
681 718
625 641
765 803
1095 1113
146 163
1218 1244
196 208
1231 1254
94 111
220 261
34 67
72 89
249 261
226 253
444 469
136 156
27 57
1074 1115
92 109
438 474
881 910
875 890
623 641
942 964
892 932
195 215
29 54
65 98
1062 1081
763 793
363 386
697 710
1314 1351
1021 1053
754 795
438 450
620 632
674 692
822 861
1162 1174
233 245
731 765
603 628
931 970
380 405
673 686
1354 1377
512 526
1354 1374
175 210
1259 1271
839 874
173 189
349 384
621 645
416 430
461 485
1398 1423
604 628
326 342
1247 1285
354 375
876 919
670 715
1234 1274
184 211
670 693
982 992
624 652
52 62
204 231
659 691
627 653
184 215
113 129
16 55
560 591
1288 1315
887 900
946 978
1020 1030
1031 1069
331 358
510 554
221 235
1080 1121
1029 1055
1244 1266
755 794
34 79
90 121
203 215
30 61
1215 1236
175 200
1099 1111
618 640
792 810
965 981
318 353
437 471
253 274
109 126
423 445
664 703
446 468
908 929
537 552
339 370
1284 1327
738 758
122 146
1127 1145
696 714
51 81
1024 1061
132 156
1056 1075
1082 1092
657 701
47 65
969 1006
1193 1219
416 443
1082 1092
1193 1208
477 509
272 289
104 134
271 282
357 400
1226 1247
1204 1241
1218 1230
1340 1375
48 87
743 780
17 52
1363 1403
111 150
85 99
1322 1336
377 407
577 601
52 92
1148 1179
270 306
354 372
980 1016
211 228
1113 1123
501 535
350 392
236 249
458 478
958 998
1395 1413
679 719
277 310
932 969
1234 1248
764 796
1282 1292
1036 1069
165 188
1007 1045
343 384
3 39
884 921
265 293
181 217
8 32
482 498
979 1020
830 863
989 1030
466 506
324 335
1145 1185
840 869
548 581
380 398
716 759
1093 1133
1010 1033
1260 1276
670 696
487 508
1215 1235
225 240
1351 1384
67 79
1249 1267
681 718
1031 1074
1302 1333
175 185
227 258
827 869
733 766
103 130
989 1007
664 702
212 254
325 369
1228 1239
130 164
680 699
355 393
1161 1205
1265 1289
768 797
353 372
257 292
240 278
657 701
798 826
1142 1159
102 137
984 1028
374 400
863 898
388 402
233 276
1344 1357
234 253
887 909
447 491
556 586
886 930
444 458
1381 1420
1172 1203
2 21
677 717
1194 1230
8 48
1051 1075
331 351
1347 1379
1308 1344
1272 1287
1127 1141
709 737
1381 1393
934 978
