3,981914188327192 3,353538825448695
4,2717563117139115 3,307331147888361
2,74662492416632 3,441494008962552
3,4929500514735974 3,099024858657955
4,021237121440333 3,687567189670041
3,891566551891496 4,455043566206525
3,9396359962656513 3,2835180920548677
2,7312368214985896 3,664780763428511
4,000646557399815 3,1608827870467144
2,611202649196894 3,038962612206899
2,543602897404707 4,160029457709465
3,4351661548488415 4,185390851702765
3,3870864562763616 2,5160366464476143
3,8392016303902277 4,3005389342498965
4,290538217503417 2,5117132437598917
2,7592021522375463 2,935883907649786
3,1396929744648023 4,309862710529239
4,283364080632155 2,8758532841798012
3,8069151636713396 2,6435313769880278
2,632897876408685 2,8465004692556954
3,461156743110953 3,497120453716013
4,310397558459477 3,3128897456218693
4,236570243945734 3,092944963608873
2,6945747610222606 4,3640718082371555
2,593971113299232 3,649676495467668
4,266310927038957 3,76077651084772
3,2774946610011204 2,9739130895334784
3,141961465274501 4,158137464545451
3,571455985864776 3,8568074546244686
4,285717893819627 2,9979336741061378
3,7155772425148417 4,094470437023003
3,886874601647978 2,834409084693551
2,8067595756315225 3,257015327443516
4,12158952879703 3,8743579684665095
3,9037039129248607 3,632395035392747
3,589379218279573 4,060309835998012
3,1154506273970286 4,340259767448325
3,8175771986419 3,092078002097725
3,3709124398958243 3,5124926524425035
2,9139994195100134 4,177242439483345
3,338236334138768 4,449086564865643
3,8073436406164065 3,296343336857971
4,316340137898688 3,9489000502148057
2,8564789741162135 2,603216836362537
4,031008748237667 3,5713455773606473
3,2436286227280693 3,8407392809956518
2,942724442145902 3,1891479855203686
3,5442420621325974 2,76543645771317
4,427286389915862 2,699700224364795
2,922597471414125 3,4818022834109774
2,758501071844889 2,52469641735018
4,1122260409756946 4,245572941502071
2,92642830151368 4,21194744175308
3,405275061919384 3,611654808491644
4,4125128509142995 3,201260373826471
3,1823200976062704 3,59777626299078
2,6557559056747344 2,816603310219601
3,6398618888644654 3,1194516885626102
3,6352208800145824 3,929554462129064
4,239640433122334 3,6540616924981624
2,820611241923134 4,289131077810209
3,722026626159492 2,6648030087189474
2,943045476153433 3,446188555948754
3,8225504676238167 2,546589097675546
4,084816099093457 3,3217584489864507
3,1932781876821457 3,5048322142338497
3,5290859612768837 3,050834586927213
2,87580282224845 2,628466300393688
2,820414551841368 3,802645023091358
3,613326186539889 4,399411460890243
3,7357244550268334 3,6619952743271655
2,8446328355315944 4,023699967748377
3,532478223182971 2,824373850076395
3,5090097262907722 4,077371354177874
4,447149580781616 2,646731209048408
4,12070537375021 3,117909548724654
3,5991158466890942 3,5434769786701654
3,7166070693274467 3,109399072714706
4,018211748181395 2,577326603579631
2,550989788739291 3,938497064076206
3,0582220702076097 4,212696985280228
3,2935911318183133 4,4267726960072125
3,433783590547433 3,6351894779311653
3,9406687636961966 3,1936306479368186
4,388177897554096 3,022822013038404
3,745593750955637 3,5688531647253656
4,028410025684317 4,409224756764907
4,16513797184841 3,4069868662086833
3,552884046159301 2,612952921002461
4,455883187211512 3,2630294365615256
3,1289089890974457 3,7260052154232834
2,950368094988757 3,4677091112078093
4,270768900717627 2,916244646506227
3,791927638368789 2,885287229447381
3,6044098428502673 4,096653939706728
2,5235345155212814 2,601371923690191
3,6046878380145424 2,529954473885522
3,531911989551152 3,5141736325057935
3,4856127039076936 2,7558493516901184
4,365600375954546 3,5287987878650657
5,044281394257896 -0,5155755793864429
5,661396655748664 -1,52024980462291
5,145826535709801 0,20119368119092496
5,789634601793253 0,4055023687655148
4,642953286808697 -1,5800888895363996
5,830695267298377 -1,590448792917078
4,583966497005807 0,701110688292427
4,094757862480744 0,2798727262529326
5,2842515259636285 -1,6012400977412296
5,797300457973413 -0,5349835754786652
6,122855163493668 0,1392001377985297
4,516530379576968 -1,163178842249935
5,738752389653111 -0,7521540377767049
4,66109273001133 -1,3344514449612757
6,252396975924147 -1,8861835262882232
4,860170949781517 -1,5452027015179461
6,099446569064641 0,7606433032558355
5,3373349000059225 0,22851440613312946
5,7629040033399 -1,77323941787295
6,109810820633367 -1,3736650821401883
6,51631091151785 -0,8160901170150281
6,336095548429631 -0,17084823934711046
5,517303189532629 -0,5203303508172212
5,749334708541087 -1,8178947772034588
4,520526036510543 0,31357422954623493
4,46793350814191 0,3851921411976207
5,1316573518506505 -1,5489227887890016
6,971710441120975 -0,6722166471786535
6,983915038445357 -1,2396526633210017
5,893361702570456 -1,3661761781252015
6,806989558880183 -1,6333599350405081
5,159939575402333 -0,2881307665754438
6,659160781315618 0,9324269669424612
5,623764946485187 0,5847514240605487
4,107783845962887 -0,39114195674099506
6,009609254144601 -1,3766815374058603
5,983033091075881 0,2569508566642522
4,582196834637236 0,060232381981588645
5,363322262878298 -0,40321246933448185
5,700265063052411 0,5026075351989929
4,3217451635812605 -0,9267675786464502
4,601230736723126 0,1867300895172206
5,480766106317268 0,38452196008073525
5,106498172086512 -0,21489306266088581
6,436990257333662 0,10856380842133273
5,9745874617163715 -1,2716535800593705
6,002566346735416 -1,552995847178384
5,196945143659268 -0,704951074472586
4,117543150144488 0,3749614422461076
4,551247534412916 -1,3165008783594363
6,767908089799033 -0,4283940896389349
4,1495591314329285 0,9633266958104487
6,558070787324174 0,2645972249728086
5,58646020080087 -1,2144572696995712
4,760685834777137 -1,2582279283323103
5,528995682221936 -0,2528420082008229
4,893927513494244 -0,3028716322415408
6,718536122068246 -1,9769838056149576
6,770092033976004 0,1808730212555254
4,595381876149848 -1,1622088903358665
6,8529376305997225 -1,1261501462699441
5,710910732182312 -1,6846129609444285
6,287018782467257 0,3047487356256209
4,982199771469114 -0,04661240012041179
6,589598276865772 -1,8588882554733681
4,7645712902077575 -1,1196900735328352
5,783910931122088 -0,8002170285424826
4,206595100045472 -1,328907595176792
6,4812582154119625 -0,17633455429034184
6,1043353604835815 -0,8118876642345412
4,73111600905594 0,7344707795155752
4,67051046462485 -0,145980589298758
4,999452920558503 -0,12617485071409673
5,998635260752728 -0,24517110499811734
5,705637677427327 -1,8881472294342305
4,23159623856319 -0,18499692460217898
5,343921020992067 -0,31497958501414125
4,190957857361408 -1,2952758056376639
5,852795442836413 0,28543727525465457
6,07605409844196 0,0492147028759633
5,606784205820997 -1,2552244648057433
4,59076398974051 -1,2236709852343512
4,544743460325351 0,35984208817543095
6,260639063935248 -1,4798247626491476
5,141919199672513 0,1667635348643235
6,226075405564554 0,9111843786189024
5,565759390553547 -0,8516535581531357
6,517446313143292 0,8533597714250498
4,388016252785567 -1,7950143699389927
5,308687914005804 -1,8527271500283364
5,192564852867103 0,5314489191345633
5,345685599781891 0,1900138665930271
6,699430985122955 -1,0483721077964334
6,586564971338957 -0,04238319669167101
5,957467237390019 -0,01531115402142924
6,827444356291897 -1,2671090909612053
6,684563789295215 -0,445817466922795
4,766096459733139 -0,5467207530505636
4,807456563440423 0,3163872422840459
4,827497721871563 -0,5259451640469459
4,969669208684879 -1,5619566337918585
4,296740012282305 -1,7272356043096235
5,971645798918709 0,03051408925465182
5,041941434950072 0,9494994960824408
6,572152997504943 -1,9242539988790186
6,213867635818724 -0,8946396977429782
4,676946649060563 -0,7755862654152832
4,210761855276299 -0,7915030140929045
4,953747230129622 0,02996057793771456
5,178535174415143 -0,8214569086678354
5,3662432006759015 0,611766697376483
4,479837125990427 -0,8563148536639686
4,876509763657079 -1,5441096980507194
4,36409060700978 0,19430737782587082
4,936223793329748 -1,703767961943127
4,8609026295725934 -0,9571198187135823
4,761003439146999 0,07075065130696157
5,811754690016436 -0,5446544741143551
6,544020707463697 -0,5349754964348559
5,825602165086567 -1,9479616482969995
4,789675273458911 -1,0668470510136667
6,311362530712536 0,5976961010665738
6,745057362827172 -1,6045966988293061
5,206976933250692 -0,26769641645679076
6,287295381771566 -0,6992730666792406
6,25714215637405 -1,5597101553363446
5,744501429640749 -0,3744435589223154
6,732331089936559 0,05202593984929127
6,651450059521375 0,4679023758679115
6,376830119981944 0,8701465714244905
4,353161561748002 0,40302397439087345
5,991086911103195 -1,2134868165496688
6,097337874082268 0,4395034865464682
6,344252501395353 -0,6617631993806297
6,736439322695807 0,8920572379908918
4,641612433292584 0,9491803518915551
5,709048762881457 -1,9598883429822893
5,024402342348455 -1,472919278354138
4,35612227094231 -0,15722327595744234
6,498988286173157 -0,6657546739009428
5,5304897315136206 -0,8568640869443593
6,626269644199988 0,33319527801682725
6,958522875232902 -0,3514116486933463
5,129919715777803 -1,3327187910553833
6,333710673441534 0,9792525342202838
6,406873881796361 -1,0778640926838614
4,3351892997140276 0,5552038238382968
5,561438969808588 0,6231579626890174
6,979585277281771 -0,17849288221450843
6,994912634119585 -1,4989235949068278
5,537380906605862 0,8695497485480739
6,651305007618433 -0,5245787189806965
4,723547735694353 -0,8357021429428069
6,1045778228580865 -0,7833140124948645
4,827695283135849 -0,5496210963568573
4,488216834152762 -0,2869029740852629
5,983108728704043 -1,8151512853742338
6,642276477108676 0,9791112106228388
6,983263339138309 -1,1725465633958696
6,875230045286479 0,24257318254563387
6,417295830339036 -1,0202864434144685
5,486220112991301 -0,0009612560910352563
5,125218336077609 -0,10373769803783506
5,343498544163266 -1,1635844516044738
6,887562960435337 -0,6542845365589716
4,9055995803197066 -1,8326365201244061
5,152655227801558 -1,0185215019352138
4,92205078832042 0,09844942025733427
6,235102679233771 0,6302121361144803
4,573464804537077 0,25740594832478036
6,926131815391079 -0,46603107870821536
6,595973133859288 -0,8944796597906803
6,009066909014018 -1,5481491560239333
6,167387584615959 -1,811580442584345
4,709930705037818 0,536081910493917
5,795448772324923 0,42347172663571797
5,943957007146589 -1,279252669902391
4,3461529300685875 -1,9317851110621684
6,949808131642785 -1,0649483013540193
6,436729771971219 -0,9525268693574398
6,440987647367872 -0,878736396104266
6,710813491956555 -1,619238810904152
5,964955928258248 0,30483406737313246
6,693432312396535 0,8048624958071313
6,540831497868512 -0,043817361006847744
5,704217304421855 -0,11955345836623898
5,283948980783123 -1,5862556984156595
6,907922159346413 -1,6230728748176
4,46428070687396 -1,310110652894097
4,3766814926766475 0,8064515159785728
6,090721283065238 -0,6852355160219903
5,145838413353765 0,7649741166154236
6,20878832248298 -0,7655979296768174
4,061904960044594 -0,018209334376888542
6,402669643420769 0,49909520695917964
5,8346281844150925 -0,8942351030909341
4,916157784014664 0,9672566856358964
6,653722118608256 -0,060699998059644544
4,885266969431792 0,7704312184922366
6,209955893909001 -1,26082207927298
5,3892578175463175 0,5913450406400829
5,33233544942575 -1,8124199368353253
4,293951181598094 -1,898044695820373
5,644080140837539 0,9453415226123498
5,579320622476101 0,972312094768017
6,434033165172096 0,06890727886636006
5,574619416260154 -1,4191478585127089
4,855532315002609 -1,0127665575963607
6,415490160724801 -1,638670135265531
4,097862029171396 -1,1677559544240084
6,282608916853567 0,8161476667492455
4,251421339994393 0,22994146702564855
6,18999576831924 0,8670373208748918
4,502205975389453 -0,4183433198396844
5,564301157805302 -1,2461740541576745
5,097122610640687 -1,8117882403998538
4,85163117156418 -1,487331051848463
4,325839834066887 0,14548993284111988
5,0425213122262065 -1,8514199255067842
5,346454893352761 0,892795714251422
6,337054674024717 0,852812977849954
6,7274154741254275 -0,07651489539140899
5,9786085318998206 0,954243880685941
5,514268289278924 0,8599567125571226
4,794657928579707 -0,6274518976954857
4,311713560310608 -0,38189232209905466
6,694252130831368 0,7355266900156878
5,421476347364605 -0,8862031137132553
5,640536334101247 0,7747734835853421
6,9332749898001484 0,18971315265404964
5,773604095160075 -1,862685350450078
4,049520913433153 0,2557904299421918
5,980296561076992 -1,2901224395488402
4,730348151853121 0,6314270737754484
4,567877202010114 -1,1804131406166851
5,10376157607164 -1,7622328342079019
6,393949782569681 0,842469257953967
6,443838008688164 -0,25145716228751924
4,127640157889052 -0,41242188525520707
5,155141661519563 -0,6003027633486782
6,094576238518994 -1,5921192053305684
6,123355672420386 -0,9711213482274845
5,016426926911701 0,9126203647051438
4,15142207216643 -0,63759942228848
4,509437685442199 -1,1787605277537332
5,455929652404355 0,8594538336700546
4,171337967939551 -0,9689240080590036
4,927806122230853 -0,5702635747522051
4,663888966935206 0,18429226367992957
4,843126401786218 0,7740363660505967
4,2713549472503205 -1,3527668020734738
6,814308382636142 0,6115839280755022
5,662228966024828 -1,1894218121714362
4,140406659109452 0,47307437753159265
6,715428816394104 -1,870024612367307
4,614722511891066 -1,9779097042083604
6,238889141384831 0,6808939906229803
5,778050464096417 0,6805120438423651
5,320290685508928 0,8836856924594794
4,851150530747309 -0,9982615107886192
6,488424233180092 0,44527320475808896
6,081115548866634 -0,44250902394345326
6,62922136454767 -0,9351896847713874
6,091439602063388 0,2130128292307929
4,921678797595195 0,028533467495857945
4,726649198267616 -1,30238200343831
4,791908450740894 -0,6588160318613885
4,415379792919204 0,8584714091755759
6,8813660762965405 0,10439792206616039
4,736244376572739 -1,2112189506897288
6,53018854823327 -1,5191586018045897
5,690507976145266 -0,4523196790478523
6,202557099731862 -0,37210035152555476
6,416672195542865 -0,6360274877331447
4,107716757512073 -0,009127036682696765
5,730476999009605 -0,25655036406357046
4,5402078784547495 0,23221843845814671
5,986929242654931 -1,6473164178574926
4,583898378396054 -0,29860867953697756
6,6451346608980515 0,847970317325216
5,7415673423075475 -1,855929273698767
6,378307959733069 -0,13156565619136362
6,829452568699576 0,6074465798072017
4,546377725577521 -1,5910700554653825
5,357641581771855 -1,9018188730090877
5,282603179746865 0,3006706882278696
6,6295183278729075 0,5437500254801995
4,687205789633043 -0,27528891859348836
4,065554205859068 -1,0374529370326937
4,154189764815625 -1,4096048009919857
5,057919195915865 0,8326241589569849
4,835018945970676 -1,8538919032158296
6,94308078945012 0,6487443566512932
6,6768804242740085 -1,2713868564557869
6,559743478116039 0,5225627410735028
6,700798171922925 -0,9287366069952006
6,584840126448869 0,2718704035866155
4,852406440540324 -1,1055520487242587
6,5318091441586414 0,5245862966586925
6,999949143238538 -1,3136914094000296
5,625633997365478 -1,0830904842862616
6,807099685228671 -1,0085500186550473
5,681519685679918 0,6178571620442184
4,854547380273122 -1,961943416680848
6,229453733232539 0,8210894680376724
6,0754803287084265 -1,1216947168772968
5,1841164937242254 -1,4194948845348674
6,566200333327886 -0,08022700355841161
5,3392377857275815 -0,7074209437762073
6,865918575243714 0,37585342611690997
4,617906966187938 -1,4122210261345645
6,08420979846409 -0,9196851684114233
5,486388885365404 -1,947152382000925
4,967843852746279 0,5977537251282481
5,552981826785006 -1,313912091449601
5,43965154003705 0,854862456167357
5,952525412097602 0,9971138926094261
6,486769548717087 -1,816328837479555
4,432375170866519 -1,3870448054011044
6,719510845439476 -0,07306814438689102
6,558785372223621 0,9692479442859776
6,50935680472498 -1,2009246799320035
5,003345116482456 -0,3008838589113698
4,8205435198527615 0,10716398865958476
5,046115523526382 0,8242299248975398
5,2146176844674255 -1,556182519578917
6,662268764648708 -0,38316673638670196
5,093665578997257 -1,6414189466730333
5,181171992939463 0,13506803263610134
4,139729574538214 -0,8592114881773372
6,407664978238737 -1,2186131388975614
4,965973032037176 0,5629113684465601
6,356767315860589 -1,7986341626894715
5,800306534080115 -1,1775751114265276
6,724099860052628 -0,660914051819089
6,762224490747101 -1,8412405477381362
4,100520897762047 -0,31293664732036097
6,459493192303161 -1,9785945062926222
6,73761232860994 -1,8516214552801387
4,086028484402229 -0,4110336471308633
6,34819800713032 -0,1606187443770266
6,499235979054419 -0,5361279356898521
4,071636694749955 -1,875516573206033
5,149955185736371 0,893603809281867
5,998641599201516 -0,2395063343352799
5,470974489602382 0,8333204854481457
6,140523361241316 -1,9473673901574882
4,44211943452588 -1,3826032314323067
6,841119028968419 -1,799894598998109
4,1539816463072805 -0,7996748159364351
6,403750528508613 -1,1334198760486958
5,525993762827744 0,055521273702664686
5,158682242781503 0,7271281412657906
5,835394006838873 -1,4522912121755387
5,39661301690831 -0,792043449005654
4,413277355292119 -1,5445573609079606
4,890467858616425 0,1387557925708025
6,898850952540879 -1,7279993955009738
6,650421154317026 -1,9015368172840903
4,058444271371252 -1,3267524521437386
6,596145361824397 0,6895796474790497
4,223068863309504 -0,9118839080595991
6,4985809442523585 -0,03926726308963757
4,469204334287713 -0,7928242508486658
6,148583615836296 -1,8669590585310543
5,281581070274487 0,5937635354160058
6,261347962078213 0,8745867598304558
6,71004792486701 -1,1990583167388236
6,1372713469958144 -1,7825691272333106
6,51389166360307 0,33380012393210734
4,971182802575261 -0,9148410902321198
6,699140515609871 -1,413015147432114
4,79091309313932 -0,021943654716666927
4,264629264803062 -1,3241483676783363
4,9227791372352385 -0,7933068086205908
5,277370457603069 -0,4106889057061358
4,304291689263617 -0,3544457331464934
5,402578564206244 0,5741936378688766
4,0801858363009345 -1,0163135373797896
6,800152698092853 -0,18601726085260006
6,312463722315059 -1,6470676107021327
4,4333663527623255 -1,2982790534293713
4,616980334108413 -1,6552700813977608
6,499709988377869 -1,5836786335049946
4,651838872043237 -0,2369902268614683
5,7621464097981665 0,22878784773938232
4,291548812675626 -1,183434576395568
5,682823218337399 -0,46389761299039245
6,001659843879537 0,034186169170741465
4,255829991984116 0,47759166784304297
5,8600245825265365 -0,10443807307178554
4,860109295838804 -0,23104282200459814
5,302870677320824 0,8639996114034467
6,298962838967146 -0,6624621336480674
5,24544458145228 -0,8720534178812578
5,480189674219689 -0,9000362955064585
6,9821912405129165 -1,7878099677135226
5,666177698555774 -1,436710353899095
4,400570656597952 -0,4937396665601972
5,333555881629165 -1,8024833873706374
-1,6354501444969198 -3,2687270791470184
-0,1284590116778379 -3,0148115385716747
-1,7473297604874705 -1,5895708088855844
0,530606541675577 -1,491174417349261
-0,5132628285251177 -2,375845446330091
-1,0787291196765667 -1,8586809721846305
-0,7737605347100108 -0,793586787291324
0,6561579333922465 -3,7045407835576056
0,35742342839383845 -3,568116439056366
0,4117294906407749 -3,014817033082366
-0,6642517274126272 -3,5559090943665654
-1,6964588472813311 -1,7211199158144606
-1,6743894669877244 -0,983588069236307
0,23915220553960026 -0,7919398842826899
-1,1117950478939802 -3,0846135707481803
0,6244507136821955 -0,8680387233474107
-0,8354499038950148 -1,3699897478324443
-0,45142700899055477 -2,1427020785546547
-0,6836801675091129 -3,152756071553618
-1,195540380050844 -0,8423463657159376
-0,6777257518380657 -2,2463128538171855
-1,1719575805315414 -3,1718865921771133
0,2303068708444722 -1,037797738321803
0,5723508988042951 -0,7558024935129173
-1,5779199446919914 -3,350562004331027
0,36383760672364396 -1,1836027063689931
-0,9899241759747214 -3,3211671027737912
-0,5670344247135692 -1,2197236251783736
0,24665682272066336 -0,8817291953555935
0,2771348461188774 -0,9898131032102446
0,252669498232748 -1,5756149009827016
-1,4765450377686302 -2,672469424558454
-1,5253056040004538 -3,2012373869647988
0,7348861741833965 -2,427291660496809
0,6047588854885491 -0,7830151493076438
-1,380675295325824 -2,0582668713417345
-1,1036445402939443 -2,654452151311091
0,5708124942536958 -2,1788039061822646
-0,3424397205640197 -1,9227239705694896
-1,0578128104209839 -2,940410799877701
-0,15802001825698508 -2,5897403895015305
-1,0934107294057722 -1,848265070288428
0,6978965386303226 -2,1707062636337757
-1,1023370072102583 -3,5721302464513363
-1,147391637469529 -2,4338772600398713
-1,381936191154113 -0,7602139279922913
0,41603816722371656 -3,3392532123776535
-0,5843612487929766 -3,483255435856825
-1,1425242741945791 -0,7985359686838356
-0,12220025160314085 -0,9894235343758702
-0,6000774028850147 -2,219032916814637
-0,3301336699415476 -1,817596004617442
-0,9259785959174606 -3,598276590550896
-0,9719141790293082 -0,8944193708288788
0,548108956273496 -3,547939507269786
0,6087837210800537 -3,38782719700934
-1,1553891306950386 -1,0526174632389629
-0,9981495740731573 -3,2371085370706796
-1,1488419538782877 -1,7719092755327612
-0,26123041583910256 -1,6703382289390967
0,18583439071876473 -2,45428847845251
-0,6961146510339158 -1,4665819737195944
0,20676733954648707 -1,6906341904107292
-1,3520397542537053 -0,7510436396386444
-1,324662051428846 -1,3715014553370577
-1,650118447132645 -2,2792604248937263
-1,2732055063023944 -2,290296557466564
0,586217183451069 -1,7781539999297584
0,5731998324195766 -1,8772315207190982
0,09163202624759448 -3,6592684963998785
-0,3089809796654912 -3,585943175463801
-1,1066404276895743 -2,045759247656008
0,2568846739340631 -3,031011384825052
-0,393234443422108 -3,3931857488220887
0,18678328637506514 -3,1560008254325824
-0,43238039280265994 -3,692464872508742
-1,4042239100466967 -1,5231940286923105
-1,0084057682683916 -1,1608514240641576
-0,11175640008119281 -1,8160041334490131
-0,8770513240591287 -1,3016140630413684
-0,6322906187479869 -1,5202429521500416
-1,73935186712102 -1,2981742670756677
0,4390025443042491 -2,393141853956789
-0,7631338101452035 -2,425256790762165
0,68436573329716 -0,8861804196960836
-0,15024612364041134 -2,266514184216363
-0,8901167992771709 -2,666785407093128
0,6964861091733239 -0,9795744979660341
-0,5926421522218028 -2,3705905259752997
0,09221298242137577 -3,361993692731958
-0,3254487672502746 -2,024350516014703
-1,6927729377068832 -1,1104499201971714
-0,4601929525849551 -2,774753372922152
-1,3868469348122534 -3,6969026127169813
-1,4259395885620434 -2,028497600813987
-1,542250232973454 -3,6840280609071483
-0,0461638290985662 -1,871731753877122
-1,4381290566213147 -0,7706787084202666
0,4139668537557011 -3,1623802546630553
0,18818547698384647 -3,338288592497104
0,48476337307132633 -2,8234946156740994
-1,0795696120953429 -1,5044860019957893
-0,3615572832672722 -1,0531290737347705
-1,2459795977791241 -2,1637469492553656
-0,6299688905687697 -1,9735586924169783
-1,4965820994142003 -1,5510610346305094
-0,20745367545230908 -0,7826707649817517
-1,1814271734913295 -3,150006208412118
-0,24970765646360893 -1,1984888115294394
-1,146610376695388 -2,918943639506884
-0,17284769966103775 -3,641978307850771
-0,4706506738168996 -2,1236978615342372
-1,2784262115865856 -1,4725177405684677
0,4106752931294291 -2,880246584891809
-0,4175852514184959 -3,6168565690859564
-0,9263099076425689 -1,9385525229434768
-0,889151051333117 -2,056932250381674
-1,6530851224245489 -3,102916591524146
0,6167285378897325 -3,0861222366253047
-0,16907725803382112 -3,1672762925284275
-0,9082144659673231 -3,172797438418251
-1,1641418857966628 -1,2855908251787609
-0,8619138929999227 -1,0411769491908447
-1,05846238338394 -0,9453581026441413
0,4797684880802935 -1,2135864411710742
-1,2883057428728923 -2,7335730050382603
-1,5149524491311865 -3,0048715746638677
-0,8979670535090454 -0,9941346126123407
0,3910549257874214 -3,3088349512080257
-0,11241615307803521 -3,537782284672776
0,4130447198807463 -1,1058320248663778
-1,669470153327405 -1,347702390606246
0,2650724194333298 -1,1589566811486929
0,749004238826982 -2,747928669736315
-0,8760647534338382 -1,7594933109145043
-0,2487440275913877 -1,0070800998096892
-1,0400962489132417 -3,4539108382449193
-1,2068629375390754 -3,482880771958752
0,271379121883772 -1,091671266175759
-0,9910031061871423 -3,661629412527781
-0,7533129606693568 -2,37446774848319
-1,5562705474345968 -2,2015751697447925
-0,2785302556125724 -2,586271546189047
0,3251460337080814 -2,8855414437873335
0,5520772459397092 -3,4079541155698028
0,42929570125460303 -1,52185792919449
0,5204353040016834 -3,642163233189278
-1,2473082351689042 -2,3636949312974616
0,30568245704281694 -1,281760738006028
-1,6554439485508934 -1,5530121797982077
-0,9146067281257024 -2,876002391188857
-0,4670063536212381 -3,0903007998167493
0,281340628758342 -2,320275865384411
-1,0259048550535552 -2,722484865040197
-0,6165637715709242 -3,700218496682304
-0,16217710376191885 -2,535235252445409
-0,40620643081668106 -3,7234446702410673
-0,8628368446658017 -0,9285025908801599
-0,3261156658318938 -1,6088795230721624
-1,2320895471663167 -2,84776252174898
-0,18845549975629305 -3,2324711181004666
-0,42339686244830554 -3,439778865832373
-0,9447719089004581 -2,9933480599638154
-0,09270383650158798 -1,234254045098611
-0,7705954564772319 -3,491989922013291
-0,5698873403574594 -2,822103223061941
-0,34628391819404203 -3,340795480704842
-0,5332992575267181 -3,4228827157646955
-1,474336806488962 -1,3409703708501892
-0,9970845587716568 -1,8999830773201025
0,3361242957905701 -3,4710191636728145
-1,6760099263415484 -2,9842646411307148
-0,3836629219549976 -1,6319481165346965
-0,770352277521807 -2,7230834631434813
-1,7238575575208512 -2,165975837343237
-0,7004912083698311 -2,9075195453509113
-1,670087958073397 -2,2738535675636378
0,33664286703439217 -3,022815923677646
-1,447225516073087 -3,39256232753206
0,19242206216809432 -0,9874266961792584
0,27994348754378784 -1,435606985572158
0,028421265278084196 -2,054193885431885
0,2113939632878774 -1,0531895660220845
-0,16123490400408924 -2,9316559591381153
0,34272811012757565 -3,264170156407931
-0,864387318769188 -1,3212052686126876
-0,21424353045360323 -2,5046402299275967
-0,8482733445322761 -0,8412080009376601
-0,5453663054998923 -3,7459956758519657
-0,5040121175712791 -1,251367883651751
-1,0886124986613628 -1,9373500547250506
-1,0875109050686138 -0,8104693967229153
-1,1887566753736323 -2,476858591123997
-0,7026652474602613 -2,1659552772663395
0,24098448704462716 -2,515706969154307
0,30451657037331215 -3,576583513463851
-1,085566484594351 -1,4113649642399548
-1,4239158124643065 -1,5791693063858512
0,6125511450939967 -2,9498345122533283
0,6173413766593079 -2,1684540584411947
-0,7135001554011129 -0,9273721884732247
0,6003592943651328 -1,9457267085060126
-0,39292180136399724 -2,660135002257677
-1,5449651082785805 -3,742126268042299
-1,2535108662387207 -0,8000328195650095
-1,0977532512652586 -2,158341630023866
-0,1587405997323028 -1,1922894412668854
0,7156020462969246 -1,0398997926320694
-0,32158739506469747 -3,1682805693985294
0,2189644752325386 -2,1098404916461933
0,06472616910368911 -2,1305448204771276
0,7208130184133759 -2,443392486022517
-1,6848556313003353 -2,575150565964473
-0,4595275182462677 -2,3513123460072523
-1,4724930228389497 -0,8891376539819578
0,6316599077019114 -3,1522967095911807
-0,8695752915827644 -1,8295743069127823
-1,1920560752442326 -3,1786000998287234
0,5326361524959133 -2,9050682799077316
-1,6695304867563507 -1,0238710008416083
-0,42721589709513186 -1,652751191320001
-1,5391397899093633 -2,0993012900100414
-0,7761395873434771 -3,1047749864953857
-0,9826435698905616 -2,584026816993929
0,05168847900120266 -2,1446249112205864
0,5486672514306878 -2,5241656226411284
0,05607597267612796 -3,5228068248627795
-0,7182931706732993 -2,22539477144453
-1,1526688458040464 -3,7046011231821185
-0,10087106714837968 -2,8893016918487584
0,5038179366962101 -2,3553810276672116
-1,4781541191452492 -2,26608721582747
0,42381839117541276 -3,410305589618836
0,09478703318257464 -2,52340135488929
-0,22673811945339972 -3,616704251442449
-1,595691264350584 -1,6209083958902637
-1,1737598561031943 -1,903075771550709
-1,08634214337316 -3,506243611059586
-1,0328209615925508 -3,2782231315159596
0,3079911986368127 -2,988901339446919
-0,953202827208522 -0,7979531937987754
0,588456964497063 -2,8568995989509074
-0,20753118885416622 -3,743103979099964
-0,5072356032173051 -1,7218913601916324
-1,3799774799891502 -1,2159029929256318
-0,696835147479046 -1,4665001008033767
-0,8054642972192062 -1,0795782872165702
-1,192261196844117 -1,1938940863522554
0,2541036047972107 -1,9164025160666576
0,4470180482667421 -3,284410852485378
-0,7216098031737923 -2,2418112416776035
-1,704441931116618 -0,806058552711781
-0,7758939744139379 -3,674921037737185
0,1640407280379974 -2,5940907686545933
-0,026238684062658946 -1,8625618362011478
-0,7418483943056531 -2,4690680417333617
-0,7165797961928908 -1,9675102282619275
0,008327040453917967 -3,190272534338358
-0,1687288960447728 -2,6297680518128406
-1,1098783860542403 -0,7803711650369363
0,46957546892148905 -2,144170978396547
-1,1636368820341474 -1,717275705097443
0,12576202564441363 -1,683487617584721
-0,07612680390345927 -1,409311969584091
0,4409304272058896 -3,4078224311556586
-1,5473079935548244 -2,789382870575912
-1,0155327812768213 -2,2735214974882023
-0,4942748687954177 -1,670639504460457
0,39449794153775786 -1,6909895705633922
-1,3354539956023543 -3,591681266412882
-0,1517169613482321 -2,1970521251567052
-1,4860147071689431 -2,3234331359031675
0,08659893999266144 -1,5605045018285266
-1,2396417487978548 -2,0347186868245046
-0,7499815185178433 -0,8743631487647496
0,3803506225332547 -1,409006275488446
-1,3494621475640896 -0,8746746829397041
-0,2027155223007675 -3,384364115246229
-0,9094112255395538 -3,047900232618514
-0,4224383194002488 -2,4429140074964906
0,5713290737381405 -1,191590936123644
-1,499180196397233 -1,268148545827748
-0,2811838389675372 -2,384843708696946
0,47717613768835676 -1,821070912629021
0,2546621442921788 -1,5904056447701738
-0,1332446409171315 -2,9443910119439423
0,5361373670486214 -3,5646813891731686
-1,121334024699067 -1,9440809905208245
-0,36732690053628203 -1,5942193906285964
0,6537048220321378 -0,8314354477624075
-0,507521821661084 -3,3923623492922466
-1,4556158493675988 -3,744626256470138
-0,45492646442232676 -2,201992392105116
-1,211970087549711 -2,701001374602924
0,10918323854927436 -2,677278054178743
-0,2822346873980881 -1,996882846492622
-1,2827776317318678 -1,9776126027070093
-1,2987683324715067 -1,6420347443154597
-0,3891366800002225 -1,5052953865573464
0,6990339440744497 -0,7896507546164484
-1,6078479283223297 1,3445920436710153
-1,7899236888529764 1,6858482559310972
-1,6121297487020616 1,2989293703322398
-1,8048815211722422 0,9732142130343291
-1,4276786902164278 2,0998036775690663
-1,8623881029473508 1,6242927743814715
-1,4901606171763848 0,5765546692875774
-1,6790760890546519 0,5653038356830238
-1,6935487978258634 2,4810939905866265
-1,4988937930661692 1,9621340154136893
-1,3596056339088283 2,217133927320246
-1,8765282190078412 1,818974332311688
-1,8265645201094518 1,452175669434354
-1,606856585647479 2,3304365502512043
-1,787921707014684 2,0034402742077955
-1,2726967982483788 1,612494669395519
-1,3853423026431102 1,5327939297791604
-1,2888151636073595 2,4271149141647097
-1,6124445157423404 1,0742614508240682
-1,5519229185831382 1,9030634089578244
-1,8880246341597828 0,7440178492471081
-1,9089319904914288 0,9884965864397233
-1,2520936690553004 1,0806038808023668
-1,151810428758179 2,118673273351238
-1,4417223282967784 1,4208237808884492
-1,5337270103929477 0,9062922020643649
-1,4441390842119648 0,9168974457041459
-1,8908179281082305 1,3471646113491749
-1,4295022495158958 1,4655989514520626
-1,1867855933343394 2,4034452760893545
-1,9225986562707051 1,44976063619353
-1,505198844955931 1,6542718321121048
-1,4493480866421335 1,4446230200012198
-1,3495535971444441 0,6648930714755756
-1,0923043451963461 0,6030758545659758
-1,3938852567743565 1,0487150983454612
-1,442829912805554 2,45090020995526
-1,8314376668682217 1,9400799505050563
-1,8832935874502859 1,2261334301107023
-1,3508946448328945 2,4536804922142057
-1,4316606038198376 2,067631834715064
-1,4872542152572485 1,270066736487974
-1,4197883665660411 1,413514243204555
-1,0595271101026504 0,9024694297113021
-1,9870096420552519 1,1124408985983187
-1,9100744879082276 2,0571725421285674
-1,0212879055905768 1,085577027515495
-1,075655993273216 1,8442399825686457
-1,1921052559308638 2,41320051127788
-1,0070510370786923 1,1354601738500691
-1,5644552012829895 1,8295225067295737
-1,0681014133506381 1,1579082439340211
-1,5152570142702897 2,352838395388594
-1,6294560959761017 1,1690451673449422
-1,8397323175813416 2,137960754655859
-1,6063437334966264 1,1686656622688616
-1,839084969549345 1,2815306785327205
-1,762113309483014 1,4941315192719198
-1,5232668990575555 0,7481453299367535
-1,9961370510977785 2,179991082968403
-1,6861672190733707 1,5221418790424126
-1,6493314626504842 1,3903900202290602
-1,5176365231342448 1,0154424280563097
-1,26382766100275 1,5007114731676223
-1,3929187606306805 2,1978447739843046
-1,3977974320874256 0,6282773212217354
-1,893622697221137 1,3466265022788644
-1,8790853473136502 1,3360668555899977
-1,5077349229944617 1,3984332137200641
-1,2318144903690373 2,029027105635041
-1,5229150121849326 0,7448507545021699
-1,6093737996983974 2,403533888145219
-1,6888766952459777 2,3577871762422067
-1,9442155466680133 1,8619639672596353
-1,13628805861793 1,341497246167786
-1,1912911295799216 1,6109331333127666
-1,2133529804819378 1,0349793822038487
-1,1713148926569956 1,24765436208884
-1,3992920735522296 2,242672048224189
-1,9900672091858493 1,0532555953643168
-1,1471923370589119 0,5538368847051729
-1,0554147137336434 2,091444415246309
-1,4468591918820035 2,3484384514383025
-1,6206326010033347 1,7118866754861066
-1,7412762683997993 0,9857724736146765
-1,6057854932578346 1,0512162719757217
-1,928734293437456 1,2213004208739804
-1,6769656561891124 1,3428102799547368
-1,992346536404276 0,6430957511126529
-1,1919907086099857 1,7222250201213167
-1,5625690762511173 2,4978899984484304
-1,6828684051039224 1,295144458226701
-1,2534396220240391 0,535088668590141
-1,7219111848295399 1,9873479558013245
-1,231951141216327 2,307128801365577
-1,8618716266340782 2,473760322703292
-1,8036876873052252 2,3090785419478586
-1,3424443632256007 0,5337809586039115
-1,593868846074058 0,525251504367322
-1,7119372057574442 0,8786577041223063
-1,422372991787315 2,205453850908301
-1,2363821906616197 1,095578711604739
-1,611521113904085 1,4733923456705666
-1,8110233296770761 0,8640556751267436
-1,3290226342286902 1,0149135320038698
-1,4608891597455025 1,7489656489267447
-1,3305396707114283 1,0006841529829613
-1,2538778621474036 0,6140022292325062
-1,0432509821609162 1,5424331310343609
-1,6853583596314976 2,221613588483189
-1,7715038071513363 2,0033033972465857
-1,0313324697861062 1,0536108555998391
-1,8604725095322232 1,7897579429788948
-1,4737771144384681 1,8601952916919569
-1,2213952232070056 0,9128110765360229
-1,7307689704668863 0,8539236820314082
-1,7700464472136492 2,0068324084182914
-1,8832603331946127 2,044123307805406
-1,5279550559901371 1,3876992458321709
-1,339027159561144 1,7862631838051113
-1,9587832146788595 1,0444804564355832
-1,6786150399131654 1,6176740959565692
-1,8451620235420054 1,158465019897101
-1,1483928979476588 1,7215081910646384
-1,56726155048141 2,2570449382683293
-1,0704887487887849 2,0103284941968353
-1,0731012737980539 0,5982246890515464
-1,065248587964295 0,6742910764078764
-1,9317288139946014 1,7029643628452835
-1,4958905076954667 0,8046371334451203
-1,0768597689424255 2,2650910783142066
-1,6970301496205527 1,6510496176905058
-1,102851539597473 1,1147998917109758
-1,1096133677764284 0,739610000836681
-1,108939222930545 0,993292447048272
-1,7996931296975935 1,8982640044543728
-1,4350090658034058 2,243116564874625
-1,215574218459335 1,3340148950864932
-1,272127794159196 1,0754348870545587
-1,6568714732749774 0,6863424074982796
-1,0036261752969298 1,8146644187275944
-1,1536308272674356 0,9869534930433463
-1,4462209892453646 1,702678115873858
-1,7593566138446644 1,9475814859475098
-1,8864401208514554 1,1797247743835115
-1,597187770008865 1,4917257633457748
-1,5776607151250324 2,0294663045473182
-1,453266595009109 1,6425863888162995
-1,7075982800541434 1,6054393074476976
-1,194321149256742 0,5554441016171285
-1,8128714977108393 1,4266163492664108
-1,182913317202705 1,4530065579242943
-1,2053531374135091 1,7930420757076384
-1,167361082113698 1,64131170534638
-1,8956896940594234 0,820885470421483
-1,2532391593563128 2,066597432468179
-1,0565877402363877 1,8212700261743495
-1,820760212243942 1,971282798695928
-1,952457089860634 2,475587052620779
-1,783456958825648 2,2276980491963254
-1,5821151181727793 0,7713941813966247
-1,1882795627733613 2,329634101588187
-1,8765625329297972 1,7803573917468125
-1,987144278410438 1,4858797151631489
-1,1416403329588047 1,0332181701878775
-1,8508093702025366 0,882486519072246
-1,7512412843173157 1,4048476510124324
-1,638065546070716 0,9149987001553286
-1,9409475565233747 1,0913682011897623
-1,6889776772716023 1,1167361697039335
-1,9782307950579536 2,3840371613405362
-1,4304975762961547 1,6394109885565793
-1,7337106927239074 0,6617952675475827
-1,4054818858871925 2,3138231539742407
-1,4986747375673546 1,9947526550697783
-1,0968264575324147 1,9415416452850633
-1,6871363368782237 0,8757727789578094
-1,2621650443654335 2,3954013249862003
-1,7738982917937263 1,7678065875319395
-1,7110236529213987 0,6358890536222146
-1,5104706888118336 1,700187219734391
-1,8182995485934692 0,5533017619283334
-1,33430218986154 2,1419132629707276
-1,6187185006358948 0,5900358772347181
-1,8377726182289944 2,458009580236368
-1,53543759331607 1,0406803658098196
-1,5582781716587122 1,6448304437122387
-1,7473227639594051 0,8037618725795275
-1,9997236386135508 0,6655544266440234
-1,8436835311379856 2,0310107764475873
-1,8083466024261436 0,9794006990916475
-1,7262575178109332 0,5221452766559884
-1,6105552600746773 0,5113269339384627
-1,1469428565824396 1,7017356833006676
-1,488026132923948 1,3472840692198627
-1,242109305116713 2,0868319810072347
-1,2246836224529685 0,7412885235628419
-1,6261693832747524 1,694456130963984
-1,8257010064087122 0,6988573171088477
-1,4108488975078226 2,1890085095139327
