1,325675913024121	2,0225602974028596
1,854580803526627	2,8113822553905394
1,6174640757481291	2,157153995340995
1,5885012620304353	2,003116788307642
1,7242969730290223	2,228711691221656
1,5234542717365709	2,0560630670495588
2,080520142426239	2,2772688309510443
1,3835850751054095	1,3445143873993135
1,6465544855957088	2,045994676470098
1,7386097193751322	2,399695391855621
2,1868925940020354	1,9077262926332674
2,1533193759269755	2,674509184708517
2,236389662940786	1,7018205120045329
1,593037235742822	1,9863342987730355
2,0422606984110687	1,3006300343832788
1,245904571587832	1,794459945969927
1,9946116671228626	1,7054728811448518
1,6859898472252255	2,4470014755095075
1,5219513150199435	2,029672780332356
1,8254528509245724	2,093016742019686
1,6094503010729464	1,9276085336976658
1,8255522793588965	1,8933712443176274
1,4308844965438274	2,0128116728372563
1,2570204137680263	2,484928235693705
0,9414748033988338	2,178177630789016
1,4488626465854286	2,3355990066552685
1,5939391598062251	1,8402181755912912
2,0652782472116273	1,5849079386839537
1,205893938454509	1,8265777172631836
1,623298334927617	2,2810975574617776
1,514461428648795	2,809653210260445
1,7194871185758216	2,008732259905287
1,3282547224099441	1,594746892336846
1,866927900098786	1,9600271955954716
0,8105626689078764	2,115488626242506
1,6108211140310726	2,0006990678304457
1,6441041053806853	2,063907606184513
1,8971828782078632	1,8315729742420024
1,4048563406208205	1,6730865420832797
1,1580262334332303	1,978796742936658
1,5008701490295921	1,8970789391005918
1,3307103429808713	2,0705931180199872
1,9203180338946553	2,0058517655316117
1,5587370393573838	2,301854296905709
1,2086070638085915	2,2588427142841487
1,2973252907791277	2,7497150655110327
1,9788863339050913	1,9917238654885483
2,1670411829393514	1,39695816500119
1,7221925125312563	1,9251289024388327
1,6109742327083427	1,3796764133434927
1,4867896177416269	2,0371019589260837
1,9508324388478617	2,3947817616450315
1,4434613196893116	1,7258367321912509
2,257985769207865	1,6116000690869168
2,070350745811699	2,529262792983708
1,5983190373091962	1,9380207619923522
2,144856454187346	2,1966821866489163
0,989813720842698	1,868221184303326
1,2613186213323604	1,654451827095155
1,5934070502817435	1,8815955039891403
1,5898509878219744	2,1593548896197734
1,761640261130799	2,048365391474833
1,4678021709168245	1,9572384508543164
1,941002924294514	1,9633372638891182
1,973003379382413	2,16561949675353
2,182387619553595	2,1631135903423964
2,2870578337974328	2,452847015231478
1,5719310489446976	2,234859734907041
1,4549451328572411	2,346097766543657
1,5050250391246378	1,7878072949457804
1,830323385667246	1,4610174630077313
1,6493833843620833	1,6260932847071174
1,2449317195497336	1,772347734991893
1,9289104156804542	2,090204268256929
1,8064210546303503	2,497185431807581
1,7344615187558197	2,357835336729336
1,5241638920531675	2,0792097628404695
1,492411221202591	1,4646582341346468
0,9816222414141496	2,3470534818061255
1,5827697259844518	2,0944563597709727
0,9311423901938575	2,2316151943982905
0,9557851255760224	1,5613966934940833
1,1005425428104274	1,7913669586936136
1,867253793615704	1,5359251489798145
1,2668193713886016	2,094379816534681
1,920926655675594	1,518636294503054
1,2315842365881609	1,5682798447929298
1,6420999002842442	1,9620400243143448
1,7487549447288742	1,6262389087394846
1,812189359123743	1,9990785608207982
1,1290881053707205	2,5793652817144253
1,2040390496578137	1,7755018076087046
1,6129115678246215	1,9613427904904583
1,3244734879038083	1,2582169482000989
1,4439834289167082	2,120570488657312
1,242353025577863	2,1411118380763905
0,9350683227636043	2,426388245848054
1,2021754215259215	1,556817203924638
1,2311720809655515	2,0033529715695884
1,7391926613133832	2,201556323402202
2,0290183348514716	2,2613133511680634
1,7191520751175247	2,230153806098124
2,126632535793472	1,8253853128716995
1,1597849957939663	1,993437649042094
1,3679179993100614	2,2297945259663527
1,3015636652131024	2,8893999278620313
1,1878381099224515	2,2899995096032657
1,5572607582091265	1,952163425499334
1,7282404515566205	2,225867984120547
1,812981094816949	1,9955021209134298
1,8945246173338866	1,3179826222899225
2,0154190783965005	1,358145265649994
1,588201962896354	1,2367736095400395
1,9910470852245463	2,040809452137023
2,323112789745769	1,938380446026959
1,3638450174795604	1,441945149022985
1,532170671627925	1,7766207925033677
1,6313878077529211	1,8466535143669272
1,5902343186922772	1,7881213372173304
1,5993524021368637	2,1536841293426914
1,3207022703984654	1,827111148545451
1,986487522349174	1,9535376007903462
1,656638901170382	2,369999254592975
1,6105589922445922	2,346489353540735
2,1366781185886348	2,132746579249604
1,3455264685043022	2,0383864903455957
1,5168087268423427	1,8418458681230159
1,2059505724004045	1,4113032803892507
1,7771304642276924	2,115318568687134
1,6022432540554685	1,262755948358349
2,1424482115721664	1,7026456181270926
2,305784357121046	1,7116558763449685
2,332011521255249	1,6798083621446003
1,6381927715713633	2,132876656385252
1,8068031882161741	1,3121892306346317
2,329286733773844	2,219857476907982
1,6126016968624062	1,7449991718762872
1,5597255905502003	2,443051384613964
2,122507239093324	2,4321766980899366
2,02376939403401	1,5228787723355854
1,7079928112396385	1,9163711547960567
1,1793300412744165	1,9135817681161498
1,9902513600515739	1,7963669223263903
1,5872070007913426	2,1728879793078124
1,343583440175614	2,1255826081571603
2,3897617221279606	1,9834656454889141
1,229428125770822	1,5980604612060536
1,8328780112322303	1,612584695853391
1,1417703048979764	1,2595820562452993
1,6215525754834974	2,2627112937174307
1,8529631510673135	1,8649774656876743
1,5882634562447193	1,9763071200309636
1,796078676684973	2,719465389355423
1,2721285024813358	1,979614575565859
1,6191105970378772	2,0559240840006914
1,047126817202947	2,6094706345747345
1,4190338650032215	1,261500702085315
1,164661180005373	1,4155415454238176
1,3352429132288575	1,7671404295891442
1,5544040219734827	2,321571947814414
1,9987768056249369	1,7958366660525495
1,8024807782049153	1,4341571910568292
1,5612466015107813	1,6480181618424925
1,343412643784249	2,0929885862781177
2,2054621254910254	2,1142372939851235
1,6588019337849769	2,1136687315135845
1,551550393165286	2,4026723348363914
1,781192162899636	1,3234273955853477
1,5363915481097297	2,0941338926155293
1,1466314873379342	1,7619324787335053
1,394447267170206	2,4757594862768086
1,7522948913013792	2,596700693463517
1,3817871268362762	1,4069837259656395
1,7317240073155276	2,8211646348875794
1,6200684532394702	2,0100117282202103
1,4205541117478468	2,0531256671542994
1,596837148901883	1,9953261620928442
1,2565335291564597	2,0173208489633145
1,3182638236667805	2,2083349208272867
2,0157357299355954	2,0663663827788397
2,068756086758764	1,6415460277559113
1,120121352056512	2,4435081588962695
1,1974505078185167	1,8373139596424264
1,4762739692096865	1,3357950777972556
1,4252279790644269	2,1957163216936206
1,3801864926934262	1,8718482553204787
1,947561086516492	1,891319994868151
0,8826060047534263	2,236982648167384
1,4948989878746963	2,3725909612192506
1,2767751018179019	1,83429487050897
1,9503326967634371	1,4160547104709837
1,5912483155678552	2,0163580705948663
2,0743847711461387	2,727893361221323
1,9729487376004478	2,523250668414831
1,497677976051035	2,379346865214411
1,421256259410416	1,3905551088391381
2,058913919545727	1,9609333564234115
1,9062998817474646	2,148698242730617
1,7939867765051616	2,546816304915709
1,3975567730446148	2,4396272407228166
2,0130749681851543	1,3187512147283322
1,2211761840263926	2,522129580302441
2,056493660451999	1,2492406092266672
1,6096401641210256	1,7435380322210563
1,625618249232711	1,4626324788703986
1,4392547204695965	1,942593242757836
2,256297694096985	2,171900651499953
1,1202794892987158	2,175953033326465
2,038300298365418	2,1446249948955978
1,5748919811843902	2,0876317944238254
1,6701050765359475	1,9800978804187435
1,970911789108658	1,8138050311965905
0,9342163571772018	1,9768575594612168
1,742401461312666	2,860029498146064
1,5544311170015837	2,8008974843349015
1,7042601625020157	2,1331879796175546
2,0918192490778744	1,7377766229805731
1,5840535721857216	1,7997688524610687
1,0874797939421188	1,2991546281615949
1,6043650700117535	2,7542535583813073
1,373169218149868	1,8813027360679204
1,6363729535538447	2,0134191072925245
1,9000708169905305	1,2591132341767852
1,7286364429654673	1,6013127806775085
1,8248602450207692	2,2227604611497953
2,274714472836897	2,5003576438643407
1,9029880854909202	1,7518836570485754
0,8632466687493132	2,141915979544116
1,666939785357032	2,0681990760909716
1,091916751802245	2,471539121946236
1,8038801342188502	2,7436976570096996
1,3530200226059688	1,4063098215746206
1,5469862061373423	2,4155097161106402
1,5724114934028304	2,7712732465888306
1,4489274947996629	1,869817270479499
1,454144522895199	1,8858094759547726
1,3991729163487991	1,5939142899043661
1,2365697699850884	2,3546209444758204
2,195861181909795	2,4832702109419764
1,4911329552171297	1,860781318110645
1,67037362450433	1,724956178166165
1,662996000709083	1,26128798626201
1,6024776103123284	1,9964738043130976
1,6032068162429927	2,072177699327513
1,5359890007033394	2,4015074179637548
1,481340961803641	2,465948701452782
1,8435592281100717	1,2215814129562874
1,1147266892505165	1,8157539076185683
2,0232472275295805	1,4279520944612
1,3700622909046025	1,7094617238679923
2,0896980004078527	1,7644516977847124
0,8966933434630289	2,303844368560961
1,5333212385170873	1,958121116644964
1,611047534021901	1,9496947862341616
1,5092381061129534	1,8050889060937798
1,8735492631883592	2,0232166113324657
1,5140420582100518	1,3553548692885826
1,6279832585818306	2,1065207220732574
1,0568792050409694	2,094290349240743
1,6841314665277198	1,511514317634567
1,7615763960778377	2,0146170603207323
1,346944220004727	2,045717075277472
1,3034834675808167	1,1805195592990327
1,3498372246979877	1,1026787563402864
1,5472493772113702	2,0020722748512716
1,6305672827248663	2,9549975203613803
1,704417224486899	1,9858451628372258
1,3054982396255457	1,3610474266844843
1,8491232024150233	2,6521800326414837
1,6227122890614871	1,987623272861212
1,7337924897896777	1,9327885314543938
1,7084083415348221	1,0845454912944676
1,6271283881551422	2,0122516113292317
0,8963682523906688	1,628189039780714
1,1647135229761307	2,2849593017279526
1,4354063107383495	2,3968414110406417
1,4288888506640725	1,9388825057824253
1,5059736522276619	1,9965616116788354
1,8349813843437175	2,3593262929600156
2,0752072608083973	2,8030529450628814
1,3990450072348581	1,188590228343766
1,5690947854083448	1,648668649531875
1,7447480130353117	1,6553706020254038
1,9668935909143215	1,728893441066754
2,097576624369201	1,7739551766550503
1,7667113995282537	2,4264283290163084
1,7534275639704642	2,451736269953681
1,0376681800066172	1,5891663674182375
1,68499408860154	2,132054819125186
1,4121427113633533	2,6466751601988476
2,206996387107119	1,7548758710361805
1,5147512684576427	2,193885986088583
1,29783250248186	2,3801797033748446
1,5771341840874153	1,781173440711735
1,4621770709610875	1,9063199091560237
1,580820245943063	2,054735908516337
1,9885017488411934	2,070944355000638
1,5174627989740326	2,134899730833507
1,567026767451885	1,9889043057274243
1,5722085695976815	1,9605766590719864
1,8705256817092095	1,1290825629357615
2,020928538605761	1,7562019396552144
1,3414239046241205	2,3845812266642916
1,5954590691266881	1,9975973240276674
1,4880321027306485	1,1667385427594805
1,334589888201656	2,567931857549076
1,4918564183513803	1,2524482260845438
1,9328711760842023	1,7598554527885386
1,8626945402920927	1,6906927893973438
1,5405402136954618	2,087868132806733
1,7396643268102825	1,8663876232931462
2,022863398127483	1,4840662499456223
1,5642567695520226	1,9859081907903546
1,0134675943318099	1,4477192840637327
2,2552666522702562	1,6414829625478922
2,225174373187054	1,9841818582309758
1,595157678039402	1,9612607414428802
2,053895250991977	1,8300959346470234
1,7744230681384656	2,2120711578928627
2,079574576757055	1,3484281939957463
1,7935498642829089	2,2442362143399532
1,039127931957345	1,807289472616754
1,551995992925744	2,256400177009825
1,4847316864352726	2,1843644503813855
1,328705025848785	2,2790639041835057
1,226861743580845	1,5418821649315289
0,936834236564442	1,6767917510954276
1,2165846877856286	1,516476770176799
1,6507831954715726	1,9862405492889825
1,635047526919227	2,248778535294931
2,2408104782330236	2,0066497314710223
1,551040904697672	1,7859109092857568
1,7805664005341082	1,9524932535826995
1,9819905419109116	1,5354021391913957
1,6062488116358655	1,9881669209126458
1,7932960580732253	1,2832075822676525
1,4216975887314764	2,025563190956196
2,0370984997511825	1,829195514986495
1,5365472840757963	1,4437099278237726
1,0894313207976554	1,4426892058863117
1,427898988486173	1,0395915048598279
1,9379455120620974	2,845978413078319
1,184484962314943	2,2473289061981774
1,5316425255366721	1,8097464595443011
1,6289248758286483	1,2616372198631578
1,6201173319949007	1,8883069030506034
1,790277055375498	2,0076185493924683
1,0197850583247947	1,9143936099935122
1,5082812340997063	2,1172192524466302
1,6987118487038544	2,705022989781324
2,0947588617416164	1,31751884030761
1,6337636635479282	1,9910684303206985
1,776683626438016	2,086493477538164
1,5703753881563651	1,7338179266115887
1,275468901391211	2,214091027265393
1,5969817358627005	2,01604863927603
1,8936891985830193	2,4769568977661782
1,4280345583303116	2,6271538124292086
1,979747499909898	1,4487244641919526
1,3771083465860516	1,8670090202654803
1,3061637155145218	1,5921100669129522
2,0227127990394926	2,6278450805938696
1,3312793855817588	1,7872767534381688
1,9568712565605093	1,689596206391247
2,235257267290483	1,7295022224816532
1,5959215743055324	1,971262933372721
1,5818112406276943	1,9937739038784916
1,3731352916051767	2,394973245085069
1,3379773091234488	1,5870448621227018
1,5962405994799416	1,229897523175787
2,123120039972707	2,559222484386943
1,3761411308568794	1,6137166984482594
1,5761489279807817	2,0082083641911277
1,7163713301818724	1,0718759242063571
1,8001879918156476	2,183618149487395
1,7157257274560878	1,8537000240386545
2,247488510646763	2,0685214781094867
1,6183703567250702	2,0135034754230645
2,337356721722218	2,211794868180622
1,703573034257733	2,722835514487025
1,3096043516646196	1,813818340332296
1,5817041514721086	2,7785972503310274
1,2764738252567682	1,8610389085982018
1,4884486839787117	1,8615076595308873
2,1219444921590744	1,9150774586488817
1,2479689815078696	1,7369522258722805
1,449840266970616	1,5506737186774289
1,5688505288025536	1,9071181900029108
1,6699312450263393	2,8304191354654074
1,2431371355035092	1,2183047586851088
2,1940010781352806	2,4165619808428827
1,7448143961671838	2,896893656595394
1,5622915282536112	1,9171437573682455
1,153348303160135	1,5901042951988569
2,057759122844216	2,2922435881969774
1,4348274546907092	2,1882515629818795
1,6506354794629612	2,1959654607732126
1,451746497153516	2,908011609496851
1,396105855311894	1,9536422518309653
1,42505097348897	2,150464217253711
1,5046633167603005	2,2496939713532247
1,7269530165741833	2,3190342858061728
1,3248094002764037	2,073935170868863
1,1280949818932526	2,8025943604947967
1,118784266701202	1,8029181857634433
1,1312409167143858	2,707802907459869
1,574556744271689	2,1679586215458952
1,5901295611310737	2,3933145877115622
1,5993828768614964	2,877083982165265
1,7744979823149563	1,575711998936556
1,2876966245951984	1,737258919042753
1,2116799494425865	2,0715781368327857
2,1797238092268176	1,7460199306658108
1,5153839341386597	1,9878577547488954
1,6540293376727906	1,9980019509451
2,097283392883271	2,5668734811991114
1,4694424613221662	2,8638476644182465
1,0241725924204566	1,4953864335090812
1,6072726931289296	2,5328568099422175
1,0886095005569398	2,0547480654125203
1,9295171276228313	1,7765110406829279
1,587748827967296	2,0103773406513445
1,78231771926832	1,0709271248704404
1,5359052192270513	1,4982177751205654
2,1007543849383694	2,7490723309816882
1,4703077603935735	2,9750696156125818
1,640166328418609	2,4566413917146694
1,3898041159075565	1,3545577747195958
1,6736158683496256	2,0587248616866027
1,6833341541199816	1,9730894765971936
1,6769122995285364	1,4832697482634352
1,8050850738277244	1,957129512001952
1,7798995367306023	1,7467100846475885
2,046714332281516	1,8278637882484754
1,859116261199171	2,425270355548618
1,9796541026899397	2,3101556427997183
1,2650980718899019	1,9229606766706933
1,9281235925134184	2,4062344393090647
1,6714335351648486	1,9769402123682551
1,7424145372007498	2,657156020961115
1,675676266032505	2,0344001921061343
1,329418136826281	1,6221092014920728
1,3623127684738017	1,8343648994398516
1,5189319506016836	2,4577502674022873
1,083373914862404	1,5306426763294676
1,6188367692371088	2,2945171173730765
1,4144522725223647	1,1253159370412074
1,8591416804745393	1,9306145451883532
1,8627154743929257	2,042758888596167
1,432431930879139	2,694405401886007
1,9065642823112872	2,731737278225062
2,2774151175538955	2,108520098333562
1,4935407713709643	1,8414431357768835
1,8892490094755978	2,126355793860553
1,9401390690226799	2,0073220354851937
1,5203498709623475	1,9633571280112323
1,600121906471895	1,999827831995803
1,683310017811845	2,1268597631960326
1,0178444402405353	1,8607982055322432
1,6367907562092205	2,0058239076700377
1,7610647144323466	1,91061060580979
1,572342690577785	1,1408295990932296
1,5256031380193336	2,123868456701376
1,8923790363521253	1,8354579753081304
0,8980179222740808	2,2034187807938603
1,4921237616418483	2,194806874148777
1,881274919603611	2,2419142352374757
1,5788841210787286	2,0698841386714375
1,3829893621080669	2,2335499036223414
1,6724138968629831	1,960214704046815
1,1888945153573196	1,3441181313232904
2,0681520401053275	2,712675677341079
1,895765985938476	1,8225119340056362
1,931383221932285	2,890853480180375
1,6047531835820354	1,744288305195128
2,145246910889604	2,524545641966765
1,69533674206005	2,01055839282558
1,6752703673253428	2,165537661780906
1,3307262506488453	2,7619647622034287
1,4224126301145115	1,5000497954288454
1,245193988938088	1,5713400619630635
1,303174727724342	1,4460199794972044
2,2268642241753644	1,967952488329826
1,8604313995717923	2,8081735347374206
0,9372356193456763	1,444094244765487
1,2734723362581075	2,4169299304614826
1,8214784062542144	2,3185201499532573
1,6088400784839862	2,013087713890299
1,4273351044685632	1,9436555844725754
0,8907543633223115	2,2955098279211485
2,0641364723972004	2,012833176907832
1,6187655081344505	1,1550715886335983
1,676019790157516	2,0534768928886007
1,0210768948456825	2,188965999300887
1,3450534277720838	2,21705297012041
1,8048095410254992	2,656005190882179
1,6866060027573506	1,7217979797778376
1,4749166911534473	2,348479718059285
1,4722136132642787	2,1931377693233625
2,1948283015592573	1,355209795540747
1,78493786423799	2,210452485540237
1,7129378622718687	2,2042492828552804
1,9855246816006666	2,0418452929957676
1,7488425039982218	2,4636530461683064
1,2887111198827657	1,766002330057545
0,9874754045310568	1,9946959994542186
1,14541102295828	2,1590124839680835
1,583894860726877	1,9116665493334457
1,574476531905471	2,083360339079233
1,4433169913068349	2,1028147418670096
1,0273803357661173	2,079544176224743
2,0265881922735134	2,545260074000496
1,7649632376733888	1,975213582476604
1,7653912998880557	2,45029079558507
1,521237508660463	1,9357276603244358
1,2704464879060577	1,31615654432234
1,8720559835251838	1,5401750757244268
1,8935228392887615	2,7240472339227124
1,5364721135925596	1,8804460218669856
1,7430881874797006	1,5061341604334533
1,3475293069711685	1,8403126632704738
1,7507297515813043	1,7643889012324305
1,595381730002017	1,535276646026543
2,237764448569012	1,6782058449720063
1,7407839262326334	1,3997148737005005
0,9184990964028017	2,0796223449031332
1,0539655074349565	2,3871340268280736
1,0222213711995853	2,1910940748332504
1,154571272029723	2,7973610330036216
1,9930254447697568	2,250220568300126
2,0252042306091558	2,3323766666004606
1,5343075713927754	1,3246662140925884
1,266559761606461	2,3143397160842927
1,6937214747332958	2,148806041744381
1,7817345748370688	2,1585448077798843
1,5713894913892177	1,0634514290328854
1,5258390142952485	2,091956180012295
1,379617030953392	1,9640561863597448
1,2250589770160798	1,4724741954150264
1,6362419535492922	2,0401575537690606
2,0068285687875944	1,8615024694611781
1,523011274110606	2,7586218721509095
1,3192935939234989	2,2092325344438595
1,7445122874469328	2,419353292871099
1,5750180751415046	2,0470083467523503
1,734238753756482	1,6151229338967423
1,4582362700323486	2,521071243191891
1,4189779151162623	1,888638424310025
1,6022598249286628	2,2701799394018005
1,5927353664772483	2,8420731824298695
1,4219660532141583	2,7546340222081893
1,5720710922914847	1,3031664768417692
1,4426533207312802	1,9243468201555933
1,3729212385247465	1,1883582418476615
1,683644185564693	1,935475312135382
2,1290794481958626	2,7071204702054823
0,9303246727666883	2,332597935424082
0,9594527265870358	1,6557436518429216
1,205773891253791	1,3364483867551664
1,6800485913067498	1,6848889883316576
1,8443557453641808	1,0876639919884825
1,1286385779744352	1,2097888401292143
1,5433580731082914	2,2122376238944974
1,6573945940005732	1,7945266243477898
1,3385845155463236	1,964821875527207
1,939993272293033	1,135026175418598
1,85766027340757	1,7501744965354582
1,7271621773377184	2,0351553871304424
1,2689488710242838	2,6638635617341504
1,3797151061648318	2,184149787027076
2,1425209749625145	1,7287211999466967
1,308702732127404	1,321482766377688
1,5132416994079108	1,988421954249975
1,9292247589573601	2,865898907675438
1,056639454591475	1,5472335786934333
1,672262011470227	2,0621425440586094
1,7064298484373528	2,2517364624332554
1,9180233393003363	1,6058219260354334
2,0105807246992433	2,3711891831588066
2,0638008407531023	1,7527685508577118
2,017918554884477	1,2868396054457152
0,9196786611700407	1,8578990415131598
1,4395288901453942	2,6419201033747437
1,2498642774358455	2,1090611966399653
1,8974080479137982	1,3221353179775883
1,3603513896488262	2,0689195645472473
1,7762723064790549	2,2173324650767787
0,902568300081494	1,8650029718012278
1,9593656086570435	2,045138815378474
1,1364190618686827	1,6000618081336606
1,2971745197823452	1,7921053190623082
1,4468472492129527	1,8429001936462235
2,304766630565296	2,283640588545974
1,4710253291613073	2,7415739390576617
1,6512626173012097	2,6785216476265594
1,1361392908416306	2,4532624651264094
1,278246363067773	1,724714083871779
1,6785610882354494	2,4488506628234092
1,1602100381712654	2,669457526607504
2,0591706813145843	2,500168774513391
1,4437466053141563	2,8664392036363795
1,7082817433781354	2,614770764527038
0,9275255227992197	1,9342339120207654
1,1748112017263643	1,9022620742905136
1,715400329411938	2,0247367471425135
1,4304440601886512	2,878176649344657
1,1622239552502365	1,8998397107944436
1,1385372049891302	2,8004064172106293
1,1868595342535477	2,3675658307109804
1,7849296389370273	1,7022616559697457
1,478752683775371	2,969870770336021
1,4661393780409075	1,8950076075994748
1,6451519328277222	1,7186170433766899
1,2953460067634215	2,057780286071483
1,188918951251202	2,2233816432368925
1,198589216051803	2,0793280074515623
1,879446025065744	2,3904357760602135
2,109120126154616	1,3585001344481575
1,3474574353202176	1,7706976812064985
1,722833249948102	1,2844271543059462
1,2108519047648012	1,6391882389289016
1,6464568308794079	1,8046066547204824
1,6036168262860422	1,9956963780285606
1,585740609377394	1,885117312800808
1,871653454031194	1,613102559541426
1,7671819146144103	1,8534470197843298
1,4569813631787167	1,9578316750485587
2,0971288547746125	2,293328732416922
2,0885579532987766	1,8646442278491921
1,088834586755691	1,2826106265935522
1,774324081562994	2,0915197252461804
1,5654666353340665	2,2068788279417175
2,184474135394349	1,6669979953110414
1,6435891141849996	1,9956496149103797
1,5270989912681683	1,914119078945999
1,2864144710963086	1,9125089003124671
1,0518115156251642	1,5635917994263573
1,2910546467823374	2,470316133478996
1,1076528916831099	2,043001399805353
1,553921502434217	2,11523009800714
1,7477457913899037	2,1142620221823796
2,0327533043172474	1,8006679345606353
1,5649963518473398	1,7952643143074032
1,7377952791650924	2,0498711582282505
1,0003457064345807	1,6018940003634823
1,613368774292271	2,541302772295394
2,2114672798233266	1,7721215277333593
1,671869502154853	2,0770023502469597
1,5814272103895797	2,2101803515858887
1,8558346232983578	1,9990535080732907
1,6762307948663842	1,8814968308963185
1,3715073451098294	1,3351655260159019
1,0631500545742931	2,1847845326808035
1,5627710138223143	1,8855876776929683
1,6788523045225676	1,8632921331970493
0,9872067671779974	2,1006867112150363
0,8822682368552778	1,6289334127093076
1,3560415668230716	2,951925067943837
1,2607259346252082	2,470542441718347
1,259849721381397	2,223428263291521
2,198442581601984	2,097474819500242
1,5933934208145524	1,7930490127876593
1,4694299409957334	2,4241762608962785
2,2600293227112953	1,817803094973872
1,441212226389949	2,122473289361866
0,8809769877589411	1,8149588272825772
1,5314103141516542	1,3450058485618817
1,5999994764725387	2,000008882098178
2,1462545630308023	2,2843405368596716
0,9615006656008844	1,4484547411775393
1,631151287397581	2,1140010706581083
0,9026761299333224	2,2206609844922083
1,7709534344908486	2,8025279112789994
1,2011890659878968	1,4778715358881236
1,7421180568601424	2,3874568464220105
1,5915030776419923	1,9962794292938488
2,0347956210974525	1,5199963503407978
1,8133330693443266	2,416574612095721
1,705104561491487	2,280788403087844
2,177310730987996	1,4065298576564609
1,6537092706391934	1,7048782956338235
2,1145837833077907	1,299175832228358
2,0378406023082496	1,230085484251088
1,6715813522975527	1,345782233684749
2,0568614903927465	1,4195392702080678
1,7019721005278368	2,122652069379353
1,643186072823612	1,870962892833383
1,717582249677719	2,0380792214317442
1,682749658338692	1,7799156752115646
1,8855423038249566	1,5479230516923668
1,7433751123394843	1,8384548287397855
1,0682102536869986	1,749207636250261
1,078103172178825	1,6979684522395466
1,7186258433519708	1,9895102353330654
1,143548331439334	2,454261856999007
1,2304556377073235	1,582227137739689
1,7738580917837763	1,6780313012470738
1,9364850723852651	1,4576441235932593
2,0833473369876954	2,7138929872857003
1,2458918846829092	2,7061413761932798
1,8320421069220416	2,4598368068787835
1,8310746700990357	2,1770084971981505
1,98903552789221	2,1486289161241827
2,1306368933006015	2,2596402831096296
1,7359868427880056	1,9728887559544546
1,6583980463188468	1,366851229920201
1,885050556622343	2,701317114860645
2,0129046731962257	1,835530574856979
1,5747125052450985	2,716988573929366
1,1459661523697275	1,453413959977632
1,7542717590686325	2,0898021906166395
1,9170006181796595	1,9053294128667277
1,2556397816240095	1,2833687940863385
1,331336986677267	2,210142620734447
1,8618622920211991	2,3435609097460444
2,0383516470678646	1,719656881904085
1,7478702158174144	1,443971912659212
1,2930482740723865	2,6996293771419193
1,6704278909685943	1,489780614638933
1,4953909678485984	1,3842349155684168
1,597408565815107	1,6876798262090962
1,1484139997983065	2,237362255450984
1,066021093352989	2,673645952737283
1,0046318001943177	1,8143993887731162
2,2162895662027693	1,8444765624305002
1,1284178923132422	2,4558282655208337
1,0575827732342054	2,432422094536275
1,4297615889175774	2,3211555697657795
1,1998453076470024	1,8335188706629673
1,7407894876620573	1,509287038172571
1,04126075637987	2,6762037052717775
1,5939418177978957	2,481130121212995
1,5194497815323955	2,0211037009077826
1,3692094319566113	2,1733218297503463
1,9042477418827233	2,632196256061211
2,004211841767649	1,4336479813352763
1,1993614073661967	1,50079950980205
1,1787223156290163	1,6585777084342859
1,7099430702417309	2,4136719471172787
0,9654481697738024	1,5442485903144603
1,5068674061984515	1,2868365965301487
1,1973924527271849	2,2628007030667368
1,5611103889840465	2,021284976691338
1,5612175202035679	2,3742147184457223
1,9909995077978522	2,790951347420207
1,68574663795165	1,7345307117330007
1,9394756568880962	2,241923045901308
1,595298429565086	1,8408171237298356
1,3521721473938189	1,6886144073984473
1,5305361566424156	2,939299361592065
1,7160867968107056	1,2066183173838638
1,895275006801263	2,775837563113514
2,3122645930260535	2,2258576870110693
1,5623989384210055	1,9473589162213487
1,0578847144941164	1,9237315697715687
1,8521624550594886	1,6959940651021483
1,3381329229834757	2,149928531526484
1,372780281581612	1,7744317774189622
1,5018095510312244	2,067396899254484
1,2055920362358736	1,9109808804472888
1,6872913796071725	1,998100341312348
1,921113428040868	1,3171476241030993
1,5235950191024863	1,9579385524204547
1,4146235075479818	1,8002742252764758
1,205019355663493	2,5301635279180488
1,5436139013925108	1,9567556568941045
1,5253377448734853	2,1249197261247335
1,7059481440623532	2,080581985419772
0,857718286798562	1,641719980217643
2,0593069797060783	1,8884731274864188
1,7962663040410836	1,4016612073680186
1,6269571800983644	1,9519830780466143
1,2615934305849645	1,5651781108531637
1,242369226488547	1,5767880146458535
1,635575828721414	1,814632591504011
1,6997661834939983	2,208262115923154
1,2581556147735582	1,3644749991035674
2,075319719971099	2,64943491745488
1,2056713243524055	2,2055799161222738
1,7468519683733619	2,189372326862818
2,1174050182920174	1,7373411902486975
1,6533117668954822	2,0491385592743483
1,1930942777701512	2,4207680444321116
1,7836368295855354	2,541195609293292
1,583822363983054	2,7896086439754058
1,7234072807661902	1,8548618881973546
1,751852325596062	1,9244571433579287
1,2835770607002872	1,9797089322534456
1,7754630549944692	2,131506169958437
1,2488320951656449	2,003173242440572
1,6459303670303078	1,6746173276772345
1,8847181671743183	2,9008558205044284
1,7590344073136008	1,3655039468857229
1,8659946628303328	1,859046496014322
1,1740136484311088	1,4573729214915145
1,6628077468480342	2,2507233868807957
1,5564530777323113	1,5964766332458245
1,6119419736277727	2,5032574722127166
1,4424643968876523	2,0913733155283447
1,8736669146600509	2,2867430295098767
1,753965993634295	1,8738601271424107
1,388075448333556	1,364346424854351
1,903358223374862	2,1314478897096034
1,3263560447657594	1,9739942349977948
1,321397873062605	2,0525945721083545
1,562387906963601	2,2352153267023733
2,2660243162219196	2,0862073544808397
1,7368620580484708	1,2385341636625071
1,5225975389866677	1,4396795770088178
1,5801405052472546	2,2325572312536566
1,5156108063956533	2,079086899664128
1,8367297456345646	1,1252765659570012
0,9984849354210151	2,34377734290246
1,8051697743740818	1,5696378147867125
1,6990542761738894	2,2751740534363085
1,9100041933714826	1,7255622799544565
1,643106731955705	2,573514750533822
1,9443893418656852	1,9685951440540301
1,2889550613352108	1,295046826978324
1,6341583509882671	2,100066453357024
1,6019435440570444	2,0071504282559434
1,7667319276731988	2,0982578992008114
1,529871551321693	2,0738352561904683
1,638195245138434	1,9607821999589228
1,6060163434884303	1,9867594243529714
1,7428683616847576	1,422386229950114
1,5501911151543186	2,1271285397470336
1,9969327383069342	1,686591386933738
1,5211797515926784	1,7501981128927317
0,951977760587923	2,0407560299768948
1,8688580038997216	2,5613236800424595
2,3651279182805043	2,090924431659046
1,5966846080296444	1,998157976039087
1,0245847889583561	1,4274303392778962
1,653174037960935	2,238930564307771
1,227726450601858	1,6153765076715005
1,2345709419107247	1,3311181792072124
1,7570854667250955	2,376727960453022
1,6195772648119355	2,000411824816607
1,5856496346593483	1,9095362586176152
2,1159735167259113	2,136290964656663
1,3457115825619195	2,3997128521080766
2,1150433442391643	2,577589489043156
1,2301754199552124	2,639453030303322
1,5177715372347795	2,1972951180834
1,7705397418982194	1,7944408710054525
1,4391512754221538	1,7548178669773833
1,032624708804772	1,855244544134135
0,9942879375523699	2,023157323599807
1,6252051460501602	1,229080794963572
1,7755569485261056	1,857756135281378
1,6163339344886165	2,2426766686782997
1,228962829783992	2,0803159239086737
1,6164225593766406	1,8919579176519812
1,4906145996340885	2,1689178862667364
1,3689972041287055	1,2845792734759092
1,6032108581490978	2,0945284824301322
1,4145331342010319	2,0392777856180038
1,623723306376204	1,9671315157542641
1,5897521743788703	2,0009940438485705
1,745356713607844	2,269001224352461
1,523873432868752	2,587273585024037
1,8405815923268558	1,9928463678900494
1,5431961436658215	1,7549779600055482
1,6373132458997346	2,4347826118080764
0,9582807808801543	1,8703499021304912
1,918340434616388	1,8479724616601503
1,912199250282366	2,001823346782853
1,891288005072747	2,746195394201539
1,8598036763824335	2,6552920984572657
1,6161748535609568	2,1729976824414354
1,2594886689683382	1,423106636721577
1,5260638767160608	2,1280127673884843
0,9609580213541165	2,2475692197488213
1,7399528134806608	2,067413180644151
1,4133424591054509	1,7421680778479502
1,4522529605474301	1,2037855846765342
1,1623063740715887	1,9826221669938202
1,5638051855611368	1,9721048668474577
1,881179504555685	1,1823040432546905
1,2130632772916816	2,568350190588941
1,850877570885734	1,9924844186277046
1,05698856022804	1,8550680296302724
1,6823302366033552	1,8073776508185566
1,59053892073316	2,163857296572549
1,7307332675986706	2,4161038448428878
1,6140886301489992	2,1692216152118107
1,1819770327535	1,859149471297259
1,8137445094713889	1,8479588983462725
1,6094000317037938	2,636847393902764
1,27282288940633	1,205780856230215
1,5537268049356334	1,0246738185855047
1,4470860211518317	2,0284544327413334
1,5978804328753635	2,01003238017776
1,6012042764204875	1,9486409641370055
1,5282924718349145	1,8913466865923854
1,2891619606421063	1,8429513613672701
1,411284772663576	2,7882255236184275
1,1566514927793488	1,832087128720133
1,6248327121054207	2,086532409042955
1,3244912935664281	2,3272876176929915
1,8111666678500558	2,1571930138775017
1,7585389316745943	1,9605000888477937
1,9585524218724835	2,1413337025050048
1,784446463943895	2,091911476160477
1,6255940874659653	2,530711174353769
1,6116847795160911	2,5658919036324273
1,252953834732071	2,3573840063499403
1,57936203125344	1,8852170943008764
1,6332062272002723	2,0172573537683385
1,9163566281855942	1,9194356918541602
2,099282026634267	1,682559166871099
1,3235451993897427	1,9615257713392722
1,0426762435715655	1,656514607859845
1,6340213657702631	2,194147058415065
1,7165630051611693	2,6157032163205214
1,6142013025133028	1,9543230709649078
0,8181957037713158	1,812912333903144
1,3157420766894317	1,729550738291807
1,4686740623822139	2,202939975360672
1,5905691023563813	2,1791350444691946
1,7304139395335074	2,5558898643326713
1,4306097069559656	1,1324935491352313
2,043151798175149	2,3938537236211843
1,7195756677141358	1,888630696937753
1,1508691366179336	1,5493807499452628
1,4490971787439457	1,5213484987615682
1,7687035993842493	2,3672020227661417
1,210244393203782	1,9636394732725966
1,1327138772192975	1,543192601081064
1,8790050391169426	2,321399241586594
2,2434844684917254	1,6337578557274326
1,6193778411192838	2,2381787915244473
1,5223606556945026	1,8488408447253477
1,4097751220410077	1,7999099156741147
1,3473175581438341	1,2064715155809016
1,8517976663234166	2,251825386342095
1,7545203065738526	2,0778876208795056
1,464226957451242	2,525645546354885
1,8973307694143806	2,2645375184561805
1,213564297073537	2,022951889198202
1,4867670402947384	2,4311196478836306
1,570409903824107	2,0627294505293032
1,4866239596674533	1,52471914428424
1,8135111055529225	2,4485892510914713
1,5656884414382872	1,985060552844462
1,5292945930316835	1,9744077372657944
1,595422543031314	2,040730440006032
1,628760419439174	2,4165017083269107
2,0457427082717574	1,3705869673124642
1,4241487429123585	2,4712048743234476
0,8906039375179585	1,5843214278893922
1,584519629311386	1,9565001577339856
2,0735763552728477	1,4319446080636
1,2853827023810998	1,6872874262516306
1,7571993023650463	1,859869906218254
1,9733778503274535	2,190234611692678
1,6707930241557993	1,059472159431355
1,338972923330528	1,9510168922308215
2,309081556120727	1,5773066430621043
0,9672613094474712	1,7307448424435474
1,575382936078565	2,2522784141354975
1,365776759830527	1,974817069578671
1,4711730306857957	1,7135625781326336
0,8964778338978237	1,7192651299207693
0,9837788847557482	2,534285887274437
1,6805501721620586	2,3444781103877395
1,5009542493751682	1,9456938970545785
1,4038688366960552	2,04787379871976
1,587894616246656	2,830943617987727
1,5401312646105634	1,3913543638727557
2,1175516094504303	2,5341985823694473
2,2080906308647843	2,008801440442124
2,1222624295375425	2,2962364927892756
1,4871506793793967	1,2403849069020025
1,9485625308192227	1,6536073749317004
2,316289023062879	1,9265227508305895
1,6532746059704402	2,189349270444829
1,6792055103549255	1,7677911049713062
1,8140429960623916	1,5209598699951543
1,3756566916690853	1,1471128064071818
2,1607559311196702	1,588069381799408
2,321113983987952	1,5829030468341678
1,7576015988418217	2,402939895354869
0,8531778657135467	2,0744173048767847
1,4513690839486504	1,5700785059481683
1,1438587130955131	2,0743493930436427
1,4763320757343261	1,0429691131668026
2,1204623254116135	1,2842208778981097
1,6122947775057797	1,6392259049568456
1,7225308430375867	1,4611915618644944
1,584209610298821	1,6572882106491376
1,8745797578349426	1,7276537830413599
1,6003438095962157	2,017582674193296
1,4495965686868193	2,3713953043662452
1,7365372659636258	2,3944803198279008
1,5706778495041613	2,1750429528308226
0,9579784295288093	2,0881159100936837
1,0984589642327383	1,6489495560872605
1,6347426378536152	2,8272093613704703
