300 65
111
60
51
44
103
42
89
89
97
64
52
94
75
27
56
40
34
19
72
104
25
108
40
15
32
85
87
55
72
86
104
32
73
96
47
110
27
71
40
70
60
51
92
33
87
34
90
19
103
59
37
94
58
54
63
53
88
13
58
79
70
27
60
56
65
108
93
23
13
78
99
5
77
103
83
4
26
30
25
49
106
97
51
11
18
81
37
62
18
5
44
101
67
94
15
61
105
33
2
48
32
41
42
35
53
24
65
35
97
46
68
57
14
98
14
85
88
79
30
108
55
82
3
81
36
97
100
64
81
79
37
94
76
77
92
88
16
65
99
50
83
78
69
85
44
101
32
51
51
71
95
31
46
83
53
84
75
29
81
38
97
37
105
10
83
47
60
93
87
90
31
32
33
51
37
61
30
68
21
39
98
94
7
37
100
66
63
75
68
24
25
65
60
69
33
61
99
70
31
94
13
99
58
89
75
17
85
104
67
34
99
29
87
48
85
26
42
59
9
79
81
50
31
35
16
34
60
31
81
67
83
97
39
69
106
51
33
99
85
99
21
74
100
21
4
54
61
45
114
101
89
62
32
66
22
74
31
21
34
23
74
43
64
35
15
109
95
62
64
42
97
36
36
66
41
105
89
49
98
85
47
25
88
43
49
30
52
60
83
81
31
73
116
107
49
26
70
49
91
37
