500 100 200
441 89
126 60
288 26
232 54
387 88
32 16
177 13
407 65
357 89
370 86
154 35
243 76
416 45
86 29
363 73
89 54
162 33
429 21
82 46
12 37
214 72
196 22
57 41
276 15
143 34
44 18
229 52
54 74
460 63
428 96
401 19
3 83
301 36
111 26
413 13
118 38
375 37
31 40
127 74
421 74
330 60
1 18
14 17
376 62
280 23
403 52
321 66
265 85
133 27
310 62
206 76
256 44
491 42
189 18
39 47
221 48
51 95
225 31
327 88
458 93
34 14
326 35
273 15
405 60
338 34
394 61
201 38
25 91
212 33
236 12
70 92
15 26
167 64
153 61
186 80
291 25
248 19
165 24
424 75
362 99
299 63
245 35
30 88
18 44
287 59
76 24
193 54
156 95
470 85
397 57
108 24
356 61
50 13
190 13
35 19
380 46
495 66
83 40
131 16
466 99
