1000 7 5000
866 97
913 45
413 36
245 54
470 54
530 145
740 79
38 115
1115 72
169 43
833 63
197 97
298 60
1190 20
878 34
1019 129
58 49
666 82
557 150
765 58
635 64
794 57
542 67
568 135
15 113
929 85
1187 25
807 123
99 125
910 33
423 45
915 149
819 120
581 60
802 149
55 42
421 48
1353 132
239 99
1218 99
392 136
272 44
904 73
259 120
130 76
135 74
329 102
1147 94
17 52
1202 103
210 112
870 76
27 129
722 25
977 145
778 94
76 51
316 115
605 136
975 52
1307 148
1400 122
318 54
824 102
1075 44
803 91
1076 28
926 138
1138 128
651 147
328 53
964 91
1104 57
52 150
26 61
1384 141
1097 61
877 114
528 46
756 92
368 65
766 96
1301 133
91 137
512 103
1247 23
797 89
1113 49
416 125
551 124
499 24
1062 30
1061 95
1200 37
877 24
790 65
272 96
1214 30
1229 94
149 64
602 30
1371 149
486 91
68 117
1207 103
566 145
1018 52
1372 101
1118 134
281 52
705 21
232 39
1169 34
747 64
1157 141
1375 119
108 142
863 36
393 87
1111 72
1076 142
1062 145
1009 44
175 62
750 47
1374 136
425 93
585 88
339 118
414 120
512 33
215 103
1100 127
898 122
299 93
240 58
371 46
790 89
175 93
846 22
1077 117
1374 38
565 41
750 91
220 83
1215 47
903 135
1184 114
446 146
445 131
1036 110
959 121
399 23
1171 130
833 73
91 94
109 66
260 100
1171 100
96 126
901 107
1337 103
86 62
314 110
879 86
1367 23
307 33
1352 143
268 81
975 22
183 74
453 142
501 33
1244 148
895 121
1172 70
79 142
880 95
705 114
111 108
1 38
1088 48
992 67
1213 104
1283 56
812 108
1260 96
597 24
1345 116
154 139
268 27
1379 84
777 106
1103 125
72 24
550 130
162 49
1243 112
267 46
886 133
1083 37
122 84
1013 79
223 88
1233 108
1113 67
425 91
1397 132
967 149
825 117
782 106
329 134
958 139
1160 22
1284 82
725 119
1026 117
970 23
406 122
855 116
377 139
899 93
799 50
144 140
1072 34
1294 21
326 65
1228 27
1317 72
789 98
315 36
1369 40
860 109
994 27
698 147
827 108
947 21
1310 70
1131 57
510 135
771 143
1351 64
577 95
1384 61
484 23
240 84
321 82
1003 34
513 77
229 66
1049 149
836 95
543 129
294 136
674 27
304 30
288 51
1117 28
511 149
959 67
972 26
1277 102
688 61
13 58
777 103
1078 52
24 70
1010 30
773 26
485 150
434 61
936 50
100 41
617 81
196 93
4 60
368 68
1145 135
992 95
6 142
343 143
914 49
1239 57
1388 23
160 145
188 127
905 114
674 87
520 58
1110 40
1330 148
269 28
1171 73
164 107
369 40
66 136
33 97
986 135
443 111
332 120
597 36
1140 87
359 46
1056 105
184 40
1193 47
759 76
193 61
61 77
1168 22
578 71
398 68
827 26
221 66
1039 72
214 145
1095 69
588 56
110 120
1149 27
990 119
761 41
788 54
1284 144
715 53
155 29
667 37
274 139
866 131
1002 57
1254 74
1275 40
353 130
815 142
820 105
55 90
1127 86
1203 91
198 71
1052 69
1073 71
493 26
220 130
746 56
1046 70
1355 80
726 90
1160 40
1233 83
617 148
1133 123
1064 59
1005 21
1124 144
256 33
94 96
858 120
179 104
578 56
1146 123
1113 25
125 76
159 131
510 92
1015 22
1021 22
416 128
1062 71
1237 78
1017 35
214 41
1276 29
623 58
987 61
1349 32
1016 85
893 89
1143 110
628 32
976 29
1231 136
424 62
639 132
571 75
990 38
897 75
1280 57
121 58
1121 124
243 27
405 42
762 115
511 107
1174 122
866 68
10 65
1264 80
817 48
113 73
1079 70
2 117
845 147
1201 46
957 143
630 103
387 81
336 111
1127 83
361 48
685 85
315 61
251 134
208 73
1284 103
627 90
626 43
1147 40
695 39
1299 124
489 54
234 37
588 114
1068 59
1068 115
1221 22
665 111
376 147
728 143
102 28
366 30
534 41
416 133
228 51
176 57
501 120
1338 147
9 33
1053 81
642 145
117 66
153 138
176 110
963 70
773 134
231 50
290 127
551 83
1384 77
1151 123
357 136
1400 53
29 119
109 35
983 89
239 119
1247 49
982 138
273 37
1164 52
34 94
726 130
1266 31
311 102
396 66
462 92
1125 24
772 67
1151 91
30 117
804 143
1351 122
475 139
199 55
889 37
536 78
313 40
680 48
42 76
1163 92
981 50
1165 96
685 34
675 136
545 39
1193 64
75 67
946 118
909 146
1190 82
59 95
133 108
534 130
647 82
776 76
112 130
86 24
420 95
479 34
336 74
765 43
236 97
121 145
1231 99
500 150
55 44
138 137
147 95
1218 91
539 77
57 66
531 48
724 148
810 117
47 66
88 95
681 94
702 96
1234 132
158 147
831 20
465 76
122 79
385 89
68 125
473 146
1114 112
655 55
612 64
476 140
1207 149
1247 49
1212 77
1355 28
445 34
1265 26
83 64
425 59
671 127
485 102
1244 62
1353 64
591 87
17 35
1337 62
1061 22
71 108
947 137
768 65
906 116
949 118
299 100
1386 138
465 138
529 75
118 22
328 43
272 49
797 91
1263 75
1043 142
870 150
1135 35
800 56
162 69
326 57
242 138
1116 140
780 60
617 92
835 121
925 68
92 60
1375 55
1315 55
511 109
831 115
243 133
127 23
1377 120
742 65
10 85
313 45
1155 73
702 68
175 77
1388 56
399 50
666 81
722 81
828 139
159 62
943 148
923 59
568 126
1350 94
745 23
826 81
622 61
353 29
353 143
726 67
1275 135
420 33
240 23
1224 55
480 129
280 145
741 39
311 49
688 78
356 97
997 43
1212 24
643 72
1323 134
1272 92
910 88
933 42
636 119
22 23
664 139
1194 59
890 80
877 69
1396 28
547 30
468 89
970 38
1220 69
143 119
1203 119
739 131
476 56
1151 121
640 47
226 38
330 105
1333 70
1157 39
1348 44
80 65
479 35
1144 147
1095 105
1212 35
907 118
810 127
529 149
1128 122
581 54
982 47
941 138
511 120
776 32
569 112
79 150
1268 121
714 41
1142 79
795 106
181 123
783 90
1073 67
703 62
721 68
1094 80
1320 83
40 67
584 112
1068 116
1169 91
1181 146
1210 124
380 37
944 80
1031 145
191 57
138 112
983 48
449 70
809 122
271 148
1064 119
1044 115
1015 81
69 105
1213 58
571 90
588 109
189 110
426 42
21 55
357 141
957 118
473 29
1274 133
451 132
609 90
530 81
629 113
165 141
1225 28
597 89
435 93
943 61
799 60
815 141
798 21
1193 24
1088 66
1035 144
160 147
210 71
621 137
1214 102
591 125
187 104
1138 124
452 31
1378 132
1111 39
356 67
1261 110
229 25
277 117
373 54
17 111
860 42
726 63
38 127
815 124
3 83
1219 90
771 116
639 45
743 143
1165 149
131 101
470 29
191 74
361 49
537 46
632 95
523 45
520 126
442 141
770 90
1391 25
1378 22
731 88
1303 22
1368 56
1381 91
332 52
474 56
481 134
687 77
1319 39
230 140
642 149
731 65
127 23
1210 30
45 150
166 43
770 103
459 45
695 102
534 101
1372 89
57 36
95 137
315 45
149 62
640 46
277 71
804 140
473 94
1342 148
701 66
522 27
670 32
280 86
839 139
263 105
622 108
690 89
457 84
70 47
1298 123
1055 127
1341 123
468 119
432 94
786 137
642 141
235 107
616 88
758 126
714 119
363 35
201 31
855 39
433 63
686 45
972 123
344 32
1099 143
648 120
575 105
1185 115
938 112
772 45
1133 117
929 66
331 150
24 127
326 130
1012 100
733 76
1184 127
940 94
978 149
544 42
1151 73
552 58
65 65
1265 58
493 110
1110 51
528 56
307 73
1362 24
221 43
360 105
1015 86
14 23
954 26
1208 143
518 106
1041 34
283 44
1376 20
23 104
74 136
1296 141
822 33
508 67
237 22
1277 119
1050 114
155 136
694 96
525 27
1202 45
245 84
618 134
413 69
739 132
1183 38
449 49
272 121
409 85
292 38
1061 99
1091 57
1200 116
466 58
759 130
1162 23
881 146
849 138
1258 123
1023 124
151 128
883 32
612 123
764 119
312 20
554 110
782 21
1048 123
302 96
543 130
69 65
142 39
143 82
400 40
521 86
1104 22
1369 93
1199 136
1094 96
950 120
1399 100
4 28
556 28
689 123
1231 73
235 130
1323 37
628 25
1035 75
1202 74
294 148
326 67
216 110
216 84
41 142
744 59
274 141
205 37
274 107
944 91
1078 68
465 82
1121 104
807 58
104 110
887 110
724 125
782 54
182 115
238 58
115 36
1358 120
427 131
1350 101
966 28
236 121
870 150
976 98
941 46
1303 40
843 90
524 101
382 136
1102 67
29 146
1032 72
930 45
1351 145
186 46
930 120
695 84
47 89
1226 42
1000 64
369 124
1395 74
668 21
1138 56
250 89
1031 128
691 109
97 35
900 144
1387 114
353 69
28 81
871 121
1324 20
810 84
1086 133
601 132
427 33
573 137
1281 107
1398 49
249 131
779 129
47 123
375 100
796 110
840 56
403 129
1243 29
501 70
587 86
1184 137
364 140
977 113
812 88
88 124
760 75
11 42
947 95
708 146
1008 61
1096 109
849 29
1389 64
280 91
392 122
863 64
426 115
1259 65
697 50
119 113
1150 57