1940 300 65
10 105
18 59
24 47
27 37
33 97
43 38
48 84
58 85
62 91
71 61
79 45
83 92
86 73
92 18
102 55
110 33
116 24
123 17
130 70
133 94
139 20
144 100
152 34
155 8
164 30
167 84
171 84
176 54
179 65
184 81
190 101
193 29
201 66
205 93
209 43
215 104
222 20
227 62
234 39
244 61
252 50
258 50
264 82
269 29
278 84
282 33
291 81
296 12
303 100
310 51
319 32
324 92
329 49
335 49
340 61
345 43
353 82
356 9
362 53
365 78
369 62
379 26
386 52
395 51
403 62
407 101
416 93
419 23
425 13
430 78
436 99
441 5
449 77
454 103
457 83
464 4
471 26
480 30
487 25
493 49
501 106
509 97
512 51
520 11
527 18
533 81
542 37
551 62
560 18
567 5
574 44
582 101
591 67
595 94
603 15
608 61
615 105
619 33
622 2
628 48
633 32
640 41
646 42
654 35
657 53
667 24
677 65
686 35
692 97
698 46
706 68
710 57
718 14
721 98
725 14
732 85
737 88
742 79
748 30
758 108
764 55
769 82
778 3
782 81
791 36
797 97
803 100
812 64
817 81
825 79
832 37
835 94
843 76
848 77
858 92
867 88
871 16
879 65
889 99
893 50
900 83
909 78
919 69
925 85
932 44
940 101
947 32
951 51
957 51
961 71
966 95
971 31
975 46
984 83
992 53
999 84
1007 75
1013 29
1022 81
1028 38
1034 97
1044 37
1048 105
1052 10
1057 83
1062 47
1068 60
1077 93
1084 87
1090 90
1095 31
1103 32
1107 33
1114 51
1120 37
1124 61
1132 30
1139 68
1147 21
1151 39
1155 98
1161 94
1169 7
1176 37
1185 100
1192 66
1202 63
1211 75
1215 68
1223 24
1232 25
1237 65
1241 60
1250 69
1256 33
1263 61
1270 99
1276 70
1282 31
1287 94
1291 13
1301 99
1309 58
1314 89
1317 75
1325 17
1331 85
1334 104
1341 67
1347 34
1355 99
1365 29
1370 87
1380 48
1389 85
1396 26
1399 42
1408 59
1415 9
1423 79
1427 81
1432 50
1437 31
1440 35
1449 16
1455 34
1462 60
1466 31
1474 81
1480 67
1488 83
1494 97
1497 39
1504 69
1507 106
1513 43
1521 27
1530 90
1540 81
1549 94
1556 20
1559 72
1562 92
1571 18
1574 3
1582 45
1590 56
1593 42
1599 105
1608 95
1618 80
1624 57
1628 29
1638 60
1647 15
1655 69
1663 30
1669 17
1674 31
1677 21
1686 71
1696 38
1702 61
1710 33
1718 7
1727 106
1732 89
1740 60
1743 57
1748 40
1755 95
1759 29
1762 32
1772 61
1778 36
1785 98
1795 85
1804 47
1808 93
1813 84
1821 41
1829 22
1839 80
1842 37
1850 41
1853 27
1856 47
1865 54
1875 80
1878 79
1882 26
1888 64
1895 115
1900 104
1910 44
1913 17
1920 69
1924 43
1927 82
1940 28
