999
1188 1337 21
239 384 13
127 190 22
239 344 47
1312 1333 31
1111 1218 11
925 1052 50
1004 1051 38
666 781 27
1081 1196 22
683 820 39
1161 1252 40
1225 1366 25
28 91 44
723 781 30
967 1106 43
1202 1327 45
966 1102 38
52 133 10
994 1139 27
840 913 23
1341 1399 43
146 181 33
1121 1253 19
491 517 39
1389 1426 26
1007 1113 33
759 793 44
1012 1145 16
58 127 43
308 446 17
1165 1194 32
825 933 10
616 719 43
1261 1379 20
1279 1310 45
1362 1398 50
504 591 27
192 338 49
122 244 31
1043 1063 30
1338 1429 34
1322 1354 33
335 452 28
288 373 17
940 1075 26
371 394 24
728 780 46
549 635 28
1089 1131 12
564 631 27
62 112 14
206 345 35
602 684 11
256 397 49
225 296 22
65 159 30
998 1069 11
411 489 19
171 316 45
1123 1197 13
283 416 14
460 530 34
895 915 34
13 94 33
474 573 29
136 254 35
535 630 25
105 136 18
277 377 26
1306 1409 42
969 1073 12
580 655 41
240 362 49
890 920 44
467 515 41
874 906 12
139 239 46
1382 1403 38
338 409 49
861 980 14
1201 1307 30
730 798 23
935 1057 21
241 266 21
92 195 46
227 343 46
822 921 27
409 498 20
87 213 43
27 131 16
180 200 47
336 386 10
750 861 38
292 438 28
1087 1127 32
1209 1253 19
363 472 25
445 588 31
193 324 10
519 567 49
1234 1262 29
90 226 21
690 805 41
1060 1197 18
876 903 31
444 505 18
985 1121 49
662 760 19
137 179 37
1168 1318 47
878 998 48
1340 1428 37
1126 1165 25
993 1014 39
718 799 16
1020 1101 40
1399 1428 32
1366 1433 31
524 555 39
297 423 48
226 299 33
275 297 28
792 813 44
531 596 41
1249 1374 19
241 312 21
821 853 34
1287 1377 34
1313 1350 45
628 706 40
1190 1228 28
1308 1372 47
840 967 22
309 366 10
1002 1148 29
316 347 50
849 895 14
1140 1180 24
425 483 19
1075 1171 27
684 808 34
519 668 40
168 275 14
214 308 40
1258 1298 27
588 632 33
897 1022 48
1280 1348 41
352 472 17
139 266 29
454 479 30
736 805 49
1051 1198 15
976 1124 20
1241 1302 33
222 342 28
833 856 33
655 761 25
596 679 19
256 344 18
873 970 40
1014 1093 16
601 704 19
980 1074 12
901 1015 10
245 386 31
1376 1403 41
490 595 34
297 423 35
1311 1366 45
1348 1431 24
826 949 18
1245 1276 35
796 894 47
1320 1386 47
930 1054 33
423 538 47
516 650 48
1371 1433 16
178 315 41
37 113 33
557 600 47
1398 1436 17
712 838 46
257 288 24
543 645 47
644 746 31
854 996 21
408 511 12
485 586 42
668 803 44
876 900 45
194 270 25
1374 1405 19
293 320 15
889 986 30
49 80 11
1073 1163 35
551 572 41
818 920 36
820 883 13
907 1053 14
1181 1230 10
1146 1172 26
960 1018 31
66 117 22
613 733 41
601 643 40
949 1091 19
1301 1339 11
1264 1311 15
1112 1214 34
219 301 39
397 441 33
580 718 27
1217 1287 40
280 379 30
1268 1350 41
1106 1179 13
1141 1171 21
37 126 22
553 578 36
10 65 14
715 779 19
718 773 40
995 1069 24
335 375 12
376 493 14
272 375 27
821 891 26
487 527 10
401 506 14
323 410 18
877 947 31
716 818 25
1363 1411 45
452 569 36
173 210 31
965 995 17
1260 1281 46
591 648 31
186 233 13
331 400 50
132 177 24
337 469 15
1085 1128 11
643 707 44
986 1055 47
302 337 33
1136 1259 40
452 481 16
935 1037 19
701 723 10
218 265 38
675 758 19
197 322 49
146 178 11
410 484 49
890 946 20
9 35 40
916 1051 31
676 784 25
1357 1408 41
756 785 46
1080 1118 40
810 880 45
196 230 39
310 383 36
1021 1133 39
209 277 18
700 743 26
606 659 30
924 1063 24
702 768 44
570 627 21
602 642 46
793 887 30
591 725 35
385 432 31
1058 1107 11
691 825 15
246 364 15
938 1040 26
175 268 44
1112 1220 23
964 1064 24
1160 1230 23
1079 1126 16
1294 1428 10
623 690 44
723 747 17
199 252 40
1289 1387 46
1353 1415 47
674 720 30
379 425 38
283 394 42
1275 1419 42
67 211 12
31 137 19
508 577 32
1029 1145 47
102 243 48
448 540 28
1235 1321 30
443 495 17
699 845 48
1137 1158 27
401 527 14
269 406 39
604 705 33
572 681 45
214 251 18
1280 1318 26
881 936 18
122 210 29
1283 1344 20
1315 1338 39
1176 1203 45
446 519 26
1119 1246 27
687 743 40
1079 1193 16
293 417 34
839 970 14
450 484 14
351 490 48
499 532 30
153 235 47
629 709 17
110 228 48
462 554 42
1072 1147 22
1283 1431 23
1338 1400 23
1373 1414 44
628 658 43
210 314 28
507 544 36
971 1086 14
160 186 22
1320 1355 40
1118 1173 25
191 220 49
644 754 46
640 691 31
1073 1129 30
316 449 46
496 610 18
1177 1209 42
80 148 39
1137 1285 27
291 370 13
334 370 21
1124 1259 37
792 903 17
924 971 17
788 866 32
1023 1064 11
1205 1315 35
228 280 10
104 150 22
271 329 23
830 922 23
42 142 33
694 829 28
968 1062 15
803 853 46
1052 1080 38
19 122 23
992 1062 35
1044 1112 44
40 138 21
14 98 10
911 1026 11
827 850 27
408 541 40
1222 1363 41
85 168 14
363 392 29
1392 1415 20
534 611 32
31 54 48
473 612 22
268 412 20
736 867 32
1064 1086 22
338 466 26
148 291 18
86 147 19
1025 1129 45
265 288 21
817 913 19
52 106 45
1265 1356 22
818 879 30
130 258 43
890 936 43
824 889 39
28 63 42
649 746 45
46 149 36
1055 1163 12
416 506 16
39 157 43
1250 1327 35
1234 1381 46
275 302 18
840 875 30
165 279 45
839 874 43
1257 1304 38
41 186 12
657 804 46
274 324 50
1236 1271 15
851 926 34
519 567 25
469 560 21
1359 1420 10
795 840 31
1096 1234 25
202 336 44
604 732 49
283 334 24
825 864 12
284 414 28
201 269 24
1198 1239 30
273 404 45
679 802 34
988 1032 14
463 484 40
1391 1438 49
1249 1398 23
1113 1242 17
652 766 39
1161 1309 27
757 895 29
842 884 49
158 204 25
1315 1434 40
158 240 41
498 627 42
1360 1409 17
1126 1276 31
203 228 48
1072 1121 35
282 396 19
12 161 43
964 1101 30
305 345 49
320 380 14
184 204 38
599 680 47
686 766 11
1193 1288 16
1345 1390 19
551 697 37
38 68 40
510 635 30
318 449 40
493 605 18
350 409 47
987 1031 36
506 559 12
756 794 31
686 806 39
167 235 50
936 987 34
1079 1138 11
35 101 43
219 256 31
1032 1057 48
385 427 44
896 921 10
540 577 34
72 108 15
1191 1325 30
1195 1241 15
254 372 31
870 919 36
194 271 48
388 502 33
586 687 31
1336 1406 27
284 328 31
416 562 42
1308 1405 30
1002 1106 34
542 582 19
1144 1209 24
958 1002 16
1271 1410 21
1117 1224 26
453 588 21
287 373 42
881 1020 13
1276 1364 19
1073 1156 19
186 336 18
1319 1384 29
1266 1339 42
498 530 44
33 154 50
1263 1312 20
1343 1391 46
207 340 34
510 554 46
1341 1403 15
1245 1317 34
83 180 47
888 927 21
539 638 35
1270 1369 34
919 1059 27
426 570 14
938 1044 18
1288 1313 20
3 80 41
1119 1194 21
40 92 44
539 568 40
275 325 29
1241 1316 16
988 1124 40
526 596 24
351 426 20
945 1057 35
811 938 24
1183 1217 37
469 547 44
13 83 47
1100 1157 20
1317 1366 38
409 507 25
1010 1051 50
915 1033 40
397 493 27
85 187 43
341 431 15
715 864 46
736 785 23
1299 1364 46
1060 1180 37
950 1042 40
629 736 41
163 194 48
314 424 21
399 473 28
65 103 12
1258 1317 22
538 608 15
230 325 20
769 911 17
687 786 41
340 424 19
1205 1305 26
146 266 12
1073 1124 13
31 70 16
745 800 10
364 388 37
398 490 28
600 723 45
1397 1421 30
113 196 27
759 792 40
755 832 15
1211 1343 17
1369 1398 49
1071 1105 22
1356 1428 39
502 624 22
263 314 43
830 931 29
937 1044 24
398 524 50
76 173 49
299 386 41
387 524 22
285 371 29
373 485 43
1162 1270 31
602 749 42
731 832 42
562 679 20
1060 1107 20
895 993 25
99 195 33
1109 1221 35
1004 1140 35
705 851 20
1140 1261 28
1242 1333 47
302 378 29
354 485 50
562 619 36
46 112 36
626 672 41
1184 1276 38
428 554 22
81 174 25
411 464 20
123 241 37
1269 1309 18
99 148 12
239 273 50
877 942 31
560 665 15
786 859 30
325 393 28
1219 1329 18
473 559 27
1146 1229 50
617 728 33
701 721 14
419 522 32
232 327 48
199 284 13
968 1078 37
358 407 20
261 298 10
246 376 24
741 764 50
727 796 43
522 632 33
126 215 23
127 213 24
319 341 28
1281 1377 24
511 615 48
37 119 32
1084 1137 16
1122 1255 39
1000 1150 41
967 987 19
1318 1357 16
1073 1144 31
741 844 34
1239 1381 34
475 599 32
197 338 45
910 1050 30
643 722 18
1091 1211 50
625 654 10
839 931 50
416 517 20
215 315 37
169 189 18
299 444 13
883 975 38
684 738 31
973 1103 42
1142 1290 15
944 1089 29
1342 1425 12
1112 1252 33
338 411 11
17 98 48
799 874 21
638 741 29
578 669 32
771 801 14
1029 1171 45
452 520 47
343 412 19
572 716 35
477 584 40
931 1074 50
1193 1306 44
1343 1413 27
1026 1090 39
919 998 10
880 984 44
511 562 34
117 161 39
647 679 44
535 682 36
970 1071 10
166 235 16
876 903 47
289 423 32
469 552 39
694 789 34
634 702 12
111 223 12
200 279 41
7 29 39
44 142 35
1369 1413 39
542 660 43
388 517 30
363 409 17
1170 1295 45
899 1004 11
589 636 23
1075 1222 15
102 163 47
997 1088 22
525 667 28
181 250 48
26 111 15
371 402 32
132 230 41
85 189 15
72 103 19
929 972 30
754 901 16
1186 1320 27
35 78 19
507 617 39
814 912 45
77 125 22
1210 1235 33
287 367 46
625 731 21
1299 1432 48
435 480 18
382 449 14
797 831 27
1342 1387 12
1058 1090 11
452 559 24
861 992 18
520 549 10
1013 1157 50
991 1039 13
1291 1351 14
485 580 50
652 783 43
178 277 10
461 506 19
230 344 30
494 625 38
729 806 10
1318 1406 23
1224 1245 17
1132 1168 14
1346 1389 14
1019 1075 21
907 1018 17
906 959 16
308 352 28
500 648 12
723 749 50
350 425 24
115 166 42
533 586 32
1183 1221 34
826 932 44
272 391 44
1132 1252 17
1149 1253 46
179 234 21
566 713 12
909 1017 45
1366 1431 15
76 166 14
1247 1347 25
1105 1154 35
1079 1161 39
1214 1299 28
1048 1168 10
1038 1111 25
340 398 39
702 728 50
446 505 10
13 148 50
937 975 42
417 468 31
37 94 27
578 606 25
608 633 35
180 257 46
1275 1356 12
1105 1190 23
760 895 35
1100 1191 23
896 945 22
742 883 39
679 719 13
215 338 13
1282 1392 33
240 322 49
453 480 38
1384 1421 15
1151 1258 13
1111 1219 14
1007 1144 11
1095 1237 35
904 1023 47
1292 1343 39
426 553 47
744 867 49
604 641 41
1098 1160 48
1157 1229 34
1007 1096 20
154 218 50
846 915 25
384 518 27
759 896 18
708 796 26
597 631 32
1064 1123 14
475 523 20
288 388 31
1093 1217 14
175 197 44
596 652 44
993 1025 16
454 512 23
236 371 11
20 86 42
80 209 43
98 149 41
415 524 36
822 923 19
1320 1359 32
327 360 44
146 263 27
1312 1407 15
1055 1132 34
67 94 37
344 397 12
678 700 49
1343 1394 33
669 814 32
1224 1265 33
1278 1309 32
412 479 33
665 702 29
1260 1324 29
1073 1096 28
1092 1166 50
845 929 42
1101 1175 26
582 706 15
905 992 15
951 1005 34
744 875 50
1364 1410 11
588 699 45
895 995 33
30 131 45
659 707 27
44 127 11
894 933 47
981 1044 44
374 468 31
105 154 32
444 535 11
1061 1210 22
84 209 26
1081 1163 10
908 938 49
412 432 25
1105 1127 33
1277 1323 47
423 562 24
845 888 24
816 901 41
801 882 32
106 234 11
412 518 27
582 609 48
1292 1343 11
801 903 25
711 754 47
71 218 13
70 205 21
161 260 18
464 546 42
233 292 49
1280 1391 14
876 945 48
477 553 11
347 415 38
607 668 13
290 412 44
962 1090 23
447 570 37
1121 1236 20
684 818 37
227 322 20
213 266 27
14 86 47
1098 1129 22
1274 1344 10
584 672 43
1197 1249 47
860 980 35
704 829 14
20 106 17
843 894 40
151 279 18
57 141 16
164 277 38
1380 1434 50
1288 1410 19
612 739 50
1027 1148 25
330 422 47
1086 1186 30
909 959 38
1106 1171 11
395 533 14
1097 1149 26
494 542 25
1212 1315 10
1263 1316 30
1301 1404 27
1052 1091 29
548 637 40
760 889 50
755 778 44
87 142 50
881 957 36
1353 1420 50
500 554 26
268 343 15
340 381 41
765 912 12
402 482 33
348 438 31
963 1020 20
68 99 33
655 772 49
741 764 12
180 300 43
96 151 45
675 771 45
1199 1314 12
55 136 29
1326 1402 47
603 625 18
138 240 35
700 765 49
520 611 14
1219 1330 31
846 994 19
220 313 28
78 158 30
133 261 50
236 279 24
215 325 10
897 971 17
93 125 40
1027 1076 29
126 222 34
424 505 35
747 879 39
211 325 24
545 590 14
938 1063 36
1282 1344 29
194 303 17
193 218 43
58 138 48
549 689 23
503 646 18
1094 1233 48
132 260 37
1113 1153 10
834 936 10
1063 1160 14
328 461 40
738 834 27
841 901 11
575 671 50
1287 1358 19
120 245 22
962 1070 32
848 977 16
418 440 20
121 247 26
520 549 34
515 607 47
754 824 45
447 555 31
923 949 40
145 265 10
1184 1252 45
741 884 47
405 439 11
201 236 46
397 447 40
362 481 31
1019 1091 44
216 318 24
1163 1265 50
833 853 11
602 649 32
261 377 10
851 989 25
1234 1349 43
