-0,094545 2,445446
-1,747962 1,950733
5,206956 6,792227
2,856963 7,953946
4,549397 7,796719
-1,295348 2,591891
-0,647291 1,685337
-0,340245 2,387058
3,035415 9,006966
-0,056914 1,843525
-1,274933 1,677183
-0,026528 2,121767
-0,540758 2,014300
-0,833830 1,857486
-0,630348 2,073919
4,282532 8,742947
-1,388631 2,704939
-1,106450 1,619530
-1,453005 1,916974
3,542498 7,551867
-0,663909 2,184391
4,079681 8,635329
-1,214226 1,755690
-0,848190 3,010515
-0,317108 1,993179
-0,235673 0,849766
2,856223 8,203955
4,683671 8,517910
-1,450264 2,843488
3,936445 7,734584
3,768407 7,843991
4,075938 8,141050
-0,807334 2,251792
-1,138838 1,399057
3,706689 7,791299
-0,203881 1,123279
-0,522594 2,310141
-1,290002 1,653009
-1,258762 2,305549
3,383996 7,383506
3,700657 7,640122
-1,006481 2,950454
3,288665 7,884991
-1,322464 1,691055
-1,803592 1,381318
0,465295 1,818131
3,487261 7,177012
4,172813 8,211976
-0,575693 2,299415
0,048188 2,411602
-0,362039 1,279758
4,344244 7,876094
-1,003424 0,730646
-0,574782 2,253300
-1,751188 2,539761
-0,083556 2,671719
-1,167196 1,175117
3,581116 7,905644
4,073173 7,261241
3,818805 9,250468
3,321964 9,139271
4,128138 7,506021
4,331363 7,064191
-1,013682 1,670455
-0,797784 1,804334
-0,715674 1,807513
-0,422228 2,253000
-0,913382 1,450207
3,422387 7,399838
-0,748959 1,210490
-0,467308 2,093673
-0,838571 2,081234
-1,106508 1,791248
3,859173 7,847745
-0,123247 2,162354
-1,335413 1,959677
5,094849 8,280475
-0,848811 2,537335
3,385042 7,566086
-1,156653 1,520882
4,721304 7,597366
4,683120 8,318686
3,667864 7,617232
-0,194696 0,573149
3,306500 8,682559
5,209883 7,004374
4,112214 8,735552
0,329980 1,523045
3,544856 8,210212
3,357381 7,335261
0,591205 1,775350
4,821726 7,550742
-1,767025 1,978256
-1,355647 3,106126
-0,529905 2,154840
-0,047591 2,431871
4,956755 7,839390
-0,753862 2,597977
4,845649 8,142442
-0,766883 1,370298
-0,473554 1,024967
-0,078791 1,693248
-0,900795 2,509088
-1,131167 1,501161
4,477931 8,137569
-0,310651 1,784544
-0,662003 1,881867
3,653801 8,453678
4,432560 7,086323
4,507634 7,921609
0,643360 1,517502
-0,847075 2,582903
3,763869 8,617685
0,028086 1,693464
-0,832473 0,866549
-0,783863 1,814478
-0,852091 2,019642
4,102896 7,951579
4,558846 8,069326
4,144060 8,228136
3,870825 7,714452
0,075152 2,349433
-0,703293 1,374123
4,819677 7,343857
-0,038912 2,811516
